#<header> v1.0 12 32 </header>
0 0
1 0
2 0
3 0
4 0
5 0
6 0
7 0
8 0
9 0
10 0
11 0
12 0
13 0
14 0
15 0
16 0
17 0
18 0
19 0
20 0
21 4
22 2
23 2
24 0
25 4
26 2
27 2
28 0
29 0
30 0
31 0
32 0
33 0
34 0
35 0
36 0
37 6
38 6
39 6
40 0
41 6
42 4
43 2
44 0
45 0
46 4
47 2
48 0
49 0
50 0
51 0
52 0
53 9
54 0
55 0
56 0
57 8
58 6
59 6
60 0
61 8
62 6
63 4
64 0
65 0
66 0
67 0
68 0
69 6
70 6
71 6
72 0
73 6
74 4
75 2
76 0
77 0
78 4
79 2
80 0
81 6
82 2
83 2
84 2
85 6
86 6
87 6
88 2
89 6
90 4
91 2
92 0
93 6
94 4
95 2
96 0
97 6
98 4
99 2
100 6
101 6
102 6
103 6
104 2
105 6
106 4
107 2
108 2
109 2
110 4
111 2
112 0
113 0
114 0
115 4
116 0
117 6
118 6
119 6
120 0
121 6
122 4
123 2
124 2
125 2
126 4
127 2
128 0
129 0
130 0
131 0
132 0
133 6
134 6
135 6
136 0
137 6
138 6
139 2
140 0
141 8
142 6
143 2
144 0
145 0
146 0
147 0
148 0
149 6
150 6
151 6
152 0
153 6
154 6
155 2
156 0
157 8
158 6
159 2
160 0
161 6
162 6
163 2
164 6
165 6
166 6
167 6
168 2
169 6
170 6
171 2
172 2
173 2
174 2
175 2
176 0
177 8
178 6
179 4
180 0
181 6
182 6
183 6
184 6
185 6
186 6
187 2
188 2
189 8
190 6
191 2
192 0
193 0
194 0
195 0
196 0
197 9
198 0
199 0
200 0
201 8
202 6
203 6
204 0
205 8
206 6
207 6
208 0
209 0
210 0
211 0
212 0
213 9
214 2
215 2
216 0
217 8
218 6
219 6
220 0
221 8
222 6
223 6
224 0
225 0
226 0
227 0
228 7
229 6
230 6
231 6
232 0
233 6
234 4
235 2
236 0
237 8
238 4
239 2
240 0
241 8
242 6
243 6
244 3
245 9
246 3
247 3
248 6
249 8
250 6
251 6
252 2
253 8
254 6
255 6
256 0
257 0
258 0
259 0
260 0
261 6
262 6
263 6
264 0
265 6
266 4
267 2
268 0
269 0
270 4
271 2
272 0
273 6
274 6
275 0
276 6
277 6
278 6
279 6
280 0
281 6
282 4
283 2
284 0
285 6
286 4
287 2
288 0
289 6
290 4
291 2
292 6
293 6
294 6
295 6
296 2
297 6
298 4
299 2
300 2
301 2
302 4
303 2
304 0
305 0
306 0
307 4
308 0
309 6
310 6
311 6
312 0
313 6
314 4
315 2
316 2
317 2
318 4
319 2
320 0
321 6
322 4
323 2
324 6
325 6
326 6
327 6
328 2
329 6
330 4
331 2
332 2
333 2
334 4
335 2
336 6
337 6
338 4
339 2
340 6
341 6
342 6
343 6
344 2
345 6
346 4
347 2
348 2
349 2
350 4
351 2
352 2
353 6
354 4
355 2
356 6
357 6
358 6
359 6
360 2
361 6
362 4
363 2
364 2
365 2
366 4
367 2
368 2
369 6
370 4
371 2
372 6
373 6
374 6
375 6
376 2
377 6
378 4
379 2
380 2
381 2
382 4
383 2
384 0
385 6
386 6
387 2
388 6
389 6
390 6
391 6
392 2
393 6
394 6
395 2
396 2
397 2
398 2
399 2
400 0
401 6
402 6
403 2
404 6
405 6
406 6
407 6
408 2
409 6
410 6
411 2
412 2
413 2
414 2
415 2
416 2
417 6
418 6
419 2
420 6
421 6
422 6
423 6
424 2
425 6
426 6
427 2
428 2
429 2
430 2
431 2
432 2
433 6
434 6
435 2
436 6
437 6
438 6
439 6
440 2
441 6
442 6
443 2
444 2
445 2
446 2
447 2
448 0
449 0
450 0
451 0
452 0
453 6
454 6
455 6
456 0
457 6
458 4
459 2
460 2
461 2
462 4
463 2
464 0
465 6
466 6
467 0
468 6
469 6
470 6
471 6
472 0
473 6
474 4
475 2
476 2
477 2
478 4
479 2
480 0
481 6
482 4
483 2
484 6
485 6
486 6
487 6
488 2
489 6
490 4
491 2
492 2
493 2
494 4
495 2
496 2
497 2
498 2
499 2
500 2
501 6
502 6
503 6
504 2
505 6
506 4
507 2
508 2
509 2
510 4
511 2
512 0
513 0
514 0
515 0
516 0
517 6
518 6
519 6
520 0
521 6
522 6
523 6
524 0
525 8
526 6
527 4
528 0
529 8
530 0
531 0
532 8
533 6
534 6
535 6
536 0
537 6
538 6
539 6
540 0
541 8
542 6
543 4
544 0
545 6
546 6
547 6
548 6
549 6
550 6
551 6
552 6
553 6
554 6
555 6
556 0
557 6
558 4
559 2
560 0
561 8
562 6
563 4
564 0
565 6
566 6
567 6
568 6
569 6
570 6
571 6
572 2
573 8
574 6
575 4
576 0
577 6
578 6
579 6
580 6
581 6
582 6
583 6
584 6
585 6
586 6
587 6
588 2
589 6
590 4
591 2
592 8
593 6
594 6
595 6
596 6
597 6
598 6
599 6
600 6
601 6
602 6
603 6
604 2
605 6
606 4
607 2
608 6
609 6
610 6
611 6
612 6
613 6
614 6
615 6
616 6
617 6
618 6
619 6
620 2
621 6
622 4
623 2
624 2
625 6
626 6
627 6
628 6
629 6
630 6
631 6
632 6
633 6
634 6
635 6
636 2
637 6
638 4
639 2
640 0
641 6
642 6
643 6
644 6
645 6
646 6
647 6
648 6
649 6
650 6
651 6
652 2
653 6
654 6
655 2
656 9
657 6
658 6
659 6
660 6
661 6
662 6
663 6
664 6
665 6
666 6
667 6
668 2
669 6
670 6
671 2
672 6
673 6
674 6
675 6
676 6
677 6
678 6
679 6
680 6
681 6
682 6
683 6
684 2
685 6
686 6
687 2
688 2
689 6
690 6
691 6
692 6
693 6
694 6
695 6
696 6
697 6
698 6
699 6
700 2
701 6
702 6
703 2
704 0
705 8
706 6
707 6
708 0
709 6
710 6
711 6
712 6
713 6
714 6
715 6
716 2
717 8
718 6
719 6
720 0
721 8
722 6
723 6
724 8
725 6
726 6
727 6
728 6
729 6
730 6
731 6
732 2
733 8
734 6
735 6
736 0
737 6
738 6
739 6
740 6
741 6
742 6
743 6
744 6
745 6
746 6
747 6
748 2
749 6
750 4
751 2
752 2
753 8
754 6
755 6
756 2
757 6
758 6
759 6
760 6
761 6
762 6
763 6
764 2
765 8
766 6
767 6
768 0
769 0
770 0
771 0
772 0
773 8
774 8
775 0
776 0
777 8
778 8
779 6
780 0
781 8
782 6
783 6
784 0
785 0
786 0
787 0
788 0
789 8
790 8
791 2
792 0
793 8
794 8
795 6
796 0
797 8
798 6
799 6
800 0
801 8
802 8
803 0
804 8
805 8
806 8
807 6
808 8
809 8
810 8
811 2
812 0
813 8
814 4
815 2
816 0
817 8
818 6
819 6
820 0
821 8
822 8
823 6
824 6
825 8
826 8
827 6
828 6
829 8
830 6
831 6
832 0
833 8
834 8
835 0
836 8
837 8
838 8
839 6
840 8
841 8
842 8
843 2
844 0
845 8
846 4
847 2
848 7
849 8
850 8
851 2
852 8
853 8
854 8
855 6
856 8
857 8
858 8
859 2
860 7
861 8
862 4
863 2
864 8
865 8
866 8
867 2
868 8
869 8
870 8
871 6
872 8
873 8
874 8
875 2
876 2
877 8
878 4
879 2
880 0
881 8
882 8
883 4
884 8
885 8
886 8
887 6
888 8
889 8
890 8
891 2
892 2
893 8
894 4
895 2
896 0
897 8
898 8
899 6
900 8
901 8
902 8
903 6
904 8
905 8
906 8
907 2
908 6
909 8
910 8
911 2
912 7
913 8
914 8
915 6
916 8
917 8
918 8
919 6
920 8
921 8
922 8
923 2
924 6
925 8
926 8
927 2
928 8
929 8
930 8
931 2
932 8
933 8
934 8
935 6
936 8
937 8
938 8
939 2
940 2
941 8
942 8
943 2
944 6
945 8
946 8
947 6
948 8
949 8
950 8
951 6
952 8
953 8
954 8
955 2
956 6
957 8
958 8
959 2
960 0
961 8
962 6
963 6
964 9
965 8
966 8
967 9
968 6
969 8
970 8
971 6
972 6
973 8
974 6
975 6
976 0
977 8
978 6
979 6
980 9
981 8
982 8
983 9
984 6
985 8
986 8
987 6
988 6
989 8
990 6
991 6
992 9
993 8
994 8
995 9
996 9
997 8
998 8
999 9
1000 8
1001 8
1002 8
1003 2
1004 9
1005 8
1006 4
1007 2
1008 6
1009 8
1010 6
1011 6
1012 9
1013 8
1014 8
1015 9
1016 6
1017 8
1018 8
1019 6
1020 6
1021 8
1022 6
1023 6
1024 0
1025 0
1026 0
1027 0
1028 0
1029 6
1030 6
1031 6
1032 0
1033 6
1034 4
1035 2
1036 0
1037 0
1038 4
1039 2
1040 0
1041 4
1042 4
1043 4
1044 4
1045 6
1046 6
1047 6
1048 4
1049 6
1050 4
1051 2
1052 0
1053 4
1054 4
1055 2
1056 0
1057 6
1058 4
1059 2
1060 6
1061 6
1062 6
1063 6
1064 2
1065 6
1066 4
1067 2
1068 2
1069 2
1070 4
1071 2
1072 0
1073 0
1074 0
1075 4
1076 0
1077 6
1078 6
1079 6
1080 0
1081 6
1082 4
1083 2
1084 2
1085 2
1086 4
1087 2
1088 0
1089 6
1090 4
1091 2
1092 6
1093 6
1094 6
1095 6
1096 2
1097 6
1098 4
1099 2
1100 2
1101 2
1102 4
1103 2
1104 6
1105 6
1106 4
1107 2
1108 6
1109 6
1110 6
1111 6
1112 2
1113 6
1114 4
1115 2
1116 2
1117 2
1118 4
1119 2
1120 2
1121 6
1122 4
1123 2
1124 6
1125 6
1126 6
1127 6
1128 2
1129 6
1130 4
1131 2
1132 2
1133 2
1134 4
1135 2
1136 2
1137 6
1138 4
1139 2
1140 6
1141 6
1142 6
1143 6
1144 2
1145 6
1146 4
1147 2
1148 2
1149 2
1150 4
1151 2
1152 0
1153 6
1154 6
1155 2
1156 6
1157 6
1158 6
1159 6
1160 2
1161 6
1162 6
1163 2
1164 2
1165 2
1166 2
1167 2
1168 0
1169 6
1170 6
1171 2
1172 6
1173 6
1174 6
1175 6
1176 2
1177 6
1178 6
1179 2
1180 2
1181 2
1182 2
1183 2
1184 2
1185 6
1186 6
1187 2
1188 6
1189 6
1190 6
1191 6
1192 2
1193 6
1194 6
1195 2
1196 2
1197 2
1198 2
1199 2
1200 2
1201 6
1202 6
1203 2
1204 6
1205 6
1206 6
1207 6
1208 2
1209 6
1210 6
1211 2
1212 2
1213 2
1214 2
1215 2
1216 0
1217 0
1218 0
1219 0
1220 0
1221 6
1222 6
1223 6
1224 0
1225 6
1226 4
1227 2
1228 2
1229 2
1230 4
1231 2
1232 0
1233 4
1234 4
1235 4
1236 4
1237 6
1238 6
1239 6
1240 4
1241 6
1242 4
1243 2
1244 2
1245 2
1246 4
1247 2
1248 0
1249 6
1250 4
1251 2
1252 6
1253 6
1254 6
1255 6
1256 2
1257 6
1258 4
1259 2
1260 2
1261 2
1262 4
1263 2
1264 2
1265 2
1266 2
1267 2
1268 2
1269 6
1270 6
1271 6
1272 2
1273 6
1274 4
1275 2
1276 2
1277 2
1278 4
1279 2
1280 0
1281 6
1282 4
1283 2
1284 6
1285 6
1286 6
1287 6
1288 2
1289 6
1290 4
1291 2
1292 2
1293 2
1294 4
1295 2
1296 6
1297 6
1298 4
1299 2
1300 6
1301 6
1302 6
1303 6
1304 2
1305 6
1306 4
1307 2
1308 2
1309 2
1310 4
1311 2
1312 2
1313 6
1314 4
1315 2
1316 6
1317 6
1318 6
1319 6
1320 2
1321 6
1322 4
1323 2
1324 2
1325 2
1326 4
1327 2
1328 2
1329 6
1330 4
1331 2
1332 6
1333 6
1334 6
1335 6
1336 2
1337 6
1338 4
1339 2
1340 2
1341 2
1342 4
1343 2
1344 2
1345 6
1346 4
1347 2
1348 6
1349 6
1350 6
1351 6
1352 2
1353 6
1354 4
1355 2
1356 2
1357 2
1358 4
1359 2
1360 2
1361 6
1362 4
1363 2
1364 6
1365 6
1366 6
1367 6
1368 2
1369 6
1370 4
1371 2
1372 2
1373 2
1374 4
1375 2
1376 2
1377 6
1378 4
1379 2
1380 6
1381 6
1382 6
1383 6
1384 2
1385 6
1386 4
1387 2
1388 2
1389 2
1390 4
1391 2
1392 2
1393 6
1394 4
1395 2
1396 6
1397 6
1398 6
1399 6
1400 2
1401 6
1402 4
1403 2
1404 2
1405 2
1406 4
1407 2
1408 2
1409 6
1410 6
1411 2
1412 6
1413 6
1414 6
1415 6
1416 2
1417 6
1418 6
1419 2
1420 2
1421 2
1422 2
1423 2
1424 2
1425 6
1426 6
1427 2
1428 6
1429 6
1430 6
1431 6
1432 2
1433 6
1434 6
1435 2
1436 2
1437 2
1438 2
1439 2
1440 2
1441 6
1442 6
1443 2
1444 6
1445 6
1446 6
1447 6
1448 2
1449 6
1450 6
1451 2
1452 2
1453 2
1454 2
1455 2
1456 2
1457 6
1458 6
1459 2
1460 6
1461 6
1462 6
1463 6
1464 2
1465 6
1466 6
1467 2
1468 2
1469 2
1470 2
1471 2
1472 2
1473 6
1474 4
1475 2
1476 6
1477 6
1478 6
1479 6
1480 2
1481 6
1482 4
1483 2
1484 2
1485 2
1486 4
1487 2
1488 2
1489 6
1490 4
1491 2
1492 6
1493 6
1494 6
1495 6
1496 2
1497 6
1498 4
1499 2
1500 2
1501 2
1502 4
1503 2
1504 2
1505 6
1506 4
1507 2
1508 6
1509 6
1510 6
1511 6
1512 2
1513 6
1514 4
1515 2
1516 2
1517 2
1518 4
1519 2
1520 2
1521 6
1522 4
1523 2
1524 6
1525 6
1526 6
1527 6
1528 2
1529 6
1530 4
1531 2
1532 2
1533 2
1534 4
1535 2
1536 0
1537 6
1538 6
1539 6
1540 6
1541 6
1542 6
1543 6
1544 6
1545 6
1546 6
1547 6
1548 2
1549 6
1550 4
1551 2
1552 8
1553 6
1554 6
1555 6
1556 6
1557 6
1558 6
1559 6
1560 6
1561 6
1562 6
1563 6
1564 2
1565 6
1566 4
1567 2
1568 6
1569 6
1570 6
1571 6
1572 6
1573 6
1574 6
1575 6
1576 6
1577 6
1578 6
1579 6
1580 2
1581 6
1582 4
1583 2
1584 2
1585 6
1586 6
1587 6
1588 6
1589 6
1590 6
1591 6
1592 6
1593 6
1594 6
1595 6
1596 2
1597 6
1598 4
1599 2
1600 6
1601 6
1602 6
1603 6
1604 6
1605 6
1606 6
1607 6
1608 6
1609 6
1610 6
1611 6
1612 2
1613 6
1614 4
1615 2
1616 6
1617 6
1618 6
1619 6
1620 6
1621 6
1622 6
1623 6
1624 6
1625 6
1626 6
1627 6
1628 2
1629 6
1630 4
1631 2
1632 6
1633 6
1634 6
1635 6
1636 6
1637 6
1638 6
1639 6
1640 6
1641 6
1642 6
1643 6
1644 2
1645 6
1646 4
1647 2
1648 6
1649 6
1650 6
1651 6
1652 6
1653 6
1654 6
1655 6
1656 6
1657 6
1658 6
1659 6
1660 2
1661 6
1662 4
1663 2
1664 6
1665 6
1666 6
1667 6
1668 6
1669 6
1670 6
1671 6
1672 6
1673 6
1674 6
1675 6
1676 2
1677 6
1678 6
1679 2
1680 6
1681 6
1682 6
1683 6
1684 6
1685 6
1686 6
1687 6
1688 6
1689 6
1690 6
1691 6
1692 2
1693 6
1694 6
1695 2
1696 6
1697 6
1698 6
1699 6
1700 6
1701 6
1702 6
1703 6
1704 6
1705 6
1706 6
1707 6
1708 2
1709 6
1710 6
1711 2
1712 6
1713 6
1714 6
1715 6
1716 6
1717 6
1718 6
1719 6
1720 6
1721 6
1722 6
1723 6
1724 2
1725 6
1726 6
1727 2
1728 2
1729 6
1730 6
1731 6
1732 6
1733 6
1734 6
1735 6
1736 6
1737 6
1738 6
1739 6
1740 2
1741 6
1742 4
1743 2
1744 2
1745 6
1746 6
1747 6
1748 6
1749 6
1750 6
1751 6
1752 6
1753 6
1754 6
1755 6
1756 2
1757 6
1758 4
1759 2
1760 6
1761 6
1762 6
1763 6
1764 6
1765 6
1766 6
1767 6
1768 6
1769 6
1770 6
1771 6
1772 2
1773 6
1774 4
1775 2
1776 2
1777 6
1778 6
1779 6
1780 6
1781 6
1782 6
1783 6
1784 6
1785 6
1786 6
1787 6
1788 2
1789 6
1790 4
1791 2
1792 0
1793 0
1794 0
1795 0
1796 0
1797 6
1798 6
1799 6
1800 0
1801 6
1802 4
1803 2
1804 0
1805 8
1806 4
1807 2
1808 0
1809 4
1810 4
1811 4
1812 4
1813 6
1814 6
1815 6
1816 4
1817 6
1818 4
1819 2
1820 0
1821 8
1822 4
1823 2
1824 0
1825 6
1826 4
1827 2
1828 6
1829 6
1830 6
1831 6
1832 2
1833 6
1834 4
1835 2
1836 2
1837 2
1838 4
1839 2
1840 0
1841 8
1842 6
1843 4
1844 0
1845 6
1846 6
1847 6
1848 6
1849 6
1850 4
1851 2
1852 2
1853 8
1854 4
1855 2
1856 0
1857 6
1858 4
1859 2
1860 6
1861 6
1862 6
1863 6
1864 2
1865 6
1866 4
1867 2
1868 2
1869 2
1870 4
1871 2
1872 6
1873 6
1874 4
1875 2
1876 6
1877 6
1878 6
1879 6
1880 2
1881 6
1882 4
1883 2
1884 2
1885 2
1886 4
1887 2
1888 2
1889 6
1890 4
1891 2
1892 6
1893 6
1894 6
1895 6
1896 2
1897 6
1898 4
1899 2
1900 2
1901 2
1902 4
1903 2
1904 2
1905 6
1906 4
1907 2
1908 6
1909 6
1910 6
1911 6
1912 2
1913 6
1914 4
1915 2
1916 2
1917 2
1918 4
1919 2
1920 0
1921 6
1922 6
1923 2
1924 6
1925 6
1926 6
1927 6
1928 2
1929 6
1930 6
1931 2
1932 2
1933 2
1934 2
1935 2
1936 7
1937 6
1938 6
1939 2
1940 6
1941 6
1942 6
1943 6
1944 2
1945 6
1946 6
1947 2
1948 2
1949 2
1950 2
1951 2
1952 2
1953 6
1954 6
1955 2
1956 6
1957 6
1958 6
1959 6
1960 2
1961 6
1962 6
1963 2
1964 2
1965 2
1966 2
1967 2
1968 2
1969 6
1970 6
1971 2
1972 6
1973 6
1974 6
1975 6
1976 2
1977 6
1978 6
1979 2
1980 2
1981 2
1982 2
1983 2
1984 0
1985 8
1986 6
1987 6
1988 9
1989 6
1990 6
1991 6
1992 6
1993 6
1994 4
1995 2
1996 2
1997 8
1998 4
1999 2
2000 0
2001 8
2002 6
2003 6
2004 9
2005 6
2006 6
2007 6
2008 6
2009 6
2010 4
2011 2
2012 2
2013 8
2014 4
2015 2
2016 9
2017 6
2018 4
2019 2
2020 9
2021 6
2022 6
2023 6
2024 2
2025 6
2026 4
2027 2
2028 2
2029 2
2030 4
2031 2
2032 2
2033 8
2034 6
2035 6
2036 9
2037 6
2038 6
2039 6
2040 6
2041 6
2042 4
2043 2
2044 2
2045 8
2046 4
2047 2
2048 0
2049 0
2050 0
2051 0
2052 0
2053 6
2054 6
2055 6
2056 0
2057 6
2058 4
2059 4
2060 0
2061 0
2062 4
2063 4
2064 0
2065 6
2066 6
2067 0
2068 6
2069 6
2070 6
2071 6
2072 0
2073 6
2074 4
2075 4
2076 0
2077 6
2078 4
2079 4
2080 0
2081 6
2082 4
2083 4
2084 6
2085 6
2086 6
2087 6
2088 4
2089 6
2090 4
2091 4
2092 4
2093 4
2094 4
2095 4
2096 0
2097 0
2098 6
2099 4
2100 0
2101 6
2102 6
2103 6
2104 6
2105 6
2106 4
2107 4
2108 2
2109 2
2110 4
2111 4
2112 0
2113 6
2114 4
2115 4
2116 6
2117 6
2118 6
2119 6
2120 4
2121 6
2122 4
2123 4
2124 4
2125 4
2126 4
2127 4
2128 6
2129 6
2130 4
2131 4
2132 6
2133 6
2134 6
2135 6
2136 4
2137 6
2138 4
2139 4
2140 4
2141 4
2142 4
2143 4
2144 4
2145 6
2146 4
2147 4
2148 6
2149 6
2150 6
2151 6
2152 4
2153 6
2154 4
2155 4
2156 4
2157 4
2158 4
2159 4
2160 2
2161 6
2162 4
2163 4
2164 6
2165 6
2166 6
2167 6
2168 4
2169 6
2170 4
2171 4
2172 4
2173 4
2174 4
2175 4
2176 0
2177 6
2178 6
2179 6
2180 6
2181 6
2182 6
2183 6
2184 6
2185 6
2186 6
2187 6
2188 2
2189 6
2190 4
2191 2
2192 0
2193 6
2194 6
2195 6
2196 6
2197 6
2198 6
2199 6
2200 6
2201 6
2202 6
2203 6
2204 2
2205 6
2206 4
2207 2
2208 6
2209 6
2210 6
2211 6
2212 6
2213 6
2214 6
2215 6
2216 6
2217 6
2218 6
2219 6
2220 2
2221 6
2222 4
2223 2
2224 2
2225 6
2226 6
2227 6
2228 6
2229 6
2230 6
2231 6
2232 6
2233 6
2234 6
2235 6
2236 2
2237 6
2238 4
2239 2
2240 0
2241 0
2242 6
2243 6
2244 0
2245 6
2246 6
2247 6
2248 6
2249 6
2250 4
2251 4
2252 2
2253 2
2254 4
2255 4
2256 0
2257 6
2258 6
2259 6
2260 6
2261 6
2262 6
2263 6
2264 6
2265 6
2266 4
2267 4
2268 2
2269 2
2270 4
2271 4
2272 0
2273 6
2274 4
2275 4
2276 6
2277 6
2278 6
2279 6
2280 4
2281 6
2282 4
2283 4
2284 4
2285 4
2286 4
2287 4
2288 2
2289 2
2290 6
2291 6
2292 2
2293 6
2294 6
2295 6
2296 6
2297 6
2298 4
2299 4
2300 2
2301 2
2302 4
2303 4
2304 0
2305 6
2306 4
2307 4
2308 6
2309 6
2310 6
2311 6
2312 4
2313 6
2314 4
2315 4
2316 4
2317 4
2318 4
2319 4
2320 6
2321 6
2322 4
2323 4
2324 6
2325 6
2326 6
2327 6
2328 4
2329 6
2330 4
2331 4
2332 4
2333 4
2334 4
2335 4
2336 4
2337 6
2338 4
2339 4
2340 6
2341 6
2342 6
2343 6
2344 4
2345 6
2346 4
2347 4
2348 4
2349 4
2350 4
2351 4
2352 2
2353 6
2354 4
2355 4
2356 6
2357 6
2358 6
2359 6
2360 4
2361 6
2362 4
2363 4
2364 4
2365 4
2366 4
2367 4
2368 4
2369 6
2370 4
2371 4
2372 6
2373 6
2374 6
2375 6
2376 4
2377 6
2378 4
2379 4
2380 4
2381 4
2382 4
2383 4
2384 4
2385 6
2386 4
2387 4
2388 6
2389 6
2390 6
2391 6
2392 4
2393 6
2394 4
2395 4
2396 4
2397 4
2398 4
2399 4
2400 4
2401 6
2402 4
2403 4
2404 6
2405 6
2406 6
2407 6
2408 4
2409 6
2410 4
2411 4
2412 4
2413 4
2414 4
2415 4
2416 4
2417 6
2418 4
2419 4
2420 6
2421 6
2422 6
2423 6
2424 4
2425 6
2426 4
2427 4
2428 4
2429 4
2430 4
2431 4
2432 6
2433 6
2434 6
2435 6
2436 6
2437 6
2438 6
2439 6
2440 6
2441 6
2442 6
2443 6
2444 2
2445 6
2446 4
2447 2
2448 6
2449 6
2450 6
2451 6
2452 6
2453 6
2454 6
2455 6
2456 6
2457 6
2458 6
2459 6
2460 2
2461 6
2462 4
2463 2
2464 6
2465 6
2466 6
2467 6
2468 6
2469 6
2470 6
2471 6
2472 6
2473 6
2474 6
2475 6
2476 2
2477 6
2478 4
2479 2
2480 6
2481 6
2482 6
2483 6
2484 6
2485 6
2486 6
2487 6
2488 6
2489 6
2490 6
2491 6
2492 2
2493 6
2494 4
2495 2
2496 2
2497 6
2498 4
2499 4
2500 6
2501 6
2502 6
2503 6
2504 4
2505 6
2506 4
2507 4
2508 4
2509 4
2510 4
2511 4
2512 2
2513 6
2514 4
2515 4
2516 6
2517 6
2518 6
2519 6
2520 4
2521 6
2522 4
2523 4
2524 4
2525 4
2526 4
2527 4
2528 4
2529 6
2530 4
2531 4
2532 6
2533 6
2534 6
2535 6
2536 4
2537 6
2538 4
2539 4
2540 4
2541 4
2542 4
2543 4
2544 2
2545 6
2546 4
2547 4
2548 6
2549 6
2550 6
2551 6
2552 4
2553 6
2554 4
2555 4
2556 4
2557 4
2558 4
2559 4
2560 0
2561 6
2562 6
2563 6
2564 6
2565 6
2566 6
2567 6
2568 6
2569 6
2570 6
2571 6
2572 2
2573 6
2574 4
2575 4
2576 8
2577 6
2578 6
2579 6
2580 6
2581 6
2582 6
2583 6
2584 6
2585 6
2586 6
2587 6
2588 2
2589 6
2590 4
2591 4
2592 6
2593 6
2594 6
2595 6
2596 6
2597 6
2598 6
2599 6
2600 6
2601 6
2602 6
2603 6
2604 4
2605 6
2606 4
2607 4
2608 2
2609 6
2610 6
2611 6
2612 6
2613 6
2614 6
2615 6
2616 6
2617 6
2618 6
2619 6
2620 2
2621 6
2622 4
2623 4
2624 6
2625 6
2626 6
2627 6
2628 6
2629 6
2630 6
2631 6
2632 6
2633 6
2634 6
2635 6
2636 4
2637 6
2638 4
2639 4
2640 6
2641 6
2642 6
2643 6
2644 6
2645 6
2646 6
2647 6
2648 6
2649 6
2650 6
2651 6
2652 4
2653 6
2654 4
2655 4
2656 6
2657 6
2658 6
2659 6
2660 6
2661 6
2662 6
2663 6
2664 6
2665 6
2666 6
2667 6
2668 4
2669 6
2670 4
2671 4
2672 6
2673 6
2674 6
2675 6
2676 6
2677 6
2678 6
2679 6
2680 6
2681 6
2682 6
2683 6
2684 4
2685 6
2686 4
2687 4
2688 6
2689 6
2690 6
2691 6
2692 6
2693 6
2694 6
2695 6
2696 6
2697 6
2698 6
2699 6
2700 6
2701 6
2702 6
2703 6
2704 6
2705 6
2706 6
2707 6
2708 6
2709 6
2710 6
2711 6
2712 6
2713 6
2714 6
2715 6
2716 6
2717 6
2718 6
2719 6
2720 6
2721 6
2722 6
2723 6
2724 6
2725 6
2726 6
2727 6
2728 6
2729 6
2730 6
2731 6
2732 6
2733 6
2734 6
2735 6
2736 6
2737 6
2738 6
2739 6
2740 6
2741 6
2742 6
2743 6
2744 6
2745 6
2746 6
2747 6
2748 6
2749 6
2750 6
2751 6
2752 2
2753 6
2754 6
2755 6
2756 6
2757 6
2758 6
2759 6
2760 6
2761 6
2762 6
2763 6
2764 2
2765 6
2766 4
2767 4
2768 2
2769 6
2770 6
2771 6
2772 6
2773 6
2774 6
2775 6
2776 6
2777 6
2778 6
2779 6
2780 2
2781 6
2782 4
2783 4
2784 6
2785 6
2786 6
2787 6
2788 6
2789 6
2790 6
2791 6
2792 6
2793 6
2794 6
2795 6
2796 4
2797 6
2798 4
2799 4
2800 2
2801 6
2802 6
2803 6
2804 6
2805 6
2806 6
2807 6
2808 6
2809 6
2810 6
2811 6
2812 2
2813 6
2814 4
2815 4
2816 0
2817 8
2818 8
2819 6
2820 8
2821 8
2822 8
2823 6
2824 8
2825 8
2826 8
2827 4
2828 6
2829 8
2830 4
2831 4
2832 10
2833 8
2834 8
2835 6
2836 8
2837 8
2838 8
2839 6
2840 8
2841 8
2842 8
2843 4
2844 6
2845 8
2846 4
2847 4
2848 8
2849 8
2850 8
2851 4
2852 8
2853 8
2854 8
2855 6
2856 8
2857 8
2858 8
2859 4
2860 4
2861 8
2862 4
2863 4
2864 6
2865 8
2866 8
2867 6
2868 8
2869 8
2870 8
2871 6
2872 8
2873 8
2874 8
2875 4
2876 6
2877 8
2878 4
2879 4
2880 8
2881 8
2882 8
2883 4
2884 8
2885 8
2886 8
2887 6
2888 8
2889 8
2890 8
2891 4
2892 4
2893 8
2894 4
2895 4
2896 8
2897 8
2898 8
2899 4
2900 8
2901 8
2902 8
2903 6
2904 8
2905 8
2906 8
2907 4
2908 4
2909 8
2910 4
2911 4
2912 8
2913 8
2914 8
2915 4
2916 8
2917 8
2918 8
2919 6
2920 8
2921 8
2922 8
2923 4
2924 4
2925 8
2926 4
2927 4
2928 8
2929 8
2930 8
2931 4
2932 8
2933 8
2934 8
2935 6
2936 8
2937 8
2938 8
2939 4
2940 4
2941 8
2942 4
2943 4
2944 8
2945 8
2946 8
2947 6
2948 8
2949 8
2950 8
2951 6
2952 8
2953 8
2954 8
2955 6
2956 8
2957 8
2958 8
2959 2
2960 8
2961 8
2962 8
2963 6
2964 8
2965 8
2966 8
2967 6
2968 8
2969 8
2970 8
2971 6
2972 8
2973 8
2974 8
2975 2
2976 8
2977 8
2978 8
2979 6
2980 8
2981 8
2982 8
2983 6
2984 8
2985 8
2986 8
2987 6
2988 8
2989 8
2990 8
2991 2
2992 8
2993 8
2994 8
2995 6
2996 8
2997 8
2998 8
2999 6
3000 8
3001 8
3002 8
3003 6
3004 8
3005 8
3006 8
3007 2
3008 6
3009 8
3010 8
3011 6
3012 8
3013 8
3014 8
3015 6
3016 8
3017 8
3018 8
3019 4
3020 6
3021 8
3022 4
3023 4
3024 6
3025 8
3026 8
3027 6
3028 8
3029 8
3030 8
3031 6
3032 8
3033 8
3034 8
3035 4
3036 6
3037 8
3038 4
3039 4
3040 8
3041 8
3042 8
3043 4
3044 8
3045 8
3046 8
3047 6
3048 8
3049 8
3050 8
3051 4
3052 4
3053 8
3054 4
3055 4
3056 6
3057 8
3058 8
3059 6
3060 8
3061 8
3062 8
3063 6
3064 8
3065 8
3066 8
3067 4
3068 6
3069 8
3070 4
3071 4
3072 0
3073 0
3074 0
3075 0
3076 0
3077 6
3078 6
3079 6
3080 0
3081 6
3082 6
3083 6
3084 0
3085 8
3086 6
3087 4
3088 0
3089 8
3090 0
3091 0
3092 8
3093 6
3094 6
3095 6
3096 0
3097 6
3098 6
3099 6
3100 0
3101 8
3102 6
3103 4
3104 0
3105 6
3106 6
3107 6
3108 6
3109 6
3110 6
3111 6
3112 6
3113 6
3114 6
3115 6
3116 0
3117 6
3118 4
3119 2
3120 0
3121 8
3122 6
3123 4
3124 0
3125 6
3126 6
3127 6
3128 6
3129 6
3130 6
3131 6
3132 4
3133 8
3134 6
3135 4
3136 0
3137 6
3138 6
3139 6
3140 6
3141 6
3142 6
3143 6
3144 6
3145 6
3146 6
3147 6
3148 4
3149 6
3150 4
3151 2
3152 8
3153 6
3154 6
3155 6
3156 6
3157 6
3158 6
3159 6
3160 6
3161 6
3162 6
3163 6
3164 4
3165 6
3166 4
3167 2
3168 6
3169 6
3170 6
3171 6
3172 6
3173 6
3174 6
3175 6
3176 6
3177 6
3178 6
3179 6
3180 2
3181 6
3182 4
3183 2
3184 4
3185 6
3186 6
3187 6
3188 6
3189 6
3190 6
3191 6
3192 6
3193 6
3194 6
3195 6
3196 4
3197 6
3198 4
3199 2
3200 0
3201 6
3202 6
3203 6
3204 6
3205 6
3206 6
3207 6
3208 6
3209 6
3210 6
3211 6
3212 4
3213 6
3214 6
3215 2
3216 9
3217 6
3218 6
3219 6
3220 6
3221 6
3222 6
3223 6
3224 6
3225 6
3226 6
3227 6
3228 4
3229 6
3230 6
3231 2
3232 6
3233 6
3234 6
3235 6
3236 6
3237 6
3238 6
3239 6
3240 6
3241 6
3242 6
3243 6
3244 2
3245 6
3246 6
3247 2
3248 4
3249 6
3250 6
3251 6
3252 6
3253 6
3254 6
3255 6
3256 6
3257 6
3258 6
3259 6
3260 4
3261 6
3262 6
3263 2
3264 0
3265 8
3266 6
3267 6
3268 0
3269 6
3270 6
3271 6
3272 6
3273 6
3274 6
3275 6
3276 6
3277 8
3278 6
3279 6
3280 0
3281 8
3282 6
3283 6
3284 8
3285 6
3286 6
3287 6
3288 6
3289 6
3290 6
3291 6
3292 6
3293 8
3294 6
3295 6
3296 0
3297 6
3298 6
3299 6
3300 6
3301 6
3302 6
3303 6
3304 6
3305 6
3306 6
3307 6
3308 6
3309 6
3310 4
3311 2
3312 6
3313 8
3314 6
3315 6
3316 3
3317 6
3318 6
3319 6
3320 6
3321 6
3322 6
3323 6
3324 6
3325 8
3326 6
3327 6
3328 0
3329 6
3330 6
3331 6
3332 6
3333 6
3334 6
3335 6
3336 6
3337 6
3338 6
3339 6
3340 4
3341 6
3342 4
3343 2
3344 8
3345 6
3346 6
3347 6
3348 6
3349 6
3350 6
3351 6
3352 6
3353 6
3354 6
3355 6
3356 4
3357 6
3358 4
3359 2
3360 6
3361 6
3362 6
3363 6
3364 6
3365 6
3366 6
3367 6
3368 6
3369 6
3370 6
3371 6
3372 2
3373 6
3374 4
3375 2
3376 4
3377 6
3378 6
3379 6
3380 6
3381 6
3382 6
3383 6
3384 6
3385 6
3386 6
3387 6
3388 4
3389 6
3390 4
3391 2
3392 6
3393 6
3394 6
3395 6
3396 6
3397 6
3398 6
3399 6
3400 6
3401 6
3402 6
3403 6
3404 2
3405 6
3406 4
3407 2
3408 6
3409 6
3410 6
3411 6
3412 6
3413 6
3414 6
3415 6
3416 6
3417 6
3418 6
3419 6
3420 2
3421 6
3422 4
3423 2
3424 6
3425 6
3426 6
3427 6
3428 6
3429 6
3430 6
3431 6
3432 6
3433 6
3434 6
3435 6
3436 2
3437 6
3438 4
3439 2
3440 6
3441 6
3442 6
3443 6
3444 6
3445 6
3446 6
3447 6
3448 6
3449 6
3450 6
3451 6
3452 2
3453 6
3454 4
3455 2
3456 6
3457 6
3458 6
3459 6
3460 6
3461 6
3462 6
3463 6
3464 6
3465 6
3466 6
3467 6
3468 2
3469 6
3470 6
3471 2
3472 6
3473 6
3474 6
3475 6
3476 6
3477 6
3478 6
3479 6
3480 6
3481 6
3482 6
3483 6
3484 2
3485 6
3486 6
3487 2
3488 6
3489 6
3490 6
3491 6
3492 6
3493 6
3494 6
3495 6
3496 6
3497 6
3498 6
3499 6
3500 2
3501 6
3502 6
3503 2
3504 6
3505 6
3506 6
3507 6
3508 6
3509 6
3510 6
3511 6
3512 6
3513 6
3514 6
3515 6
3516 2
3517 6
3518 6
3519 2
3520 0
3521 6
3522 6
3523 6
3524 6
3525 6
3526 6
3527 6
3528 6
3529 6
3530 6
3531 6
3532 2
3533 6
3534 4
3535 2
3536 8
3537 6
3538 6
3539 6
3540 6
3541 6
3542 6
3543 6
3544 6
3545 6
3546 6
3547 6
3548 2
3549 6
3550 4
3551 2
3552 6
3553 6
3554 6
3555 6
3556 6
3557 6
3558 6
3559 6
3560 6
3561 6
3562 6
3563 6
3564 2
3565 6
3566 4
3567 2
3568 2
3569 6
3570 6
3571 6
3572 6
3573 6
3574 6
3575 6
3576 6
3577 6
3578 6
3579 6
3580 2
3581 6
3582 4
3583 2
3584 0
3585 6
3586 6
3587 6
3588 6
3589 6
3590 6
3591 6
3592 6
3593 6
3594 6
3595 6
3596 4
3597 6
3598 6
3599 6
3600 8
3601 6
3602 6
3603 6
3604 6
3605 6
3606 6
3607 6
3608 6
3609 6
3610 6
3611 6
3612 4
3613 6
3614 6
3615 6
3616 6
3617 6
3618 6
3619 6
3620 6
3621 6
3622 6
3623 6
3624 6
3625 6
3626 6
3627 6
3628 6
3629 6
3630 6
3631 6
3632 4
3633 6
3634 6
3635 6
3636 6
3637 6
3638 6
3639 6
3640 6
3641 6
3642 6
3643 6
3644 4
3645 6
3646 6
3647 6
3648 6
3649 6
3650 6
3651 6
3652 6
3653 6
3654 6
3655 6
3656 6
3657 6
3658 6
3659 6
3660 6
3661 6
3662 6
3663 6
3664 6
3665 6
3666 6
3667 6
3668 6
3669 6
3670 6
3671 6
3672 6
3673 6
3674 6
3675 6
3676 6
3677 6
3678 6
3679 6
3680 6
3681 6
3682 6
3683 6
3684 6
3685 6
3686 6
3687 6
3688 6
3689 6
3690 6
3691 6
3692 6
3693 6
3694 6
3695 6
3696 6
3697 6
3698 6
3699 6
3700 6
3701 6
3702 6
3703 6
3704 6
3705 6
3706 6
3707 6
3708 6
3709 6
3710 6
3711 6
3712 6
3713 6
3714 6
3715 6
3716 6
3717 6
3718 6
3719 6
3720 6
3721 6
3722 6
3723 6
3724 6
3725 6
3726 6
3727 6
3728 6
3729 6
3730 6
3731 6
3732 6
3733 6
3734 6
3735 6
3736 6
3737 6
3738 6
3739 6
3740 6
3741 6
3742 6
3743 6
3744 6
3745 6
3746 6
3747 6
3748 6
3749 6
3750 6
3751 6
3752 6
3753 6
3754 6
3755 6
3756 6
3757 6
3758 6
3759 6
3760 6
3761 6
3762 6
3763 6
3764 6
3765 6
3766 6
3767 6
3768 6
3769 6
3770 6
3771 6
3772 6
3773 6
3774 6
3775 6
3776 6
3777 6
3778 6
3779 6
3780 6
3781 6
3782 6
3783 6
3784 6
3785 6
3786 6
3787 6
3788 6
3789 6
3790 6
3791 6
3792 6
3793 6
3794 6
3795 6
3796 6
3797 6
3798 6
3799 6
3800 6
3801 6
3802 6
3803 6
3804 6
3805 6
3806 6
3807 6
3808 6
3809 6
3810 6
3811 6
3812 6
3813 6
3814 6
3815 6
3816 6
3817 6
3818 6
3819 6
3820 6
3821 6
3822 6
3823 6
3824 6
3825 6
3826 6
3827 6
3828 6
3829 6
3830 6
3831 6
3832 6
3833 6
3834 6
3835 6
3836 6
3837 6
3838 6
3839 6
3840 0
3841 8
3842 8
3843 6
3844 8
3845 8
3846 8
3847 6
3848 8
3849 8
3850 8
3851 6
3852 6
3853 8
3854 8
3855 6
3856 9
3857 8
3858 8
3859 6
3860 8
3861 8
3862 8
3863 6
3864 8
3865 8
3866 8
3867 6
3868 6
3869 8
3870 8
3871 6
3872 8
3873 8
3874 8
3875 6
3876 8
3877 8
3878 8
3879 6
3880 8
3881 8
3882 8
3883 6
3884 8
3885 8
3886 8
3887 2
3888 6
3889 8
3890 8
3891 6
3892 8
3893 8
3894 8
3895 6
3896 8
3897 8
3898 8
3899 6
3900 6
3901 8
3902 8
3903 6
3904 8
3905 8
3906 8
3907 6
3908 8
3909 8
3910 8
3911 6
3912 8
3913 8
3914 8
3915 6
3916 8
3917 8
3918 8
3919 2
3920 8
3921 8
3922 8
3923 6
3924 8
3925 8
3926 8
3927 6
3928 8
3929 8
3930 8
3931 6
3932 8
3933 8
3934 8
3935 2
3936 8
3937 8
3938 8
3939 6
3940 8
3941 8
3942 8
3943 6
3944 8
3945 8
3946 8
3947 6
3948 8
3949 8
3950 8
3951 2
3952 8
3953 8
3954 8
3955 6
3956 8
3957 8
3958 8
3959 6
3960 8
3961 8
3962 8
3963 6
3964 8
3965 8
3966 8
3967 2
3968 8
3969 8
3970 8
3971 6
3972 8
3973 8
3974 8
3975 6
3976 8
3977 8
3978 8
3979 6
3980 8
3981 8
3982 8
3983 2
3984 8
3985 8
3986 8
3987 6
3988 8
3989 8
3990 8
3991 6
3992 8
3993 8
3994 8
3995 6
3996 8
3997 8
3998 8
3999 2
4000 8
4001 8
4002 8
4003 6
4004 8
4005 8
4006 8
4007 6
4008 8
4009 8
4010 8
4011 6
4012 8
4013 8
4014 8
4015 2
4016 8
4017 8
4018 8
4019 6
4020 8
4021 8
4022 8
4023 6
4024 8
4025 8
4026 8
4027 6
4028 8
4029 8
4030 8
4031 2
4032 6
4033 8
4034 8
4035 6
4036 8
4037 8
4038 8
4039 6
4040 8
4041 8
4042 8
4043 6
4044 6
4045 8
4046 8
4047 6
4048 6
4049 8
4050 8
4051 6
4052 8
4053 8
4054 8
4055 6
4056 8
4057 8
4058 8
4059 6
4060 6
4061 8
4062 8
4063 6
4064 8
4065 8
4066 8
4067 6
4068 8
4069 8
4070 8
4071 6
4072 8
4073 8
4074 8
4075 6
4076 8
4077 8
4078 8
4079 2
4080 6
4081 8
4082 8
4083 6
4084 8
4085 8
4086 8
4087 6
4088 8
4089 8
4090 8
4091 6
4092 6
4093 8
4094 8
4095 6
