#CSC Slope LUT
#Structure is comparator code (iCC) -> Stub slope
#iCC bits: 12
#<header> v1.0 12 32 </header>
0 16
1 16
2 16
3 16
4 16
5 16
6 16
7 16
8 16
9 16
10 16
11 16
12 16
13 16
14 16
15 16
16 16
17 16
18 16
19 16
20 16
21 12
22 15
23 15
24 16
25 12
26 15
27 15
28 16
29 12
30 15
31 15
32 16
33 16
34 16
35 16
36 16
37 8
38 12
39 15
40 16
41 8
42 12
43 15
44 16
45 8
46 12
47 15
48 16
49 16
50 16
51 16
52 16
53 4
54 8
55 12
56 16
57 4
58 8
59 12
60 16
61 4
62 8
63 12
64 16
65 16
66 16
67 16
68 16
69 13
70 15
71 15
72 16
73 14
74 15
75 15
76 16
77 14
78 15
79 15
80 16
81 13
82 15
83 15
84 15
85 13
86 15
87 15
88 15
89 14
90 15
91 15
92 15
93 14
94 15
95 15
96 16
97 12
98 14
99 15
100 15
101 12
102 14
103 15
104 15
105 13
106 15
107 15
108 15
109 14
110 15
111 15
112 16
113 12
114 14
115 15
116 15
117 12
118 14
119 15
120 15
121 12
122 14
123 15
124 15
125 13
126 15
127 15
128 16
129 16
130 16
131 16
132 16
133 10
134 13
135 14
136 16
137 11
138 13
139 15
140 16
141 12
142 14
143 15
144 16
145 10
146 13
147 15
148 12
149 11
150 13
151 15
152 15
153 12
154 14
155 15
156 15
157 12
158 14
159 15
160 16
161 10
162 13
163 15
164 12
165 10
166 12
167 14
168 15
169 11
170 13
171 15
172 15
173 12
174 14
175 15
176 16
177 9
178 12
179 14
180 12
181 9
182 12
183 14
184 15
185 10
186 12
187 14
188 15
189 11
190 13
191 15
192 16
193 16
194 16
195 16
196 16
197 8
198 10
199 12
200 16
201 8
202 10
203 13
204 16
205 9
206 11
207 13
208 16
209 8
210 11
211 14
212 8
213 8
214 11
215 13
216 12
217 9
218 12
219 14
220 15
221 10
222 12
223 14
224 16
225 8
226 10
227 13
228 8
229 8
230 10
231 12
232 12
233 8
234 11
235 13
236 15
237 9
238 12
239 14
240 16
241 7
242 10
243 13
244 8
245 7
246 9
247 12
248 12
249 8
250 10
251 12
252 15
253 8
254 11
255 13
256 16
257 16
258 16
259 16
260 16
261 14
262 15
263 15
264 16
265 14
266 15
267 15
268 16
269 14
270 15
271 15
272 16
273 14
274 15
275 15
276 15
277 14
278 15
279 15
280 15
281 14
282 15
283 15
284 15
285 14
286 15
287 15
288 16
289 14
290 15
291 15
292 15
293 14
294 14
295 15
296 15
297 14
298 15
299 15
300 15
301 14
302 15
303 15
304 16
305 14
306 15
307 15
308 15
309 13
310 14
311 15
312 15
313 14
314 15
315 15
316 15
317 14
318 15
319 15
320 16
321 13
322 15
323 15
324 15
325 14
326 15
327 15
328 15
329 14
330 15
331 15
332 15
333 15
334 15
335 15
336 15
337 13
338 15
339 15
340 15
341 14
342 15
343 15
344 15
345 14
346 15
347 15
348 15
349 15
350 15
351 15
352 15
353 14
354 15
355 15
356 15
357 14
358 15
359 15
360 15
361 14
362 15
363 15
364 15
365 15
366 15
367 15
368 15
369 14
370 15
371 15
372 15
373 14
374 15
375 15
376 15
377 14
378 15
379 15
380 15
381 15
382 15
383 15
384 16
385 13
386 14
387 15
388 14
389 13
390 14
391 15
392 15
393 14
394 15
395 15
396 15
397 14
398 15
399 15
400 15
401 13
402 14
403 15
404 14
405 13
406 14
407 15
408 15
409 14
410 15
411 15
412 15
413 14
414 15
415 15
416 15
417 13
418 14
419 15
420 15
421 13
422 14
423 15
424 15
425 14
426 15
427 15
428 15
429 14
430 15
431 15
432 15
433 13
434 14
435 15
436 15
437 13
438 14
439 15
440 15
441 14
442 15
443 15
444 15
445 14
446 15
447 15
448 16
449 12
450 14
451 15
452 14
453 12
454 14
455 15
456 15
457 13
458 14
459 15
460 15
461 14
462 15
463 15
464 15
465 12
466 14
467 15
468 14
469 12
470 14
471 15
472 15
473 13
474 14
475 15
476 15
477 14
478 15
479 15
480 15
481 12
482 14
483 15
484 14
485 12
486 14
487 15
488 15
489 13
490 14
491 15
492 15
493 14
494 15
495 15
496 15
497 13
498 14
499 15
500 15
501 12
502 14
503 15
504 15
505 13
506 14
507 15
508 15
509 14
510 15
511 15
512 16
513 16
514 16
515 16
516 16
517 12
518 13
519 14
520 16
521 12
522 14
523 15
524 16
525 13
526 14
527 15
528 16
529 12
530 14
531 15
532 13
533 12
534 13
535 14
536 14
537 13
538 14
539 15
540 15
541 13
542 14
543 15
544 16
545 12
546 14
547 15
548 13
549 12
550 13
551 14
552 15
553 12
554 14
555 15
556 15
557 13
558 14
559 15
560 16
561 12
562 14
563 15
564 14
565 11
566 13
567 14
568 15
569 12
570 14
571 14
572 15
573 13
574 14
575 15
576 16
577 12
578 14
579 15
580 13
581 12
582 14
583 15
584 15
585 13
586 14
587 15
588 15
589 14
590 15
591 15
592 12
593 12
594 14
595 15
596 13
597 12
598 14
599 15
600 15
601 13
602 14
603 15
604 15
605 14
606 15
607 15
608 15
609 12
610 14
611 15
612 14
613 12
614 14
615 15
616 15
617 13
618 14
619 15
620 15
621 14
622 15
623 15
624 15
625 12
626 14
627 15
628 14
629 12
630 14
631 15
632 15
633 13
634 14
635 15
636 15
637 14
638 15
639 15
640 16
641 11
642 13
643 15
644 13
645 12
646 13
647 14
648 15
649 12
650 14
651 15
652 15
653 13
654 14
655 15
656 12
657 11
658 13
659 14
660 12
661 12
662 13
663 14
664 14
665 12
666 14
667 15
668 15
669 13
670 14
671 15
672 15
673 11
674 13
675 15
676 13
677 12
678 13
679 14
680 15
681 12
682 14
683 15
684 15
685 13
686 14
687 15
688 15
689 12
690 14
691 15
692 14
693 12
694 13
695 14
696 15
697 12
698 14
699 15
700 15
701 13
702 14
703 15
704 16
705 11
706 13
707 14
708 12
709 11
710 12
711 14
712 14
713 12
714 13
715 14
716 15
717 12
718 14
719 15
720 12
721 10
722 13
723 14
724 12
725 11
726 12
727 14
728 14
729 12
730 13
731 14
732 15
733 12
734 14
735 15
736 15
737 11
738 13
739 14
740 12
741 11
742 12
743 14
744 14
745 12
746 13
747 14
748 15
749 12
750 14
751 15
752 15
753 11
754 13
755 14
756 13
757 11
758 12
759 14
760 15
761 12
762 13
763 14
764 15
765 12
766 14
767 15
768 16
769 16
770 16
771 16
772 16
773 10
774 11
775 13
776 16
777 10
778 12
779 13
780 16
781 11
782 12
783 14
784 16
785 10
786 12
787 14
788 10
789 10
790 11
791 13
792 12
793 10
794 12
795 14
796 14
797 11
798 13
799 14
800 16
801 10
802 12
803 14
804 10
805 10
806 11
807 13
808 13
809 10
810 12
811 13
812 14
813 11
814 13
815 14
816 16
817 10
818 12
819 14
820 11
821 9
822 11
823 13
824 13
825 10
826 12
827 13
828 15
829 11
830 12
831 14
832 16
833 10
834 12
835 14
836 11
837 11
838 12
839 14
840 14
841 12
842 13
843 14
844 15
845 12
846 14
847 15
848 8
849 10
850 12
851 14
852 11
853 11
854 12
855 14
856 13
857 12
858 13
859 14
860 15
861 12
862 14
863 15
864 12
865 10
866 13
867 14
868 12
869 11
870 12
871 14
872 14
873 12
874 13
875 14
876 15
877 12
878 14
879 15
880 15
881 11
882 13
883 14
884 12
885 11
886 12
887 14
888 14
889 12
890 13
891 14
892 15
893 12
894 14
895 15
896 16
897 10
898 12
899 14
900 10
901 10
902 12
903 13
904 13
905 11
906 12
907 14
908 15
909 12
910 13
911 14
912 8
913 10
914 12
915 14
916 10
917 10
918 12
919 13
920 12
921 11
922 12
923 14
924 14
925 12
926 13
927 14
928 12
929 10
930 12
931 14
932 11
933 10
934 12
935 13
936 13
937 11
938 12
939 14
940 15
941 12
942 13
943 14
944 15
945 10
946 12
947 14
948 12
949 10
950 12
951 13
952 14
953 11
954 12
955 14
956 15
957 12
958 13
959 14
960 16
961 9
962 11
963 13
964 10
965 9
966 11
967 12
968 13
969 10
970 12
971 13
972 15
973 11
974 12
975 14
976 8
977 9
978 11
979 13
980 9
981 9
982 11
983 12
984 12
985 10
986 12
987 13
988 14
989 11
990 12
991 14
992 12
993 9
994 11
995 13
996 10
997 9
998 11
999 12
1000 12
1001 10
1002 12
1003 13
1004 14
1005 11
1006 12
1007 14
1008 15
1009 9
1010 11
1011 13
1012 11
1013 9
1014 11
1015 12
1016 13
1017 10
1018 12
1019 13
1020 15
1021 11
1022 12
1023 14
1024 16
1025 16
1026 16
1027 16
1028 16
1029 13
1030 14
1031 14
1032 16
1033 13
1034 14
1035 15
1036 16
1037 14
1038 14
1039 15
1040 16
1041 12
1042 14
1043 14
1044 13
1045 13
1046 14
1047 14
1048 14
1049 13
1050 14
1051 15
1052 15
1053 14
1054 14
1055 15
1056 16
1057 13
1058 14
1059 15
1060 14
1061 13
1062 14
1063 14
1064 15
1065 13
1066 14
1067 15
1068 15
1069 14
1070 14
1071 15
1072 16
1073 13
1074 14
1075 15
1076 14
1077 13
1078 14
1079 14
1080 15
1081 13
1082 14
1083 15
1084 15
1085 14
1086 14
1087 15
1088 16
1089 12
1090 14
1091 15
1092 14
1093 13
1094 14
1095 14
1096 15
1097 13
1098 14
1099 15
1100 15
1101 14
1102 14
1103 15
1104 13
1105 12
1106 14
1107 15
1108 13
1109 13
1110 14
1111 14
1112 14
1113 13
1114 14
1115 15
1116 15
1117 14
1118 14
1119 15
1120 14
1121 13
1122 14
1123 15
1124 14
1125 13
1126 14
1127 14
1128 15
1129 14
1130 14
1131 15
1132 15
1133 14
1134 14
1135 15
1136 15
1137 13
1138 14
1139 15
1140 14
1141 13
1142 14
1143 14
1144 15
1145 14
1146 14
1147 15
1148 15
1149 14
1150 15
1151 15
1152 16
1153 12
1154 14
1155 15
1156 14
1157 12
1158 14
1159 14
1160 15
1161 13
1162 14
1163 15
1164 15
1165 14
1166 14
1167 15
1168 13
1169 12
1170 14
1171 14
1172 13
1173 12
1174 14
1175 14
1176 14
1177 13
1178 14
1179 14
1180 15
1181 14
1182 14
1183 15
1184 15
1185 12
1186 14
1187 15
1188 14
1189 12
1190 14
1191 14
1192 15
1193 13
1194 14
1195 15
1196 15
1197 14
1198 14
1199 15
1200 15
1201 13
1202 14
1203 15
1204 14
1205 13
1206 14
1207 14
1208 15
1209 13
1210 14
1211 15
1212 15
1213 14
1214 14
1215 15
1216 16
1217 12
1218 14
1219 14
1220 14
1221 12
1222 13
1223 14
1224 15
1225 13
1226 14
1227 14
1228 15
1229 13
1230 14
1231 15
1232 14
1233 12
1234 13
1235 14
1236 13
1237 12
1238 13
1239 14
1240 14
1241 13
1242 14
1243 14
1244 15
1245 13
1246 14
1247 15
1248 15
1249 12
1250 14
1251 14
1252 14
1253 12
1254 13
1255 14
1256 14
1257 13
1258 14
1259 14
1260 15
1261 13
1262 14
1263 15
1264 15
1265 12
1266 14
1267 15
1268 14
1269 12
1270 13
1271 14
1272 15
1273 13
1274 14
1275 14
1276 15
1277 13
1278 14
1279 15
1280 16
1281 13
1282 14
1283 15
1284 14
1285 13
1286 14
1287 15
1288 15
1289 14
1290 14
1291 15
1292 15
1293 14
1294 15
1295 15
1296 13
1297 13
1298 14
1299 15
1300 14
1301 13
1302 14
1303 14
1304 15
1305 14
1306 14
1307 15
1308 15
1309 14
1310 15
1311 15
1312 15
1313 13
1314 14
1315 15
1316 14
1317 13
1318 14
1319 15
1320 15
1321 14
1322 14
1323 15
1324 15
1325 14
1326 15
1327 15
1328 15
1329 14
1330 14
1331 15
1332 15
1333 14
1334 14
1335 15
1336 15
1337 14
1338 14
1339 15
1340 15
1341 14
1342 15
1343 15
1344 12
1345 13
1346 14
1347 15
1348 14
1349 13
1350 14
1351 15
1352 15
1353 14
1354 14
1355 15
1356 15
1357 14
1358 15
1359 15
1360 13
1361 13
1362 14
1363 15
1364 14
1365 13
1366 14
1367 15
1368 15
1369 14
1370 14
1371 15
1372 15
1373 14
1374 15
1375 15
1376 15
1377 13
1378 14
1379 15
1380 14
1381 13
1382 14
1383 15
1384 15
1385 14
1386 14
1387 15
1388 15
1389 14
1390 15
1391 15
1392 15
1393 14
1394 14
1395 15
1396 15
1397 14
1398 14
1399 15
1400 15
1401 14
1402 15
1403 15
1404 15
1405 14
1406 15
1407 15
1408 15
1409 13
1410 14
1411 15
1412 14
1413 13
1414 14
1415 14
1416 15
1417 14
1418 14
1419 15
1420 15
1421 14
1422 15
1423 15
1424 14
1425 13
1426 14
1427 15
1428 14
1429 13
1430 14
1431 14
1432 15
1433 14
1434 14
1435 15
1436 15
1437 14
1438 15
1439 15
1440 15
1441 13
1442 14
1443 15
1444 14
1445 13
1446 14
1447 15
1448 15
1449 14
1450 14
1451 15
1452 15
1453 14
1454 15
1455 15
1456 15
1457 14
1458 14
1459 15
1460 15
1461 13
1462 14
1463 15
1464 15
1465 14
1466 14
1467 15
1468 15
1469 14
1470 15
1471 15
1472 15
1473 13
1474 14
1475 15
1476 14
1477 13
1478 14
1479 14
1480 15
1481 14
1482 14
1483 15
1484 15
1485 14
1486 15
1487 15
1488 14
1489 13
1490 14
1491 15
1492 14
1493 13
1494 14
1495 14
1496 15
1497 13
1498 14
1499 15
1500 15
1501 14
1502 14
1503 15
1504 15
1505 13
1506 14
1507 15
1508 14
1509 13
1510 14
1511 14
1512 15
1513 14
1514 14
1515 15
1516 15
1517 14
1518 15
1519 15
1520 15
1521 13
1522 14
1523 15
1524 15
1525 13
1526 14
1527 15
1528 15
1529 14
1530 14
1531 15
1532 15
1533 14
1534 15
1535 15
1536 16
1537 12
1538 14
1539 15
1540 13
1541 12
1542 14
1543 14
1544 15
1545 13
1546 14
1547 15
1548 15
1549 14
1550 14
1551 15
1552 13
1553 12
1554 14
1555 14
1556 13
1557 12
1558 14
1559 14
1560 14
1561 13
1562 14
1563 14
1564 15
1565 14
1566 14
1567 15
1568 15
1569 13
1570 14
1571 15
1572 14
1573 13
1574 14
1575 14
1576 15
1577 13
1578 14
1579 15
1580 15
1581 14
1582 14
1583 15
1584 15
1585 13
1586 14
1587 15
1588 14
1589 13
1590 14
1591 14
1592 15
1593 13
1594 14
1595 15
1596 15
1597 14
1598 14
1599 15
1600 12
1601 12
1602 14
1603 15
1604 13
1605 13
1606 14
1607 14
1608 14
1609 13
1610 14
1611 15
1612 15
1613 14
1614 14
1615 15
1616 12
1617 12
1618 14
1619 14
1620 13
1621 13
1622 14
1623 14
1624 14
1625 13
1626 14
1627 15
1628 15
1629 14
1630 14
1631 15
1632 14
1633 13
1634 14
1635 15
1636 14
1637 13
1638 14
1639 14
1640 15
1641 13
1642 14
1643 15
1644 15
1645 14
1646 14
1647 15
1648 15
1649 13
1650 14
1651 15
1652 14
1653 13
1654 14
1655 14
1656 15
1657 14
1658 14
1659 15
1660 15
1661 14
1662 15
1663 15
1664 15
1665 12
1666 14
1667 15
1668 13
1669 12
1670 14
1671 14
1672 15
1673 13
1674 14
1675 15
1676 15
1677 14
1678 14
1679 15
1680 13
1681 12
1682 14
1683 14
1684 13
1685 12
1686 13
1687 14
1688 14
1689 13
1690 14
1691 14
1692 15
1693 14
1694 14
1695 15
1696 15
1697 12
1698 14
1699 15
1700 14
1701 13
1702 14
1703 14
1704 15
1705 13
1706 14
1707 15
1708 15
1709 14
1710 14
1711 15
1712 15
1713 13
1714 14
1715 15
1716 14
1717 13
1718 14
1719 14
1720 15
1721 13
1722 14
1723 15
1724 15
1725 14
1726 14
1727 15
1728 15
1729 12
1730 14
1731 15
1732 14
1733 12
1734 13
1735 14
1736 15
1737 13
1738 14
1739 14
1740 15
1741 14
1742 14
1743 15
1744 14
1745 12
1746 13
1747 14
1748 13
1749 12
1750 13
1751 14
1752 14
1753 13
1754 14
1755 14
1756 15
1757 13
1758 14
1759 15
1760 15
1761 12
1762 14
1763 14
1764 14
1765 12
1766 13
1767 14
1768 15
1769 13
1770 14
1771 14
1772 15
1773 14
1774 14
1775 15
1776 15
1777 13
1778 14
1779 15
1780 14
1781 13
1782 14
1783 14
1784 15
1785 13
1786 14
1787 15
1788 15
1789 14
1790 14
1791 15
1792 16
1793 12
1794 13
1795 14
1796 13
1797 12
1798 13
1799 14
1800 14
1801 12
1802 14
1803 14
1804 15
1805 13
1806 14
1807 15
1808 12
1809 11
1810 13
1811 14
1812 12
1813 12
1814 13
1815 14
1816 14
1817 12
1818 13
1819 14
1820 15
1821 13
1822 14
1823 14
1824 14
1825 12
1826 13
1827 14
1828 13
1829 12
1830 13
1831 14
1832 14
1833 13
1834 14
1835 14
1836 15
1837 13
1838 14
1839 14
1840 15
1841 12
1842 14
1843 14
1844 14
1845 12
1846 13
1847 14
1848 15
1849 13
1850 14
1851 14
1852 15
1853 13
1854 14
1855 15
1856 12
1857 12
1858 13
1859 14
1860 13
1861 12
1862 13
1863 14
1864 14
1865 13
1866 14
1867 14
1868 15
1869 13
1870 14
1871 15
1872 12
1873 12
1874 13
1875 14
1876 12
1877 12
1878 13
1879 14
1880 14
1881 13
1882 14
1883 14
1884 15
1885 13
1886 14
1887 15
1888 14
1889 12
1890 13
1891 14
1892 13
1893 12
1894 13
1895 14
1896 14
1897 13
1898 14
1899 14
1900 15
1901 13
1902 14
1903 15
1904 15
1905 12
1906 14
1907 14
1908 14
1909 12
1910 13
1911 14
1912 15
1913 13
1914 14
1915 14
1916 15
1917 14
1918 14
1919 15
1920 15
1921 12
1922 13
1923 14
1924 13
1925 12
1926 13
1927 14
1928 14
1929 12
1930 14
1931 14
1932 15
1933 13
1934 14
1935 15
1936 12
1937 11
1938 13
1939 14
1940 12
1941 12
1942 13
1943 14
1944 14
1945 12
1946 13
1947 14
1948 15
1949 13
1950 14
1951 14
1952 14
1953 12
1954 13
1955 14
1956 13
1957 12
1958 13
1959 14
1960 14
1961 13
1962 14
1963 14
1964 15
1965 13
1966 14
1967 15
1968 15
1969 12
1970 14
1971 14
1972 14
1973 12
1974 13
1975 14
1976 15
1977 13
1978 14
1979 14
1980 15
1981 13
1982 14
1983 15
1984 15
1985 12
1986 13
1987 14
1988 13
1989 12
1990 13
1991 14
1992 14
1993 12
1994 13
1995 14
1996 15
1997 13
1998 14
1999 14
2000 13
2001 11
2002 13
2003 14
2004 12
2005 11
2006 13
2007 14
2008 14
2009 12
2010 13
2011 14
2012 15
2013 13
2014 14
2015 14
2016 15
2017 12
2018 13
2019 14
2020 13
2021 12
2022 13
2023 14
2024 14
2025 12
2026 13
2027 14
2028 15
2029 13
2030 14
2031 14
2032 15
2033 12
2034 14
2035 14
2036 14
2037 12
2038 13
2039 14
2040 15
2041 13
2042 14
2043 14
2044 15
2045 13
2046 14
2047 15
2048 16
2049 16
2050 16
2051 16
2052 16
2053 11
2054 12
2055 13
2056 16
2057 12
2058 13
2059 14
2060 16
2061 12
2062 13
2063 14
2064 16
2065 11
2066 12
2067 14
2068 11
2069 11
2070 12
2071 13
2072 13
2073 12
2074 13
2075 14
2076 14
2077 12
2078 13
2079 14
2080 16
2081 11
2082 12
2083 14
2084 12
2085 11
2086 12
2087 13
2088 13
2089 12
2090 13
2091 14
2092 14
2093 12
2094 13
2095 14
2096 16
2097 11
2098 13
2099 14
2100 12
2101 11
2102 12
2103 13
2104 14
2105 12
2106 13
2107 14
2108 15
2109 12
2110 13
2111 14
2112 16
2113 11
2114 13
2115 14
2116 12
2117 11
2118 13
2119 14
2120 14
2121 12
2122 13
2123 14
2124 15
2125 13
2126 14
2127 14
2128 10
2129 11
2130 12
2131 14
2132 11
2133 11
2134 12
2135 14
2136 13
2137 12
2138 13
2139 14
2140 14
2141 13
2142 14
2143 14
2144 12
2145 11
2146 13
2147 14
2148 12
2149 11
2150 13
2151 14
2152 14
2153 12
2154 13
2155 14
2156 14
2157 13
2158 14
2159 14
2160 14
2161 12
2162 13
2163 14
2164 13
2165 12
2166 13
2167 14
2168 14
2169 12
2170 13
2171 14
2172 15
2173 13
2174 14
2175 14
2176 16
2177 11
2178 12
2179 14
2180 12
2181 11
2182 12
2183 13
2184 14
2185 12
2186 13
2187 14
2188 15
2189 12
2190 13
2191 14
2192 10
2193 11
2194 12
2195 14
2196 11
2197 11
2198 12
2199 13
2200 13
2201 12
2202 13
2203 14
2204 14
2205 12
2206 13
2207 14
2208 13
2209 11
2210 12
2211 14
2212 12
2213 11
2214 12
2215 13
2216 13
2217 12
2218 13
2219 14
2220 14
2221 12
2222 13
2223 14
2224 14
2225 11
2226 13
2227 14
2228 13
2229 11
2230 12
2231 13
2232 14
2233 12
2234 13
2235 14
2236 15
2237 12
2238 14
2239 14
2240 16
2241 10
2242 12
2243 14
2244 12
2245 10
2246 12
2247 13
2248 14
2249 11
2250 12
2251 14
2252 15
2253 12
2254 13
2255 14
2256 11
2257 10
2258 12
2259 13
2260 11
2261 10
2262 12
2263 13
2264 13
2265 11
2266 12
2267 13
2268 14
2269 12
2270 13
2271 14
2272 13
2273 11
2274 12
2275 14
2276 12
2277 11
2278 12
2279 13
2280 13
2281 11
2282 12
2283 14
2284 14
2285 12
2286 13
2287 14
2288 15
2289 11
2290 12
2291 14
2292 12
2293 11
2294 12
2295 13
2296 14
2297 11
2298 12
2299 14
2300 15
2301 12
2302 13
2303 14
2304 16
2305 12
2306 13
2307 14
2308 12
2309 12
2310 13
2311 14
2312 14
2313 13
2314 14
2315 14
2316 15
2317 13
2318 14
2319 15
2320 11
2321 12
2322 13
2323 14
2324 12
2325 12
2326 13
2327 14
2328 14
2329 13
2330 14
2331 14
2332 15
2333 13
2334 14
2335 15
2336 14
2337 12
2338 13
2339 14
2340 13
2341 12
2342 13
2343 14
2344 14
2345 13
2346 14
2347 14
2348 15
2349 13
2350 14
2351 15
2352 15
2353 12
2354 14
2355 14
2356 14
2357 12
2358 13
2359 14
2360 15
2361 13
2362 14
2363 14
2364 15
2365 14
2366 14
2367 15
2368 8
2369 12
2370 13
2371 14
2372 12
2373 12
2374 13
2375 14
2376 14
2377 13
2378 14
2379 14
2380 15
2381 14
2382 14
2383 15
2384 11
2385 12
2386 13
2387 14
2388 12
2389 12
2390 13
2391 14
2392 14
2393 13
2394 14
2395 14
2396 15
2397 13
2398 14
2399 15
2400 13
2401 12
2402 14
2403 14
2404 13
2405 12
2406 13
2407 14
2408 14
2409 13
2410 14
2411 14
2412 15
2413 14
2414 14
2415 15
2416 15
2417 12
2418 14
2419 15
2420 14
2421 13
2422 14
2423 14
2424 15
2425 13
2426 14
2427 15
2428 15
2429 14
2430 14
2431 15
2432 12
2433 12
2434 13
2435 14
2436 13
2437 12
2438 13
2439 14
2440 14
2441 13
2442 14
2443 14
2444 15
2445 13
2446 14
2447 15
2448 12
2449 12
2450 13
2451 14
2452 12
2453 12
2454 13
2455 14
2456 14
2457 13
2458 14
2459 14
2460 15
2461 13
2462 14
2463 15
2464 14
2465 12
2466 13
2467 14
2468 13
2469 12
2470 13
2471 14
2472 14
2473 13
2474 14
2475 14
2476 15
2477 13
2478 14
2479 15
2480 15
2481 12
2482 14
2483 14
2484 14
2485 12
2486 13
2487 14
2488 15
2489 13
2490 14
2491 14
2492 15
2493 14
2494 14
2495 15
2496 15
2497 12
2498 13
2499 14
2500 13
2501 12
2502 13
2503 14
2504 14
2505 12
2506 14
2507 14
2508 15
2509 13
2510 14
2511 15
2512 12
2513 11
2514 13
2515 14
2516 12
2517 12
2518 13
2519 14
2520 14
2521 12
2522 13
2523 14
2524 15
2525 13
2526 14
2527 14
2528 14
2529 12
2530 13
2531 14
2532 13
2533 12
2534 13
2535 14
2536 14
2537 13
2538 14
2539 14
2540 15
2541 13
2542 14
2543 15
2544 15
2545 12
2546 14
2547 14
2548 14
2549 12
2550 13
2551 14
2552 15
2553 13
2554 14
2555 14
2556 15
2557 13
2558 14
2559 15
2560 16
2561 11
2562 13
2563 14
2564 12
2565 11
2566 12
2567 14
2568 14
2569 12
2570 13
2571 14
2572 15
2573 13
2574 14
2575 14
2576 10
2577 11
2578 12
2579 14
2580 12
2581 11
2582 12
2583 13
2584 13
2585 12
2586 13
2587 14
2588 14
2589 13
2590 14
2591 14
2592 13
2593 11
2594 13
2595 14
2596 12
2597 11
2598 13
2599 14
2600 14
2601 12
2602 13
2603 14
2604 15
2605 13
2606 14
2607 14
2608 15
2609 12
2610 13
2611 14
2612 13
2613 12
2614 13
2615 14
2616 14
2617 12
2618 13
2619 14
2620 15
2621 13
2622 14
2623 14
2624 8
2625 11
2626 13
2627 14
2628 12
2629 11
2630 13
2631 14
2632 14
2633 12
2634 13
2635 14
2636 15
2637 13
2638 14
2639 14
2640 10
2641 11
2642 12
2643 14
2644 12
2645 11
2646 13
2647 14
2648 13
2649 12
2650 13
2651 14
2652 14
2653 13
2654 14
2655 14
2656 12
2657 11
2658 13
2659 14
2660 12
2661 12
2662 13
2663 14
2664 14
2665 12
2666 13
2667 14
2668 15
2669 13
2670 14
2671 14
2672 14
2673 12
2674 13
2675 14
2676 13
2677 12
2678 13
2679 14
2680 14
2681 13
2682 14
2683 14
2684 15
2685 13
2686 14
2687 15
2688 12
2689 11
2690 13
2691 14
2692 12
2693 11
2694 12
2695 14
2696 14
2697 12
2698 13
2699 14
2700 15
2701 13
2702 14
2703 14
2704 11
2705 11
2706 12
2707 14
2708 12
2709 11
2710 12
2711 13
2712 13
2713 12
2714 13
2715 14
2716 14
2717 13
2718 14
2719 14
2720 13
2721 11
2722 13
2723 14
2724 12
2725 11
2726 13
2727 14
2728 14
2729 12
2730 13
2731 14
2732 15
2733 13
2734 14
2735 14
2736 15
2737 12
2738 13
2739 14
2740 13
2741 12
2742 13
2743 14
2744 14
2745 12
2746 13
2747 14
2748 15
2749 13
2750 14
2751 14
2752 15
2753 11
2754 13
2755 14
2756 12
2757 11
2758 12
2759 13
2760 14
2761 12
2762 13
2763 14
2764 15
2765 13
2766 14
2767 14
2768 12
2769 11
2770 12
2771 14
2772 12
2773 11
2774 12
2775 13
2776 13
2777 12
2778 13
2779 14
2780 14
2781 12
2782 13
2783 14
2784 14
2785 11
2786 13
2787 14
2788 12
2789 11
2790 12
2791 13
2792 14
2793 12
2794 13
2795 14
2796 15
2797 13
2798 14
2799 14
2800 15
2801 12
2802 13
2803 14
2804 13
2805 11
2806 13
2807 14
2808 14
2809 12
2810 13
2811 14
2812 15
2813 13
2814 14
2815 14
2816 16
2817 10
2818 12
2819 14
2820 11
2821 11
2822 12
2823 13
2824 13
2825 11
2826 12
2827 14
2828 15
2829 12
2830 13
2831 14
2832 10
2833 10
2834 12
2835 13
2836 11
2837 10
2838 12
2839 13
2840 12
2841 11
2842 12
2843 13
2844 14
2845 12
2846 13
2847 14
2848 13
2849 11
2850 12
2851 14
2852 12
2853 11
2854 12
2855 13
2856 13
2857 11
2858 12
2859 14
2860 14
2861 12
2862 13
2863 14
2864 15
2865 11
2866 13
2867 14
2868 12
2869 11
2870 12
2871 13
2872 14
2873 12
2874 13
2875 14
2876 15
2877 12
2878 13
2879 14
2880 8
2881 10
2882 12
2883 14
2884 11
2885 11
2886 12
2887 13
2888 13
2889 12
2890 13
2891 14
2892 14
2893 12
2894 13
2895 14
2896 9
2897 10
2898 12
2899 13
2900 11
2901 11
2902 12
2903 13
2904 12
2905 11
2906 13
2907 14
2908 14
2909 12
2910 13
2911 14
2912 12
2913 11
2914 12
2915 14
2916 12
2917 11
2918 12
2919 13
2920 13
2921 12
2922 13
2923 14
2924 14
2925 12
2926 13
2927 14
2928 14
2929 11
2930 13
2931 14
2932 12
2933 11
2934 12
2935 13
2936 14
2937 12
2938 13
2939 14
2940 15
2941 13
2942 14
2943 14
2944 12
2945 10
2946 12
2947 14
2948 11
2949 11
2950 12
2951 13
2952 13
2953 11
2954 13
2955 14
2956 14
2957 12
2958 13
2959 14
2960 10
2961 10
2962 12
2963 13
2964 11
2965 10
2966 12
2967 13
2968 12
2969 11
2970 12
2971 13
2972 14
2973 12
2974 13
2975 14
2976 12
2977 11
2978 12
2979 14
2980 12
2981 11
2982 12
2983 13
2984 13
2985 11
2986 13
2987 14
2988 14
2989 12
2990 13
2991 14
2992 14
2993 11
2994 13
2995 14
2996 12
2997 11
2998 12
2999 13
3000 14
3001 12
3002 13
3003 14
3004 15
3005 12
3006 13
3007 14
3008 15
3009 10
3010 12
3011 14
3012 11
3013 10
3014 12
3015 13
3016 13
3017 11
3018 12
3019 14
3020 15
3021 12
3022 13
3023 14
3024 11
3025 10
3026 12
3027 13
3028 11
3029 10
3030 11
3031 13
3032 12
3033 11
3034 12
3035 13
3036 14
3037 12
3038 13
3039 14
3040 13
3041 11
3042 12
3043 14
3044 12
3045 10
3046 12
3047 13
3048 13
3049 11
3050 12
3051 13
3052 14
3053 12
3054 13
3055 14
3056 15
3057 11
3058 12
3059 14
3060 12
3061 11
3062 12
3063 13
3064 14
3065 11
3066 13
3067 14
3068 15
3069 12
3070 13
3071 14
3072 16
3073 16
3074 16
3075 16
3076 16
3077 9
3078 10
3079 12
3080 16
3081 10
3082 11
3083 12
3084 16
3085 10
3086 12
3087 13
3088 16
3089 9
3090 10
3091 12
3092 9
3093 9
3094 10
3095 12
3096 11
3097 10
3098 11
3099 12
3100 12
3101 10
3102 12
3103 13
3104 16
3105 9
3106 11
3107 12
3108 10
3109 9
3110 10
3111 12
3112 11
3113 10
3114 11
3115 12
3116 13
3117 10
3118 12
3119 13
3120 16
3121 9
3122 11
3123 12
3124 10
3125 9
3126 10
3127 12
3128 12
3129 10
3130 11
3131 12
3132 13
3133 10
3134 12
3135 13
3136 16
3137 9
3138 11
3139 13
3140 10
3141 10
3142 11
3143 12
3144 12
3145 10
3146 12
3147 13
3148 14
3149 11
3150 12
3151 14
3152 7
3153 9
3154 11
3155 12
3156 9
3157 10
3158 11
3159 12
3160 11
3161 10
3162 12
3163 13
3164 13
3165 11
3166 12
3167 13
3168 9
3169 10
3170 11
3171 13
3172 10
3173 10
3174 11
3175 12
3176 12
3177 11
3178 12
3179 13
3180 13
3181 11
3182 12
3183 14
3184 12
3185 10
3186 12
3187 13
3188 11
3189 10
3190 11
3191 12
3192 12
3193 11
3194 12
3195 13
3196 14
3197 11
3198 12
3199 14
3200 16
3201 9
3202 11
3203 13
3204 10
3205 9
3206 11
3207 12
3208 12
3209 10
3210 11
3211 13
3212 14
3213 11
3214 12
3215 13
3216 8
3217 9
3218 11
3219 12
3220 9
3221 9
3222 11
3223 12
3224 11
3225 10
3226 11
3227 12
3228 12
3229 11
3230 12
3231 13
3232 10
3233 9
3234 11
3235 12
3236 10
3237 9
3238 11
3239 12
3240 11
3241 10
3242 11
3243 12
3244 13
3245 11
3246 12
3247 13
3248 12
3249 10
3250 11
3251 13
3252 10
3253 10
3254 11
3255 12
3256 12
3257 10
3258 11
3259 13
3260 14
3261 11
3262 12
3263 13
3264 16
3265 9
3266 11
3267 12
3268 10
3269 9
3270 10
3271 11
3272 12
3273 10
3274 11
3275 12
3276 14
3277 10
3278 12
3279 13
3280 8
3281 9
3282 10
3283 12
3284 9
3285 9
3286 10
3287 11
3288 10
3289 10
3290 11
3291 12
3292 12
3293 10
3294 11
3295 13
3296 10
3297 9
3298 11
3299 12
3300 10
3301 9
3302 10
3303 11
3304 11
3305 10
3306 11
3307 12
3308 13
3309 10
3310 12
3311 13
3312 13
3313 9
3314 11
3315 12
3316 10
3317 9
3318 10
3319 12
3320 12
3321 10
3322 11
3323 12
3324 13
3325 10
3326 12
3327 13
3328 16
3329 10
3330 12
3331 14
3332 11
3333 11
3334 12
3335 13
3336 13
3337 12
3338 13
3339 14
3340 14
3341 12
3342 13
3343 14
3344 9
3345 10
3346 12
3347 13
3348 11
3349 11
3350 12
3351 13
3352 12
3353 11
3354 13
3355 14
3356 14
3357 12
3358 13
3359 14
3360 12
3361 11
3362 12
3363 14
3364 12
3365 11
3366 12
3367 13
3368 13
3369 12
3370 13
3371 14
3372 14
3373 12
3374 13
3375 14
3376 14
3377 11
3378 13
3379 14
3380 12
3381 11
3382 12
3383 13
3384 14
3385 12
3386 13
3387 14
3388 15
3389 12
3390 14
3391 14
3392 4
3393 10
3394 12
3395 14
3396 11
3397 11
3398 12
3399 13
3400 13
3401 12
3402 13
3403 14
3404 14
3405 12
3406 14
3407 14
3408 8
3409 10
3410 12
3411 13
3412 11
3413 11
3414 12
3415 13
3416 12
3417 12
3418 13
3419 14
3420 14
3421 12
3422 13
3423 14
3424 11
3425 11
3426 12
3427 14
3428 12
3429 11
3430 12
3431 13
3432 13
3433 12
3434 13
3435 14
3436 14
3437 13
3438 14
3439 14
3440 13
3441 11
3442 13
3443 14
3444 12
3445 11
3446 13
3447 14
3448 14
3449 12
3450 13
3451 14
3452 15
3453 13
3454 14
3455 14
3456 8
3457 10
3458 12
3459 14
3460 11
3461 11
3462 12
3463 13
3464 13
3465 12
3466 13
3467 14
3468 14
3469 12
3470 13
3471 14
3472 9
3473 10
3474 12
3475 13
3476 11
3477 11
3478 12
3479 13
3480 12
3481 11
3482 13
3483 14
3484 14
3485 12
3486 13
3487 14
3488 12
3489 11
3490 12
3491 14
3492 12
3493 11
3494 12
3495 13
3496 13
3497 12
3498 13
3499 14
3500 14
3501 12
3502 13
3503 14
3504 14
3505 11
3506 13
3507 14
3508 12
3509 11
3510 12
3511 13
3512 14
3513 12
3514 13
3515 14
3516 15
3517 13
3518 14
3519 14
3520 12
3521 10
3522 12
3523 14
3524 11
3525 11
3526 12
3527 13
3528 13
3529 11
3530 13
3531 14
3532 14
3533 12
3534 13
3535 14
3536 10
3537 10
3538 12
3539 13
3540 11
3541 10
3542 12
3543 13
3544 12
3545 11
3546 12
3547 13
3548 14
3549 12
3550 13
3551 14
3552 12
3553 11
3554 12
3555 14
3556 12
3557 11
3558 12
3559 13
3560 13
3561 11
3562 13
3563 14
3564 14
3565 12
3566 13
3567 14
3568 14
3569 11
3570 13
3571 14
3572 12
3573 11
3574 12
3575 13
3576 14
3577 12
3578 13
3579 14
3580 15
3581 12
3582 13
3583 14
3584 16
3585 10
3586 12
3587 13
3588 10
3589 10
3590 11
3591 12
3592 12
3593 11
3594 12
3595 13
3596 14
3597 12
3598 13
3599 14
3600 8
3601 10
3602 11
3603 13
3604 10
3605 10
3606 11
3607 12
3608 12
3609 11
3610 12
3611 13
3612 13
3613 11
3614 12
3615 14
3616 11
3617 10
3618 12
3619 13
3620 11
3621 10
3622 11
3623 12
3624 12
3625 11
3626 12
3627 13
3628 14
3629 12
3630 13
3631 14
3632 14
3633 10
3634 12
3635 13
3636 12
3637 10
3638 12
3639 13
3640 13
3641 11
3642 12
3643 13
3644 14
3645 12
3646 13
3647 14
3648 4
3649 10
3650 12
3651 13
3652 10
3653 10
3654 12
3655 13
3656 12
3657 11
3658 12
3659 13
3660 14
3661 12
3662 13
3663 14
3664 8
3665 10
3666 11
3667 13
3668 10
3669 10
3670 11
3671 13
3672 12
3673 11
3674 12
3675 13
3676 13
3677 12
3678 13
3679 14
3680 10
3681 10
3682 12
3683 13
3684 11
3685 10
3686 12
3687 13
3688 12
3689 11
3690 12
3691 13
3692 14
3693 12
3694 13
3695 14
3696 12
3697 11
3698 12
3699 14
3700 12
3701 11
3702 12
3703 13
3704 13
3705 11
3706 13
3707 14
3708 14
3709 12
3710 13
3711 14
3712 8
3713 10
3714 12
3715 13
3716 10
3717 10
3718 11
3719 13
3720 12
3721 11
3722 12
3723 13
3724 14
3725 12
3726 13
3727 14
3728 8
3729 10
3730 11
3731 13
3732 10
3733 10
3734 11
3735 12
3736 12
3737 11
3738 12
3739 13
3740 13
3741 11
3742 13
3743 14
3744 11
3745 10
3746 12
3747 13
3748 11
3749 10
3750 11
3751 13
3752 12
3753 11
3754 12
3755 13
3756 14
3757 12
3758 13
3759 14
3760 13
3761 11
3762 12
3763 14
3764 12
3765 10
3766 12
3767 13
3768 13
3769 11
3770 12
3771 13
3772 14
3773 12
3774 13
3775 14
3776 12
3777 10
3778 12
3779 13
3780 10
3781 10
3782 11
3783 12
3784 13
3785 11
3786 12
3787 13
3788 14
3789 11
3790 13
3791 14
3792 9
3793 10
3794 11
3795 13
3796 10
3797 10
3798 11
3799 12
3800 12
3801 10
3802 12
3803 13
3804 13
3805 11
3806 12
3807 13
3808 12
3809 10
3810 12
3811 13
3812 11
3813 10
3814 11
3815 12
3816 12
3817 11
3818 12
3819 13
3820 14
3821 11
3822 13
3823 14
3824 14
3825 10
3826 12
3827 13
3828 12
3829 10
3830 11
3831 13
3832 13
3833 11
3834 12
3835 13
3836 14
3837 12
3838 13
3839 14
3840 16
3841 9
3842 11
3843 13
3844 10
3845 9
3846 11
3847 12
3848 12
3849 10
3850 11
3851 12
3852 14
3853 11
3854 12
3855 13
3856 8
3857 9
3858 10
3859 12
3860 9
3861 9
3862 10
3863 12
3864 11
3865 10
3866 11
3867 12
3868 12
3869 11
3870 12
3871 13
3872 10
3873 9
3874 11
3875 12
3876 10
3877 9
3878 11
3879 12
3880 12
3881 10
3882 11
3883 12
3884 13
3885 11
3886 12
3887 13
3888 13
3889 10
3890 11
3891 13
3892 11
3893 10
3894 11
3895 12
3896 12
3897 10
3898 11
3899 13
3900 14
3901 11
3902 12
3903 13
3904 4
3905 9
3906 11
3907 13
3908 9
3909 10
3910 11
3911 12
3912 11
3913 10
3914 12
3915 13
3916 13
3917 11
3918 12
3919 14
3920 7
3921 9
3922 11
3923 12
3924 9
3925 10
3926 11
3927 12
3928 11
3929 10
3930 11
3931 13
3932 12
3933 11
3934 12
3935 13
3936 9
3937 10
3938 11
3939 13
3940 10
3941 10
3942 11
3943 12
3944 12
3945 10
3946 12
3947 13
3948 13
3949 11
3950 12
3951 13
3952 12
3953 10
3954 12
3955 13
3956 11
3957 10
3958 11
3959 12
3960 12
3961 11
3962 12
3963 13
3964 14
3965 11
3966 13
3967 14
3968 8
3969 9
3970 11
3971 13
3972 10
3973 9
3974 11
3975 12
3976 12
3977 10
3978 11
3979 13
3980 14
3981 11
3982 12
3983 13
3984 8
3985 9
3986 11
3987 12
3988 9
3989 9
3990 10
3991 12
3992 11
3993 10
3994 11
3995 12
3996 12
3997 11
3998 12
3999 13
4000 10
4001 9
4002 11
4003 12
4004 10
4005 10
4006 11
4007 12
4008 12
4009 10
4010 11
4011 13
4012 13
4013 11
4014 12
4015 13
4016 12
4017 10
4018 11
4019 13
4020 11
4021 10
4022 11
4023 12
4024 12
4025 10
4026 12
4027 13
4028 14
4029 11
4030 12
4031 13
4032 12
4033 9
4034 11
4035 13
4036 10
4037 9
4038 10
4039 12
4040 12
4041 10
4042 11
4043 12
4044 14
4045 11
4046 12
4047 13
4048 8
4049 9
4050 10
4051 12
4052 9
4053 9
4054 10
4055 11
4056 11
4057 10
4058 11
4059 12
4060 12
4061 10
4062 12
4063 13
4064 11
4065 9
4066 11
4067 12
4068 10
4069 9
4070 10
4071 12
4072 12
4073 10
4074 11
4075 12
4076 13
4077 11
4078 12
4079 13
4080 13
4081 10
4082 11
4083 13
4084 11
4085 10
4086 11
4087 12
4088 12
4089 10
4090 11
4091 13
4092 14
4093 11
4094 12
4095 13
