#CSC Position Offset LUT
#Structure is comparator code (iCC) -> Stub position offset
#iCC bits: 12
#<header> v1.0 12 32 </header>
0 8
1 8
2 8
3 8
4 8
5 8
6 8
7 8
8 8
9 8
10 8
11 8
12 8
13 8
14 8
15 8
16 8
17 8
18 8
19 8
20 8
21 9
22 8
23 7
24 8
25 10
26 9
27 9
28 8
29 12
30 11
31 10
32 8
33 8
34 8
35 8
36 8
37 12
38 12
39 11
40 8
41 14
42 13
43 12
44 8
45 15
46 14
47 14
48 8
49 8
50 8
51 8
52 8
53 15
54 15
55 14
56 8
57 15
58 15
59 15
60 8
61 15
62 15
63 15
64 8
65 8
66 8
67 8
68 8
69 7
70 8
71 9
72 8
73 9
74 9
75 10
76 8
77 10
78 10
79 11
80 8
81 7
82 8
83 9
84 8
85 8
86 8
87 8
88 9
89 8
90 9
91 9
92 11
93 9
94 10
95 10
96 8
97 9
98 9
99 10
100 9
101 9
102 9
103 10
104 11
105 10
106 10
107 11
108 12
109 11
110 11
111 11
112 8
113 10
114 11
115 12
116 11
117 10
118 11
119 11
120 12
121 11
122 11
123 12
124 14
125 12
126 12
127 13
128 8
129 8
130 8
131 8
132 8
133 10
134 10
135 11
136 8
137 11
138 12
139 12
140 8
141 12
142 13
143 13
144 8
145 9
146 10
147 11
148 9
149 9
150 10
151 10
152 11
153 10
154 11
155 11
156 12
157 11
158 11
159 12
160 8
161 10
162 11
163 12
164 11
165 11
166 11
167 11
168 12
169 11
170 12
171 12
172 14
173 12
174 13
175 13
176 8
177 12
178 13
179 14
180 12
181 12
182 12
183 13
184 14
185 13
186 13
187 14
188 15
189 14
190 14
191 14
192 8
193 8
194 8
195 8
196 8
197 12
198 13
199 13
200 8
201 13
202 14
203 15
204 8
205 15
206 15
207 15
208 8
209 11
210 12
211 13
212 11
213 11
214 11
215 12
216 12
217 12
218 12
219 13
220 14
221 13
222 13
223 14
224 8
225 12
226 13
227 14
228 12
229 12
230 13
231 13
232 14
233 13
234 14
235 14
236 15
237 14
238 14
239 15
240 8
241 14
242 15
243 15
244 14
245 14
246 14
247 14
248 15
249 14
250 15
251 15
252 15
253 15
254 15
255 15
256 8
257 8
258 8
259 8
260 8
261 7
262 8
263 9
264 8
265 8
266 9
267 10
268 8
269 9
270 11
271 12
272 8
273 7
274 8
275 9
276 8
277 7
278 8
279 9
280 10
281 8
282 9
283 10
284 12
285 9
286 10
287 11
288 8
289 8
290 9
291 11
292 9
293 8
294 9
295 10
296 11
297 9
298 10
299 11
300 13
301 10
302 11
303 12
304 8
305 9
306 11
307 12
308 11
309 9
310 10
311 11
312 13
313 10
314 11
315 12
316 15
317 11
318 12
319 13
320 8
321 6
322 8
323 10
324 8
325 7
326 8
327 9
328 10
329 8
330 9
331 10
332 13
333 9
334 10
335 11
336 8
337 7
338 8
339 9
340 8
341 7
342 8
343 9
344 10
345 8
346 9
347 10
348 11
349 9
350 10
351 11
352 12
353 8
354 9
355 10
356 9
357 8
358 9
359 10
360 11
361 9
362 10
363 11
364 13
365 10
366 11
367 11
368 15
369 9
370 10
371 12
372 11
373 9
374 10
375 11
376 12
377 10
378 11
379 11
380 14
381 11
382 11
383 12
384 8
385 7
386 9
387 11
388 9
389 8
390 9
391 10
392 12
393 9
394 10
395 11
396 14
397 10
398 11
399 12
400 9
401 8
402 9
403 10
404 9
405 8
406 9
407 10
408 11
409 9
410 10
411 11
412 12
413 10
414 11
415 11
416 13
417 9
418 10
419 11
420 10
421 9
422 10
423 11
424 12
425 10
426 11
427 11
428 14
429 11
430 11
431 12
432 15
433 10
434 11
435 12
436 11
437 10
438 11
439 11
440 13
441 11
442 11
443 12
444 15
445 11
446 12
447 13
448 8
449 9
450 11
451 12
452 10
453 9
454 10
455 11
456 13
457 10
458 11
459 12
460 15
461 11
462 12
463 13
464 11
465 9
466 10
467 11
468 10
469 9
470 10
471 11
472 11
473 10
474 11
475 11
476 13
477 11
478 11
479 12
480 14
481 10
482 11
483 12
484 11
485 10
486 11
487 11
488 13
489 11
490 11
491 12
492 14
493 11
494 12
495 13
496 15
497 11
498 12
499 13
500 12
501 11
502 11
503 12
504 14
505 11
506 12
507 13
508 15
509 12
510 13
511 14
512 8
513 8
514 8
515 8
516 8
517 9
518 10
519 11
520 8
521 10
522 11
523 12
524 8
525 11
526 12
527 14
528 8
529 8
530 9
531 11
532 9
533 8
534 9
535 10
536 11
537 9
538 10
539 11
540 13
541 10
542 11
543 12
544 8
545 9
546 11
547 12
548 10
549 10
550 10
551 11
552 12
553 11
554 11
555 12
556 14
557 12
558 12
559 13
560 8
561 11
562 12
563 14
564 12
565 11
566 12
567 12
568 14
569 12
570 12
571 13
572 15
573 13
574 13
575 14
576 8
577 7
578 9
579 11
580 9
581 8
582 9
583 10
584 11
585 9
586 10
587 11
588 13
589 10
590 11
591 12
592 7
593 7
594 9
595 10
596 8
597 8
598 9
599 10
600 10
601 9
602 10
603 11
604 12
605 10
606 11
607 11
608 11
609 9
610 10
611 11
612 10
613 9
614 10
615 11
616 11
617 10
618 11
619 11
620 13
621 11
622 11
623 12
624 14
625 10
626 11
627 12
628 11
629 10
630 11
631 11
632 13
633 11
634 11
635 12
636 14
637 11
638 12
639 13
640 8
641 9
642 10
643 12
644 10
645 9
646 10
647 11
648 12
649 10
650 11
651 12
652 15
653 11
654 12
655 13
656 9
657 8
658 10
659 11
660 9
661 9
662 10
663 11
664 11
665 10
666 11
667 11
668 13
669 11
670 11
671 12
672 12
673 10
674 11
675 12
676 11
677 10
678 11
679 11
680 12
681 11
682 11
683 12
684 14
685 11
686 12
687 13
688 15
689 11
690 12
691 13
692 12
693 11
694 11
695 12
696 14
697 11
698 12
699 13
700 15
701 12
702 13
703 14
704 8
705 10
706 12
707 14
708 11
709 10
710 11
711 12
712 13
713 11
714 12
715 13
716 15
717 12
718 13
719 14
720 10
721 9
722 11
723 12
724 10
725 10
726 11
727 11
728 12
729 11
730 11
731 12
732 14
733 11
734 12
735 13
736 14
737 11
738 12
739 13
740 11
741 11
742 11
743 12
744 13
745 11
746 12
747 13
748 15
749 12
750 13
751 14
752 15
753 12
754 13
755 14
756 13
757 11
758 12
759 13
760 14
761 12
762 13
763 14
764 15
765 13
766 14
767 15
768 8
769 8
770 8
771 8
772 8
773 10
774 12
775 13
776 8
777 12
778 13
779 14
780 8
781 13
782 14
783 15
784 8
785 9
786 11
787 12
788 10
789 10
790 11
791 12
792 12
793 11
794 12
795 12
796 13
797 12
798 13
799 13
800 8
801 11
802 12
803 14
804 11
805 11
806 12
807 13
808 13
809 12
810 13
811 14
812 15
813 13
814 14
815 15
816 8
817 12
818 14
819 15
820 13
821 12
822 13
823 14
824 15
825 13
826 14
827 15
828 15
829 14
830 15
831 15
832 8
833 8
834 10
835 12
836 9
837 9
838 10
839 11
840 12
841 10
842 11
843 12
844 14
845 11
846 12
847 13
848 7
849 8
850 10
851 11
852 9
853 9
854 10
855 11
856 11
857 10
858 11
859 11
860 12
861 11
862 11
863 12
864 10
865 9
866 11
867 12
868 10
869 10
870 11
871 11
872 12
873 11
874 11
875 12
876 14
877 11
878 12
879 13
880 14
881 11
882 12
883 13
884 11
885 11
886 11
887 12
888 13
889 11
890 12
891 13
892 15
893 12
894 13
895 14
896 8
897 10
898 12
899 13
900 10
901 10
902 11
903 12
904 13
905 11
906 12
907 13
908 15
909 12
910 13
911 14
912 8
913 9
914 11
915 12
916 10
917 10
918 11
919 11
920 11
921 11
922 11
923 12
924 13
925 11
926 12
927 13
928 12
929 10
930 12
931 13
932 11
933 11
934 11
935 12
936 13
937 11
938 12
939 13
940 14
941 12
942 13
943 14
944 15
945 12
946 13
947 14
948 12
949 11
950 12
951 13
952 14
953 12
954 13
955 14
956 15
957 13
958 14
959 15
960 8
961 11
962 13
963 15
964 12
965 11
966 12
967 13
968 14
969 12
970 13
971 14
972 15
973 13
974 14
975 15
976 9
977 10
978 12
979 13
980 11
981 11
982 11
983 12
984 12
985 11
986 12
987 13
988 14
989 12
990 13
991 14
992 13
993 11
994 13
995 14
996 12
997 11
998 12
999 13
1000 14
1001 12
1002 13
1003 14
1004 15
1005 13
1006 14
1007 15
1008 15
1009 12
1010 14
1011 15
1012 13
1013 12
1014 13
1015 14
1016 15
1017 13
1018 14
1019 15
1020 15
1021 14
1022 15
1023 15
1024 8
1025 8
1026 8
1027 8
1028 8
1029 8
1030 9
1031 11
1032 8
1033 9
1034 11
1035 12
1036 8
1037 11
1038 12
1039 14
1040 8
1041 7
1042 9
1043 11
1044 9
1045 8
1046 9
1047 10
1048 11
1049 9
1050 10
1051 11
1052 13
1053 10
1054 11
1055 12
1056 8
1057 9
1058 11
1059 12
1060 10
1061 9
1062 10
1063 11
1064 12
1065 10
1066 11
1067 12
1068 14
1069 11
1070 12
1071 13
1072 8
1073 10
1074 12
1075 14
1076 12
1077 10
1078 11
1079 12
1080 14
1081 11
1082 12
1083 13
1084 15
1085 12
1086 13
1087 14
1088 8
1089 7
1090 9
1091 11
1092 8
1093 8
1094 9
1095 10
1096 11
1097 9
1098 10
1099 11
1100 13
1101 10
1102 11
1103 12
1104 7
1105 7
1106 9
1107 10
1108 8
1109 8
1110 9
1111 10
1112 10
1113 9
1114 10
1115 11
1116 12
1117 10
1118 11
1119 11
1120 10
1121 8
1122 10
1123 11
1124 10
1125 9
1126 10
1127 11
1128 11
1129 9
1130 10
1131 11
1132 13
1133 10
1134 11
1135 12
1136 13
1137 9
1138 11
1139 12
1140 11
1141 9
1142 10
1143 11
1144 13
1145 10
1146 11
1147 12
1148 14
1149 11
1150 12
1151 13
1152 8
1153 8
1154 10
1155 12
1156 10
1157 9
1158 10
1159 11
1160 12
1161 10
1162 11
1163 12
1164 15
1165 11
1166 12
1167 13
1168 9
1169 8
1170 10
1171 11
1172 9
1173 8
1174 9
1175 10
1176 11
1177 9
1178 10
1179 11
1180 13
1181 10
1182 11
1183 12
1184 12
1185 9
1186 11
1187 12
1188 11
1189 9
1190 10
1191 11
1192 12
1193 10
1194 11
1195 12
1196 14
1197 11
1198 12
1199 13
1200 15
1201 10
1202 12
1203 13
1204 12
1205 10
1206 11
1207 12
1208 14
1209 11
1210 12
1211 13
1212 15
1213 12
1214 13
1215 14
1216 8
1217 10
1218 12
1219 14
1220 11
1221 10
1222 11
1223 12
1224 14
1225 11
1226 12
1227 13
1228 15
1229 12
1230 13
1231 14
1232 11
1233 9
1234 11
1235 12
1236 10
1237 9
1238 10
1239 11
1240 12
1241 10
1242 11
1243 12
1244 14
1245 11
1246 12
1247 13
1248 14
1249 10
1250 12
1251 13
1252 12
1253 10
1254 11
1255 12
1256 13
1257 11
1258 12
1259 13
1260 15
1261 12
1262 13
1263 14
1264 15
1265 11
1266 13
1267 14
1268 13
1269 11
1270 12
1271 13
1272 15
1273 12
1274 13
1275 14
1276 15
1277 13
1278 14
1279 15
1280 8
1281 6
1282 9
1283 11
1284 8
1285 7
1286 9
1287 10
1288 11
1289 9
1290 10
1291 11
1292 14
1293 10
1294 11
1295 13
1296 7
1297 7
1298 9
1299 10
1300 8
1301 7
1302 9
1303 10
1304 10
1305 8
1306 10
1307 11
1308 12
1309 9
1310 11
1311 12
1312 11
1313 8
1314 10
1315 11
1316 10
1317 8
1318 9
1319 11
1320 12
1321 9
1322 10
1323 12
1324 14
1325 10
1326 11
1327 13
1328 15
1329 9
1330 11
1331 13
1332 11
1333 9
1334 10
1335 11
1336 13
1337 10
1338 11
1339 12
1340 15
1341 11
1342 12
1343 13
1344 5
1345 6
1346 8
1347 10
1348 8
1349 7
1350 8
1351 10
1352 10
1353 8
1354 10
1355 11
1356 13
1357 9
1358 11
1359 12
1360 7
1361 7
1362 8
1363 10
1364 8
1365 7
1366 8
1367 9
1368 10
1369 8
1370 9
1371 10
1372 11
1373 9
1374 10
1375 11
1376 10
1377 8
1378 9
1379 11
1380 9
1381 8
1382 9
1383 10
1384 11
1385 9
1386 10
1387 11
1388 13
1389 10
1390 11
1391 12
1392 13
1393 9
1394 10
1395 12
1396 11
1397 9
1398 10
1399 11
1400 12
1401 10
1402 11
1403 12
1404 14
1405 11
1406 12
1407 13
1408 11
1409 8
1410 9
1411 11
1412 9
1413 8
1414 9
1415 10
1416 12
1417 9
1418 10
1419 12
1420 14
1421 10
1422 11
1423 13
1424 9
1425 8
1426 9
1427 11
1428 9
1429 8
1430 9
1431 10
1432 11
1433 9
1434 10
1435 11
1436 12
1437 10
1438 11
1439 12
1440 12
1441 9
1442 10
1443 12
1444 10
1445 9
1446 10
1447 11
1448 12
1449 10
1450 11
1451 12
1452 14
1453 11
1454 12
1455 13
1456 15
1457 10
1458 11
1459 13
1460 11
1461 10
1462 11
1463 12
1464 13
1465 10
1466 11
1467 12
1468 15
1469 11
1470 12
1471 13
1472 15
1473 9
1474 11
1475 13
1476 10
1477 9
1478 10
1479 11
1480 13
1481 10
1482 11
1483 12
1484 15
1485 11
1486 12
1487 13
1488 11
1489 8
1490 10
1491 11
1492 10
1493 9
1494 10
1495 11
1496 11
1497 10
1498 11
1499 12
1500 13
1501 10
1502 11
1503 12
1504 14
1505 9
1506 11
1507 12
1508 11
1509 9
1510 10
1511 11
1512 13
1513 10
1514 11
1515 12
1516 14
1517 11
1518 12
1519 13
1520 15
1521 11
1522 12
1523 14
1524 12
1525 10
1526 11
1527 12
1528 14
1529 11
1530 12
1531 13
1532 15
1533 12
1534 13
1535 14
1536 8
1537 8
1538 10
1539 12
1540 9
1541 8
1542 10
1543 11
1544 12
1545 9
1546 11
1547 12
1548 15
1549 11
1550 12
1551 13
1552 8
1553 8
1554 9
1555 11
1556 9
1557 8
1558 9
1559 10
1560 11
1561 9
1562 10
1563 11
1564 13
1565 10
1566 11
1567 12
1568 12
1569 9
1570 11
1571 12
1572 10
1573 9
1574 10
1575 11
1576 12
1577 10
1578 11
1579 12
1580 14
1581 11
1582 12
1583 13
1584 15
1585 10
1586 12
1587 13
1588 12
1589 10
1590 11
1591 12
1592 14
1593 11
1594 12
1595 13
1596 15
1597 12
1598 13
1599 14
1600 7
1601 7
1602 9
1603 11
1604 9
1605 8
1606 9
1607 10
1608 11
1609 9
1610 10
1611 11
1612 13
1613 10
1614 11
1615 13
1616 8
1617 7
1618 9
1619 10
1620 8
1621 8
1622 9
1623 10
1624 10
1625 9
1626 10
1627 11
1628 12
1629 10
1630 11
1631 12
1632 11
1633 8
1634 10
1635 11
1636 10
1637 9
1638 10
1639 11
1640 11
1641 10
1642 11
1643 12
1644 13
1645 10
1646 11
1647 12
1648 14
1649 9
1650 11
1651 12
1652 11
1653 9
1654 10
1655 11
1656 13
1657 10
1658 11
1659 12
1660 14
1661 11
1662 12
1663 13
1664 12
1665 8
1666 10
1667 12
1668 10
1669 9
1670 10
1671 11
1672 12
1673 10
1674 11
1675 12
1676 15
1677 11
1678 12
1679 13
1680 9
1681 8
1682 10
1683 11
1684 9
1685 9
1686 10
1687 11
1688 11
1689 9
1690 10
1691 11
1692 13
1693 10
1694 11
1695 12
1696 12
1697 9
1698 11
1699 12
1700 11
1701 9
1702 10
1703 11
1704 12
1705 10
1706 11
1707 12
1708 14
1709 11
1710 12
1711 13
1712 15
1713 10
1714 12
1715 13
1716 12
1717 10
1718 11
1719 12
1720 14
1721 11
1722 12
1723 13
1724 15
1725 12
1726 13
1727 14
1728 15
1729 9
1730 11
1731 13
1732 11
1733 9
1734 11
1735 12
1736 13
1737 11
1738 12
1739 13
1740 15
1741 12
1742 13
1743 14
1744 11
1745 9
1746 11
1747 12
1748 10
1749 9
1750 10
1751 11
1752 12
1753 10
1754 11
1755 12
1756 14
1757 11
1758 12
1759 13
1760 14
1761 10
1762 12
1763 13
1764 11
1765 10
1766 11
1767 12
1768 13
1769 11
1770 12
1771 13
1772 15
1773 12
1774 13
1775 14
1776 15
1777 11
1778 13
1779 14
1780 13
1781 11
1782 12
1783 13
1784 14
1785 12
1786 13
1787 14
1788 15
1789 13
1790 14
1791 15
1792 8
1793 9
1794 11
1795 13
1796 10
1797 9
1798 10
1799 12
1800 13
1801 10
1802 12
1803 13
1804 15
1805 12
1806 13
1807 14
1808 9
1809 8
1810 10
1811 12
1812 9
1813 9
1814 10
1815 11
1816 11
1817 10
1818 11
1819 12
1820 13
1821 11
1822 12
1823 13
1824 13
1825 10
1826 11
1827 13
1828 11
1829 10
1830 11
1831 12
1832 13
1833 11
1834 12
1835 13
1836 15
1837 12
1838 13
1839 14
1840 15
1841 11
1842 13
1843 14
1844 12
1845 11
1846 12
1847 13
1848 14
1849 12
1850 13
1851 14
1852 15
1853 13
1854 14
1855 15
1856 8
1857 8
1858 10
1859 12
1860 9
1861 9
1862 10
1863 11
1864 12
1865 10
1866 11
1867 12
1868 14
1869 11
1870 12
1871 13
1872 8
1873 8
1874 9
1875 11
1876 9
1877 8
1878 9
1879 10
1880 11
1881 9
1882 10
1883 11
1884 12
1885 10
1886 11
1887 12
1888 11
1889 9
1890 11
1891 12
1892 10
1893 9
1894 10
1895 11
1896 12
1897 10
1898 11
1899 12
1900 14
1901 11
1902 12
1903 13
1904 14
1905 10
1906 12
1907 13
1908 11
1909 10
1910 11
1911 12
1912 13
1913 11
1914 12
1915 13
1916 15
1917 12
1918 13
1919 14
1920 14
1921 9
1922 11
1923 13
1924 10
1925 9
1926 11
1927 12
1928 13
1929 10
1930 12
1931 13
1932 15
1933 11
1934 13
1935 14
1936 10
1937 9
1938 10
1939 12
1940 10
1941 9
1942 10
1943 11
1944 11
1945 10
1946 11
1947 12
1948 13
1949 11
1950 12
1951 13
1952 13
1953 10
1954 11
1955 13
1956 11
1957 10
1958 11
1959 12
1960 13
1961 11
1962 12
1963 13
1964 14
1965 12
1966 13
1967 14
1968 15
1969 11
1970 12
1971 14
1972 12
1973 11
1974 12
1975 13
1976 14
1977 12
1978 13
1979 14
1980 15
1981 12
1982 13
1983 14
1984 15
1985 10
1986 12
1987 14
1988 12
1989 10
1990 11
1991 13
1992 14
1993 11
1994 12
1995 14
1996 15
1997 12
1998 14
1999 15
2000 11
2001 10
2002 11
2003 13
2004 11
2005 10
2006 11
2007 12
2008 12
2009 11
2010 12
2011 13
2012 14
2013 12
2014 13
2015 14
2016 14
2017 11
2018 12
2019 14
2020 12
2021 10
2022 12
2023 13
2024 14
2025 11
2026 12
2027 13
2028 15
2029 12
2030 13
2031 14
2032 15
2033 12
2034 13
2035 15
2036 13
2037 11
2038 12
2039 13
2040 15
2041 12
2042 13
2043 14
2044 15
2045 13
2046 14
2047 15
2048 8
2049 8
2050 8
2051 8
2052 8
2053 9
2054 11
2055 12
2056 8
2057 11
2058 12
2059 14
2060 8
2061 12
2062 14
2063 15
2064 8
2065 9
2066 10
2067 12
2068 9
2069 9
2070 10
2071 11
2072 11
2073 10
2074 11
2075 12
2076 13
2077 11
2078 12
2079 13
2080 8
2081 10
2082 12
2083 13
2084 11
2085 10
2086 11
2087 12
2088 13
2089 11
2090 12
2091 13
2092 15
2093 12
2094 13
2095 14
2096 8
2097 11
2098 13
2099 15
2100 13
2101 11
2102 12
2103 13
2104 15
2105 12
2106 13
2107 14
2108 15
2109 13
2110 14
2111 15
2112 8
2113 8
2114 10
2115 12
2116 9
2117 8
2118 10
2119 11
2120 11
2121 10
2122 11
2123 12
2124 14
2125 11
2126 12
2127 13
2128 7
2129 8
2130 9
2131 11
2132 8
2133 8
2134 9
2135 10
2136 10
2137 9
2138 10
2139 11
2140 12
2141 10
2142 11
2143 12
2144 10
2145 9
2146 10
2147 12
2148 10
2149 9
2150 10
2151 11
2152 12
2153 10
2154 11
2155 12
2156 13
2157 11
2158 12
2159 13
2160 13
2161 10
2162 12
2163 13
2164 11
2165 10
2166 11
2167 12
2168 13
2169 11
2170 12
2171 13
2172 15
2173 12
2174 13
2175 14
2176 8
2177 9
2178 11
2179 13
2180 10
2181 9
2182 11
2183 12
2184 13
2185 11
2186 12
2187 13
2188 15
2189 12
2190 13
2191 14
2192 9
2193 9
2194 10
2195 12
2196 9
2197 9
2198 10
2199 11
2200 11
2201 10
2202 11
2203 12
2204 13
2205 11
2206 12
2207 13
2208 12
2209 10
2210 11
2211 13
2212 11
2213 10
2214 11
2215 12
2216 12
2217 11
2218 12
2219 13
2220 14
2221 12
2222 13
2223 14
2224 15
2225 11
2226 13
2227 14
2228 12
2229 11
2230 12
2231 13
2232 14
2233 12
2234 13
2235 14
2236 15
2237 13
2238 14
2239 15
2240 8
2241 10
2242 12
2243 14
2244 12
2245 10
2246 12
2247 13
2248 14
2249 12
2250 13
2251 14
2252 15
2253 13
2254 14
2255 15
2256 10
2257 10
2258 11
2259 13
2260 10
2261 10
2262 11
2263 12
2264 12
2265 11
2266 12
2267 13
2268 14
2269 12
2270 13
2271 14
2272 13
2273 11
2274 12
2275 14
2276 12
2277 11
2278 12
2279 13
2280 13
2281 12
2282 13
2283 14
2284 15
2285 13
2286 14
2287 15
2288 15
2289 12
2290 14
2291 15
2292 13
2293 12
2294 13
2295 14
2296 15
2297 13
2298 14
2299 15
2300 15
2301 14
2302 15
2303 15
2304 8
2305 7
2306 10
2307 12
2308 9
2309 8
2310 9
2311 11
2312 12
2313 9
2314 11
2315 12
2316 15
2317 11
2318 12
2319 13
2320 7
2321 7
2322 9
2323 11
2324 8
2325 8
2326 9
2327 10
2328 10
2329 9
2330 10
2331 11
2332 12
2333 10
2334 11
2335 12
2336 11
2337 9
2338 10
2339 12
2340 10
2341 9
2342 10
2343 11
2344 12
2345 10
2346 11
2347 12
2348 14
2349 11
2350 12
2351 13
2352 15
2353 10
2354 12
2355 13
2356 11
2357 10
2358 11
2359 12
2360 13
2361 11
2362 12
2363 13
2364 15
2365 12
2366 13
2367 14
2368 2
2369 7
2370 9
2371 11
2372 8
2373 8
2374 9
2375 10
2376 10
2377 9
2378 10
2379 11
2380 13
2381 10
2382 11
2383 12
2384 6
2385 7
2386 9
2387 10
2388 8
2389 8
2390 9
2391 10
2392 10
2393 9
2394 10
2395 11
2396 11
2397 10
2398 11
2399 12
2400 9
2401 8
2402 10
2403 11
2404 9
2405 9
2406 10
2407 11
2408 11
2409 9
2410 10
2411 11
2412 13
2413 10
2414 11
2415 12
2416 12
2417 9
2418 11
2419 12
2420 11
2421 9
2422 10
2423 11
2424 12
2425 10
2426 11
2427 12
2428 14
2429 11
2430 12
2431 13
2432 8
2433 8
2434 10
2435 12
2436 9
2437 9
2438 10
2439 11
2440 12
2441 10
2442 11
2443 12
2444 14
2445 11
2446 12
2447 13
2448 8
2449 8
2450 9
2451 11
2452 9
2453 8
2454 9
2455 10
2456 11
2457 9
2458 10
2459 11
2460 12
2461 10
2462 11
2463 12
2464 11
2465 9
2466 11
2467 12
2468 10
2469 9
2470 10
2471 11
2472 12
2473 10
2474 11
2475 12
2476 14
2477 11
2478 12
2479 13
2480 14
2481 10
2482 12
2483 13
2484 11
2485 10
2486 11
2487 12
2488 13
2489 11
2490 12
2491 13
2492 15
2493 12
2494 13
2495 14
2496 14
2497 9
2498 11
2499 13
2500 10
2501 9
2502 11
2503 12
2504 13
2505 10
2506 12
2507 13
2508 15
2509 11
2510 13
2511 14
2512 10
2513 9
2514 10
2515 12
2516 10
2517 9
2518 10
2519 11
2520 11
2521 10
2522 11
2523 12
2524 13
2525 11
2526 12
2527 13
2528 13
2529 10
2530 11
2531 13
2532 11
2533 10
2534 11
2535 12
2536 13
2537 11
2538 12
2539 13
2540 14
2541 12
2542 13
2543 14
2544 15
2545 11
2546 12
2547 14
2548 12
2549 11
2550 12
2551 13
2552 14
2553 12
2554 13
2555 14
2556 15
2557 12
2558 13
2559 14
2560 8
2561 8
2562 11
2563 13
2564 10
2565 9
2566 10
2567 12
2568 13
2569 10
2570 12
2571 13
2572 15
2573 11
2574 13
2575 14
2576 8
2577 8
2578 10
2579 12
2580 9
2581 9
2582 10
2583 11
2584 11
2585 10
2586 11
2587 12
2588 13
2589 11
2590 12
2591 13
2592 12
2593 9
2594 11
2595 13
2596 11
2597 10
2598 11
2599 12
2600 12
2601 11
2602 12
2603 13
2604 14
2605 12
2606 13
2607 14
2608 15
2609 11
2610 12
2611 14
2612 12
2613 11
2614 12
2615 13
2616 14
2617 12
2618 13
2619 14
2620 15
2621 13
2622 14
2623 15
2624 4
2625 8
2626 10
2627 12
2628 9
2629 8
2630 10
2631 11
2632 11
2633 9
2634 11
2635 12
2636 13
2637 11
2638 12
2639 13
2640 7
2641 8
2642 9
2643 11
2644 8
2645 8
2646 9
2647 10
2648 10
2649 9
2650 10
2651 11
2652 12
2653 10
2654 11
2655 12
2656 10
2657 9
2658 10
2659 12
2660 10
2661 9
2662 10
2663 11
2664 11
2665 10
2666 11
2667 12
2668 13
2669 11
2670 12
2671 13
2672 13
2673 10
2674 11
2675 13
2676 11
2677 10
2678 11
2679 12
2680 13
2681 11
2682 12
2683 13
2684 14
2685 12
2686 13
2687 14
2688 9
2689 9
2690 11
2691 13
2692 10
2693 9
2694 10
2695 12
2696 12
2697 10
2698 11
2699 13
2700 15
2701 11
2702 13
2703 14
2704 8
2705 9
2706 10
2707 12
2708 9
2709 9
2710 10
2711 11
2712 11
2713 10
2714 11
2715 12
2716 13
2717 11
2718 12
2719 13
2720 11
2721 10
2722 11
2723 13
2724 11
2725 10
2726 11
2727 12
2728 12
2729 11
2730 12
2731 13
2732 14
2733 12
2734 13
2735 14
2736 14
2737 11
2738 12
2739 14
2740 12
2741 10
2742 12
2743 13
2744 14
2745 11
2746 12
2747 13
2748 15
2749 12
2750 13
2751 14
2752 15
2753 10
2754 12
2755 14
2756 11
2757 10
2758 11
2759 12
2760 13
2761 11
2762 12
2763 14
2764 15
2765 12
2766 13
2767 15
2768 10
2769 9
2770 11
2771 12
2772 10
2773 10
2774 11
2775 12
2776 12
2777 10
2778 12
2779 13
2780 14
2781 11
2782 12
2783 13
2784 13
2785 10
2786 12
2787 13
2788 11
2789 10
2790 11
2791 12
2792 13
2793 11
2794 12
2795 13
2796 15
2797 12
2798 13
2799 14
2800 15
2801 11
2802 13
2803 14
2804 13
2805 11
2806 12
2807 13
2808 14
2809 12
2810 13
2811 14
2812 15
2813 13
2814 14
2815 15
2816 8
2817 9
2818 12
2819 14
2820 11
2821 10
2822 11
2823 13
2824 14
2825 11
2826 12
2827 14
2828 15
2829 12
2830 14
2831 15
2832 9
2833 9
2834 11
2835 12
2836 10
2837 9
2838 11
2839 12
2840 12
2841 10
2842 12
2843 13
2844 14
2845 11
2846 13
2847 14
2848 13
2849 10
2850 12
2851 14
2852 11
2853 10
2854 11
2855 13
2856 13
2857 11
2858 12
2859 14
2860 15
2861 12
2862 13
2863 15
2864 15
2865 12
2866 13
2867 15
2868 13
2869 11
2870 12
2871 13
2872 15
2873 12
2874 13
2875 14
2876 15
2877 13
2878 14
2879 15
2880 5
2881 8
2882 10
2883 12
2884 9
2885 9
2886 10
2887 11
2888 12
2889 10
2890 11
2891 13
2892 14
2893 11
2894 12
2895 14
2896 7
2897 8
2898 10
2899 11
2900 9
2901 9
2902 10
2903 11
2904 11
2905 10
2906 11
2907 12
2908 12
2909 11
2910 12
2911 13
2912 10
2913 9
2914 11
2915 12
2916 10
2917 10
2918 11
2919 12
2920 12
2921 10
2922 12
2923 13
2924 14
2925 11
2926 12
2927 13
2928 13
2929 10
2930 12
2931 13
2932 11
2933 10
2934 11
2935 12
2936 13
2937 11
2938 12
2939 13
2940 15
2941 12
2942 13
2943 14
2944 11
2945 9
2946 11
2947 13
2948 10
2949 10
2950 11
2951 12
2952 13
2953 11
2954 12
2955 13
2956 15
2957 12
2958 13
2959 14
2960 9
2961 9
2962 11
2963 12
2964 10
2965 9
2966 10
2967 12
2968 11
2969 10
2970 11
2971 12
2972 13
2973 11
2974 12
2975 13
2976 12
2977 10
2978 12
2979 13
2980 11
2981 10
2982 11
2983 12
2984 13
2985 11
2986 12
2987 13
2988 14
2989 12
2990 13
2991 14
2992 15
2993 11
2994 13
2995 14
2996 12
2997 11
2998 12
2999 13
3000 14
3001 12
3002 13
3003 14
3004 15
3005 13
3006 14
3007 15
3008 15
3009 11
3010 13
3011 15
3012 12
3013 11
3014 12
3015 13
3016 14
3017 12
3018 13
3019 14
3020 15
3021 13
3022 14
3023 15
3024 11
3025 10
3026 11
3027 13
3028 11
3029 10
3030 11
3031 12
3032 12
3033 11
3034 12
3035 13
3036 14
3037 12
3038 13
3039 14
3040 14
3041 11
3042 12
3043 14
3044 12
3045 11
3046 12
3047 13
3048 14
3049 12
3050 13
3051 14
3052 15
3053 13
3054 14
3055 15
3056 15
3057 12
3058 14
3059 15
3060 13
3061 12
3062 13
3063 14
3064 15
3065 13
3066 14
3067 15
3068 15
3069 13
3070 14
3071 15
3072 8
3073 8
3074 8
3075 8
3076 8
3077 11
3078 12
3079 14
3080 8
3081 12
3082 14
3083 15
3084 8
3085 14
3086 15
3087 15
3088 8
3089 10
3090 11
3091 13
3092 10
3093 10
3094 11
3095 12
3096 12
3097 11
3098 12
3099 13
3100 14
3101 12
3102 13
3103 14
3104 8
3105 11
3106 13
3107 14
3108 12
3109 11
3110 12
3111 13
3112 14
3113 12
3114 13
3115 14
3116 15
3117 13
3118 14
3119 15
3120 8
3121 13
3122 14
3123 15
3124 13
3125 12
3126 13
3127 14
3128 15
3129 13
3130 14
3131 15
3132 15
3133 14
3134 15
3135 15
3136 8
3137 9
3138 11
3139 13
3140 9
3141 9
3142 11
3143 12
3144 12
3145 10
3146 12
3147 13
3148 14
3149 12
3150 13
3151 14
3152 6
3153 8
3154 10
3155 11
3156 9
3157 9
3158 10
3159 11
3160 10
3161 10
3162 11
3163 12
3164 12
3165 11
3166 12
3167 13
3168 9
3169 10
3170 11
3171 13
3172 10
3173 10
3174 11
3175 12
3176 12
3177 11
3178 12
3179 13
3180 13
3181 12
3182 13
3183 14
3184 12
3185 11
3186 12
3187 14
3188 11
3189 11
3190 12
3191 13
3192 13
3193 12
3194 13
3195 14
3196 15
3197 13
3198 14
3199 15
3200 8
3201 10
3202 12
3203 14
3204 10
3205 10
3206 12
3207 13
3208 13
3209 12
3210 13
3211 14
3212 15
3213 13
3214 14
3215 15
3216 8
3217 9
3218 11
3219 12
3220 10
3221 10
3222 11
3223 12
3224 11
3225 11
3226 12
3227 13
3228 13
3229 12
3230 13
3231 14
3232 11
3233 11
3234 12
3235 14
3236 11
3237 11
3238 12
3239 13
3240 13
3241 12
3242 13
3243 14
3244 14
3245 13
3246 14
3247 15
3248 14
3249 12
3250 13
3251 15
3252 12
3253 12
3254 13
3255 14
3256 14
3257 13
3258 14
3259 14
3260 15
3261 13
3262 14
3263 15
3264 8
3265 11
3266 13
3267 15
3268 12
3269 11
3270 13
3271 14
3272 14
3273 13
3274 14
3275 15
3276 15
3277 14
3278 15
3279 15
3280 10
3281 10
3282 12
3283 13
3284 11
3285 11
3286 12
3287 13
3288 12
3289 12
3290 13
3291 14
3292 14
3293 13
3294 14
3295 14
3296 13
3297 12
3298 13
3299 15
3300 12
3301 12
3302 13
3303 14
3304 14
3305 12
3306 13
3307 14
3308 15
3309 13
3310 14
3311 15
3312 15
3313 13
3314 14
3315 15
3316 13
3317 12
3318 13
3319 14
3320 15
3321 13
3322 14
3323 15
3324 15
3325 14
3326 15
3327 15
3328 8
3329 8
3330 10
3331 13
3332 9
3333 9
3334 10
3335 12
3336 12
3337 10
3338 11
3339 13
3340 15
3341 11
3342 13
3343 14
3344 6
3345 8
3346 10
3347 11
3348 9
3349 9
3350 10
3351 11
3352 11
3353 10
3354 11
3355 12
3356 12
3357 11
3358 12
3359 13
3360 10
3361 9
3362 11
3363 13
3364 10
3365 10
3366 11
3367 12
3368 12
3369 11
3370 12
3371 13
3372 14
3373 12
3374 13
3375 14
3376 14
3377 10
3378 12
3379 14
3380 12
3381 10
3382 12
3383 13
3384 14
3385 11
3386 13
3387 14
3388 15
3389 12
3390 14
3391 15
3392 0
3393 7
3394 9
3395 11
3396 8
3397 8
3398 9
3399 11
3400 10
3401 9
3402 11
3403 12
3404 13
3405 10
3406 12
3407 13
3408 5
3409 8
3410 9
3411 11
3412 8
3413 8
3414 9
3415 10
3416 10
3417 9
3418 10
3419 11
3420 11
3421 10
3422 11
3423 12
3424 8
3425 9
3426 10
3427 12
3428 9
3429 9
3430 10
3431 11
3432 11
3433 10
3434 11
3435 12
3436 13
3437 11
3438 12
3439 13
3440 11
3441 10
3442 11
3443 13
3444 11
3445 10
3446 11
3447 12
3448 12
3449 11
3450 12
3451 13
3452 14
3453 12
3454 13
3455 14
3456 5
3457 8
3458 10
3459 12
3460 9
3461 9
3462 10
3463 11
3464 12
3465 10
3466 11
3467 13
3468 14
3469 11
3470 12
3471 14
3472 7
3473 8
3474 10
3475 11
3476 9
3477 9
3478 10
3479 11
3480 11
3481 10
3482 11
3483 12
3484 12
3485 11
3486 12
3487 13
3488 10
3489 9
3490 11
3491 12
3492 10
3493 10
3494 11
3495 12
3496 12
3497 10
3498 12
3499 13
3500 14
3501 11
3502 12
3503 13
3504 13
3505 10
3506 12
3507 13
3508 11
3509 10
3510 11
3511 12
3512 13
3513 11
3514 12
3515 13
3516 15
3517 12
3518 13
3519 14
3520 11
3521 9
3522 11
3523 13
3524 10
3525 10
3526 11
3527 12
3528 13
3529 11
3530 12
3531 13
3532 15
3533 12
3534 13
3535 14
3536 9
3537 9
3538 11
3539 12
3540 10
3541 9
3542 10
3543 12
3544 11
3545 10
3546 11
3547 12
3548 13
3549 11
3550 12
3551 13
3552 12
3553 10
3554 12
3555 13
3556 11
3557 10
3558 11
3559 12
3560 13
3561 11
3562 12
3563 13
3564 14
3565 12
3566 13
3567 14
3568 15
3569 11
3570 13
3571 14
3572 12
3573 11
3574 12
3575 13
3576 14
3577 12
3578 13
3579 14
3580 15
3581 13
3582 14
3583 15
3584 8
3585 9
3586 12
3587 14
3588 10
3589 10
3590 11
3591 12
3592 13
3593 11
3594 12
3595 14
3596 15
3597 12
3598 14
3599 15
3600 7
3601 9
3602 10
3603 12
3604 9
3605 9
3606 10
3607 12
3608 11
3609 10
3610 11
3611 13
3612 13
3613 11
3614 12
3615 14
3616 11
3617 10
3618 12
3619 13
3620 11
3621 10
3622 11
3623 12
3624 13
3625 11
3626 12
3627 13
3628 15
3629 12
3630 13
3631 14
3632 15
3633 11
3634 13
3635 15
3636 12
3637 11
3638 12
3639 13
3640 14
3641 12
3642 13
3643 14
3644 15
3645 13
3646 14
3647 15
3648 1
3649 8
3650 10
3651 12
3652 9
3653 9
3654 10
3655 11
3656 11
3657 10
3658 11
3659 12
3660 13
3661 11
3662 12
3663 14
3664 6
3665 8
3666 10
3667 11
3668 8
3669 9
3670 10
3671 11
3672 10
3673 10
3674 11
3675 12
3676 12
3677 10
3678 12
3679 13
3680 9
3681 9
3682 11
3683 12
3684 10
3685 9
3686 10
3687 12
3688 11
3689 10
3690 11
3691 12
3692 13
3693 11
3694 12
3695 13
3696 12
3697 10
3698 12
3699 13
3700 11
3701 10
3702 11
3703 12
3704 13
3705 11
3706 12
3707 13
3708 14
3709 12
3710 13
3711 14
3712 7
3713 9
3714 11
3715 13
3716 10
3717 10
3718 11
3719 12
3720 12
3721 11
3722 12
3723 13
3724 15
3725 12
3726 13
3727 14
3728 8
3729 9
3730 10
3731 12
3732 9
3733 9
3734 10
3735 11
3736 11
3737 10
3738 11
3739 12
3740 13
3741 11
3742 12
3743 13
3744 11
3745 10
3746 11
3747 13
3748 11
3749 10
3750 11
3751 12
3752 12
3753 11
3754 12
3755 13
3756 14
3757 12
3758 13
3759 14
3760 14
3761 11
3762 12
3763 14
3764 12
3765 11
3766 12
3767 13
3768 14
3769 12
3770 13
3771 14
3772 15
3773 13
3774 14
3775 15
3776 12
3777 10
3778 12
3779 14
3780 11
3781 10
3782 12
3783 13
3784 13
3785 12
3786 13
3787 14
3788 15
3789 13
3790 14
3791 15
3792 9
3793 10
3794 11
3795 13
3796 10
3797 10
3798 11
3799 12
3800 12
3801 11
3802 12
3803 13
3804 14
3805 12
3806 13
3807 14
3808 12
3809 11
3810 12
3811 14
3812 11
3813 11
3814 12
3815 13
3816 13
3817 12
3818 13
3819 14
3820 15
3821 13
3822 14
3823 15
3824 15
3825 12
3826 13
3827 15
3828 13
3829 12
3830 13
3831 14
3832 14
3833 12
3834 13
3835 14
3836 15
3837 13
3838 14
3839 15
3840 8
3841 10
3842 13
3843 15
3844 11
3845 11
3846 12
3847 13
3848 14
3849 12
3850 13
3851 15
3852 15
3853 13
3854 14
3855 15
3856 8
3857 10
3858 11
3859 13
3860 10
3861 10
3862 11
3863 12
3864 12
3865 11
3866 12
3867 13
3868 14
3869 12
3870 13
3871 14
3872 12
3873 11
3874 13
3875 14
3876 11
3877 11
3878 12
3879 13
3880 13
3881 12
3882 13
3883 14
3884 15
3885 13
3886 14
3887 15
3888 15
3889 12
3890 14
3891 15
3892 13
3893 12
3894 13
3895 14
3896 15
3897 13
3898 14
3899 15
3900 15
3901 14
3902 15
3903 15
3904 2
3905 9
3906 11
3907 13
3908 9
3909 10
3910 11
3911 12
3912 12
3913 11
3914 12
3915 13
3916 14
3917 12
3918 13
3919 14
3920 6
3921 9
3922 10
3923 12
3924 9
3925 9
3926 10
3927 11
3928 11
3929 10
3930 11
3931 12
3932 12
3933 11
3934 12
3935 13
3936 9
3937 10
3938 11
3939 13
3940 10
3941 10
3942 11
3943 12
3944 12
3945 11
3946 12
3947 13
3948 14
3949 12
3950 13
3951 14
3952 12
3953 11
3954 12
3955 14
3956 11
3957 11
3958 12
3959 13
3960 13
3961 12
3962 13
3963 14
3964 15
3965 13
3966 14
3967 15
3968 8
3969 10
3970 12
3971 14
3972 10
3973 10
3974 12
3975 13
3976 13
3977 11
3978 13
3979 14
3980 15
3981 12
3982 14
3983 15
3984 8
3985 9
3986 11
3987 12
3988 10
3989 10
3990 11
3991 12
3992 11
3993 11
3994 12
3995 13
3996 13
3997 12
3998 13
3999 14
4000 11
4001 11
4002 12
4003 14
4004 11
4005 11
4006 12
4007 13
4008 13
4009 12
4010 13
4011 14
4012 14
4013 12
4014 13
4015 14
4016 14
4017 12
4018 13
4019 15
4020 12
4021 11
4022 12
4023 13
4024 14
4025 12
4026 13
4027 14
4028 15
4029 13
4030 14
4031 15
4032 14
4033 11
4034 13
4035 15
4036 12
4037 11
4038 12
4039 14
4040 14
4041 12
4042 13
4043 15
4044 15
4045 13
4046 15
4047 15
4048 10
4049 10
4050 12
4051 13
4052 11
4053 11
4054 12
4055 13
4056 12
4057 11
4058 12
4059 13
4060 14
4061 12
4062 13
4063 14
4064 13
4065 11
4066 13
4067 14
4068 12
4069 11
4070 12
4071 13
4072 14
4073 12
4074 13
4075 14
4076 15
4077 13
4078 14
4079 15
4080 15
4081 12
4082 14
4083 15
4084 13
4085 12
4086 13
4087 14
4088 15
4089 13
4090 14
4091 15
4092 15
4093 14
4094 15
4095 15
