#CSC Slope LUT
#Structure is comparator code (iCC) -> Stub slope
#iCC bits: 12
#<header> v1.0 12 32 </header>
0 16
1 16
2 16
3 16
4 16
5 16
6 16
7 16
8 16
9 16
10 16
11 16
12 16
13 16
14 16
15 16
16 16
17 16
18 16
19 16
20 16
21 8
22 12
23 15
24 16
25 8
26 12
27 15
28 16
29 8
30 12
31 15
32 16
33 16
34 16
35 16
36 16
37 4
38 8
39 12
40 16
41 4
42 8
43 12
44 16
45 4
46 8
47 12
48 16
49 16
50 16
51 16
52 16
53 16
54 4
55 8
56 16
57 16
58 4
59 8
60 16
61 16
62 4
63 8
64 16
65 16
66 16
67 16
68 16
69 5
70 7
71 9
72 16
73 5
74 8
75 10
76 16
77 6
78 8
79 10
80 16
81 5
82 8
83 11
84 4
85 5
86 8
87 10
88 8
89 6
90 8
91 11
92 12
93 7
94 9
95 12
96 16
97 5
98 8
99 10
100 4
101 4
102 7
103 9
104 8
105 5
106 8
107 10
108 12
109 6
110 8
111 11
112 16
113 4
114 7
115 10
116 4
117 4
118 6
119 8
120 8
121 4
122 7
123 9
124 12
125 5
126 8
127 10
128 16
129 16
130 16
131 16
132 16
133 2
134 4
135 6
136 16
137 2
138 5
139 7
140 16
141 3
142 5
143 8
144 16
145 3
146 6
147 9
148 16
149 3
150 5
151 8
152 4
153 4
154 6
155 8
156 8
157 4
158 7
159 9
160 16
161 2
162 5
163 8
164 0
165 2
166 4
167 7
168 4
169 3
170 5
171 8
172 8
173 4
174 6
175 8
176 16
177 2
178 5
179 8
180 16
181 1
182 4
183 6
184 4
185 2
186 4
187 7
188 8
189 3
190 5
191 8
192 16
193 16
194 16
195 16
196 16
197 16
198 1
199 4
200 16
201 16
202 2
203 4
204 16
205 0
206 2
207 5
208 16
209 1
210 4
211 6
212 20
213 0
214 3
215 5
216 16
217 1
218 4
219 6
220 4
221 2
222 4
223 7
224 16
225 0
226 3
227 6
228 20
229 0
230 2
231 4
232 16
233 0
234 3
235 5
236 4
237 1
238 4
239 6
240 16
241 16
242 2
243 5
244 20
245 16
246 1
247 4
248 16
249 0
250 2
251 4
252 4
253 0
254 3
255 5
256 16
257 16
258 16
259 16
260 16
261 5
262 7
263 8
264 16
265 6
266 8
267 9
268 16
269 7
270 8
271 10
272 16
273 6
274 8
275 10
276 5
277 5
278 7
279 9
280 7
281 6
282 8
283 9
284 9
285 7
286 8
287 10
288 16
289 6
290 8
291 10
292 5
293 5
294 7
295 8
296 8
297 6
298 8
299 9
300 10
301 7
302 8
303 10
304 16
305 6
306 8
307 10
308 6
309 5
310 7
311 8
312 8
313 6
314 7
315 9
316 10
317 6
318 8
319 10
320 16
321 5
322 8
323 10
324 5
325 5
326 7
327 8
328 8
329 6
330 8
331 9
332 10
333 7
334 8
335 10
336 4
337 5
338 7
339 9
340 4
341 5
342 7
343 8
344 7
345 6
346 8
347 9
348 9
349 7
350 8
351 10
352 8
353 5
354 7
355 10
356 5
357 5
358 7
359 8
360 8
361 6
362 8
363 9
364 10
365 7
366 8
367 10
368 12
369 6
370 8
371 10
372 6
373 5
374 7
375 8
376 8
377 6
378 8
379 9
380 11
381 7
382 8
383 10
384 16
385 5
386 7
387 9
388 4
389 4
390 6
391 8
392 7
393 5
394 7
395 8
396 10
397 6
398 8
399 9
400 4
401 5
402 7
403 9
404 4
405 4
406 6
407 8
408 6
409 5
410 7
411 8
412 8
413 6
414 8
415 9
416 8
417 5
418 7
419 9
420 4
421 4
422 6
423 8
424 7
425 5
426 7
427 8
428 9
429 6
430 8
431 9
432 12
433 5
434 7
435 9
436 5
437 4
438 6
439 8
440 8
441 5
442 7
443 8
444 10
445 6
446 8
447 9
448 16
449 4
450 6
451 8
452 4
453 4
454 5
455 7
456 6
457 4
458 6
459 8
460 9
461 5
462 7
463 8
464 4
465 4
466 6
467 8
468 3
469 4
470 5
471 7
472 5
473 4
474 6
475 8
476 8
477 5
478 7
479 8
480 8
481 4
482 6
483 8
484 4
485 4
486 5
487 7
488 6
489 4
490 6
491 8
492 8
493 5
494 7
495 8
496 12
497 4
498 6
499 8
500 4
501 4
502 5
503 7
504 7
505 4
506 6
507 8
508 9
509 5
510 7
511 8
512 16
513 16
514 16
515 16
516 16
517 3
518 5
519 6
520 16
521 4
522 5
523 7
524 16
525 4
526 6
527 8
528 16
529 4
530 6
531 8
532 2
533 3
534 5
535 7
536 4
537 4
538 6
539 7
540 6
541 5
542 6
543 8
544 16
545 4
546 6
547 8
548 2
549 3
550 5
551 6
552 5
553 4
554 5
555 7
556 7
557 5
558 6
559 8
560 16
561 4
562 6
563 8
564 3
565 3
566 5
567 6
568 5
569 4
570 5
571 7
572 7
573 4
574 6
575 8
576 16
577 4
578 6
579 8
580 2
581 4
582 5
583 7
584 5
585 4
586 6
587 8
588 8
589 5
590 7
591 8
592 0
593 4
594 6
595 8
596 2
597 4
598 5
599 7
600 4
601 4
602 6
603 8
604 7
605 5
606 7
607 8
608 4
609 4
610 6
611 8
612 3
613 4
614 5
615 7
616 5
617 4
618 6
619 8
620 8
621 5
622 7
623 8
624 8
625 4
626 6
627 8
628 4
629 4
630 5
631 7
632 6
633 4
634 6
635 8
636 8
637 5
638 7
639 8
640 16
641 3
642 5
643 8
644 2
645 3
646 4
647 6
648 5
649 4
650 5
651 7
652 8
653 4
654 6
655 8
656 16
657 3
658 5
659 7
660 1
661 3
662 4
663 6
664 4
665 4
666 5
667 7
668 6
669 4
670 6
671 8
672 4
673 3
674 5
675 7
676 2
677 3
678 4
679 6
680 4
681 4
682 5
683 7
684 7
685 4
686 6
687 8
688 8
689 3
690 5
691 8
692 3
693 3
694 4
695 6
696 5
697 4
698 5
699 7
700 8
701 4
702 6
703 8
704 16
705 3
706 5
707 7
708 1
709 2
710 4
711 5
712 4
713 3
714 4
715 6
716 7
717 4
718 5
719 7
720 16
721 2
722 4
723 6
724 0
725 2
726 4
727 5
728 3
729 3
730 4
731 6
732 5
733 4
734 5
735 7
736 4
737 2
738 5
739 7
740 1
741 2
742 4
743 5
744 4
745 3
746 4
747 6
748 6
749 4
750 5
751 7
752 8
753 3
754 5
755 7
756 2
757 2
758 4
759 5
760 4
761 3
762 4
763 6
764 7
765 4
766 5
767 7
768 16
769 16
770 16
771 16
772 16
773 1
774 3
775 4
776 16
777 2
778 3
779 5
780 16
781 2
782 4
783 5
784 16
785 2
786 4
787 6
788 16
789 1
790 3
791 5
792 1
793 2
794 4
795 5
796 4
797 3
798 4
799 6
800 16
801 2
802 4
803 6
804 16
805 1
806 3
807 4
808 2
809 2
810 3
811 5
812 4
813 2
814 4
815 6
816 16
817 2
818 4
819 6
820 0
821 1
822 2
823 4
824 2
825 2
826 3
827 5
828 5
829 2
830 4
831 5
832 16
833 2
834 4
835 7
836 0
837 2
838 4
839 5
840 3
841 3
842 4
843 6
844 6
845 4
846 5
847 7
848 20
849 2
850 4
851 6
852 16
853 2
854 4
855 5
856 2
857 3
858 4
859 6
860 4
861 4
862 5
863 7
864 16
865 2
866 4
867 6
868 0
869 2
870 4
871 5
872 3
873 3
874 4
875 6
876 5
877 4
878 5
879 7
880 4
881 2
882 5
883 7
884 1
885 2
886 4
887 5
888 4
889 3
890 4
891 6
892 6
893 4
894 5
895 7
896 16
897 2
898 4
899 6
900 16
901 1
902 3
903 4
904 2
905 2
906 4
907 5
908 5
909 3
910 4
911 6
912 20
913 1
914 3
915 5
916 16
917 1
918 3
919 4
920 1
921 2
922 4
923 5
924 4
925 3
926 4
927 6
928 16
929 2
930 4
931 6
932 0
933 1
934 3
935 4
936 2
937 2
938 4
939 5
940 4
941 3
942 4
943 6
944 4
945 2
946 4
947 6
948 0
949 1
950 3
951 4
952 3
953 2
954 4
955 5
956 5
957 3
958 4
959 6
960 16
961 1
962 3
963 5
964 16
965 0
966 2
967 4
968 2
969 1
970 3
971 4
972 5
973 2
974 4
975 5
976 20
977 1
978 3
979 5
980 17
981 0
982 2
983 4
984 0
985 1
986 3
987 4
988 3
989 2
990 4
991 5
992 16
993 1
994 3
995 5
996 16
997 0
998 2
999 4
1000 1
1001 1
1002 3
1003 4
1004 4
1005 2
1006 4
1007 5
1008 4
1009 1
1010 3
1011 5
1012 16
1013 0
1014 2
1015 4
1016 2
1017 1
1018 3
1019 4
1020 4
1021 2
1022 4
1023 5
1024 16
1025 16
1026 16
1027 16
1028 16
1029 6
1030 7
1031 8
1032 16
1033 6
1034 8
1035 9
1036 16
1037 7
1038 8
1039 9
1040 16
1041 6
1042 7
1043 9
1044 5
1045 6
1046 7
1047 8
1048 7
1049 6
1050 8
1051 9
1052 8
1053 7
1054 8
1055 9
1056 16
1057 6
1058 8
1059 9
1060 6
1061 6
1062 7
1063 8
1064 8
1065 6
1066 8
1067 9
1068 9
1069 7
1070 8
1071 9
1072 16
1073 6
1074 8
1075 9
1076 7
1077 6
1078 7
1079 8
1080 8
1081 6
1082 8
1083 9
1084 10
1085 7
1086 8
1087 9
1088 16
1089 6
1090 8
1091 9
1092 6
1093 6
1094 7
1095 8
1096 8
1097 6
1098 8
1099 9
1100 10
1101 7
1102 8
1103 9
1104 5
1105 6
1106 7
1107 9
1108 5
1109 6
1110 7
1111 8
1112 7
1113 6
1114 7
1115 9
1116 8
1117 7
1118 8
1119 9
1120 8
1121 6
1122 8
1123 9
1124 6
1125 6
1126 7
1127 8
1128 8
1129 6
1130 8
1131 9
1132 9
1133 7
1134 8
1135 9
1136 10
1137 6
1138 8
1139 9
1140 7
1141 6
1142 7
1143 8
1144 8
1145 6
1146 8
1147 9
1148 10
1149 7
1150 8
1151 9
1152 16
1153 6
1154 7
1155 9
1156 6
1157 5
1158 6
1159 8
1160 8
1161 6
1162 7
1163 8
1164 10
1165 7
1166 8
1167 9
1168 6
1169 5
1170 7
1171 8
1172 5
1173 5
1174 6
1175 8
1176 7
1177 6
1178 7
1179 8
1180 8
1181 6
1182 8
1183 9
1184 8
1185 6
1186 7
1187 9
1188 6
1189 5
1190 6
1191 8
1192 7
1193 6
1194 7
1195 8
1196 9
1197 7
1198 8
1199 9
1200 10
1201 6
1202 7
1203 9
1204 6
1205 5
1206 7
1207 8
1208 8
1209 6
1210 7
1211 8
1212 10
1213 7
1214 8
1215 9
1216 16
1217 5
1218 7
1219 9
1220 6
1221 5
1222 6
1223 7
1224 8
1225 5
1226 7
1227 8
1228 10
1229 6
1230 7
1231 9
1232 6
1233 5
1234 7
1235 8
1236 5
1237 5
1238 6
1239 7
1240 6
1241 5
1242 7
1243 8
1244 8
1245 6
1246 7
1247 8
1248 9
1249 5
1250 7
1251 8
1252 5
1253 5
1254 6
1255 7
1256 7
1257 5
1258 7
1259 8
1260 9
1261 6
1262 7
1263 8
1264 11
1265 6
1266 7
1267 9
1268 6
1269 5
1270 6
1271 7
1272 8
1273 6
1274 7
1275 8
1276 9
1277 6
1278 7
1279 9
1280 16
1281 6
1282 8
1283 9
1284 5
1285 6
1286 7
1287 8
1288 8
1289 6
1290 8
1291 9
1292 10
1293 7
1294 8
1295 9
1296 5
1297 6
1298 7
1299 9
1300 5
1301 6
1302 7
1303 8
1304 7
1305 6
1306 7
1307 8
1308 8
1309 7
1310 8
1311 9
1312 8
1313 6
1314 8
1315 9
1316 6
1317 6
1318 7
1319 8
1320 8
1321 6
1322 8
1323 9
1324 9
1325 7
1326 8
1327 9
1328 10
1329 6
1330 8
1331 9
1332 7
1333 6
1334 7
1335 8
1336 8
1337 7
1338 8
1339 9
1340 10
1341 7
1342 8
1343 9
1344 8
1345 6
1346 8
1347 9
1348 5
1349 6
1350 7
1351 8
1352 8
1353 6
1354 8
1355 9
1356 10
1357 7
1358 8
1359 9
1360 5
1361 6
1362 7
1363 9
1364 5
1365 5
1366 7
1367 8
1368 7
1369 6
1370 7
1371 8
1372 8
1373 7
1374 8
1375 9
1376 8
1377 6
1378 8
1379 9
1380 6
1381 6
1382 7
1383 8
1384 8
1385 6
1386 8
1387 9
1388 9
1389 7
1390 8
1391 9
1392 10
1393 6
1394 8
1395 9
1396 7
1397 6
1398 7
1399 8
1400 8
1401 7
1402 8
1403 9
1404 10
1405 7
1406 8
1407 10
1408 12
1409 6
1410 8
1411 9
1412 6
1413 5
1414 7
1415 8
1416 8
1417 6
1418 7
1419 9
1420 10
1421 7
1422 8
1423 9
1424 6
1425 5
1426 7
1427 8
1428 5
1429 5
1430 6
1431 8
1432 7
1433 6
1434 7
1435 8
1436 8
1437 7
1438 8
1439 9
1440 8
1441 6
1442 7
1443 9
1444 6
1445 5
1446 7
1447 8
1448 8
1449 6
1450 7
1451 8
1452 9
1453 7
1454 8
1455 9
1456 11
1457 6
1458 8
1459 9
1460 7
1461 6
1462 7
1463 8
1464 8
1465 6
1466 7
1467 9
1468 10
1469 7
1470 8
1471 9
1472 15
1473 6
1474 8
1475 9
1476 6
1477 5
1478 6
1479 8
1480 8
1481 6
1482 7
1483 8
1484 10
1485 7
1486 8
1487 9
1488 7
1489 5
1490 7
1491 8
1492 5
1493 5
1494 6
1495 7
1496 7
1497 6
1498 7
1499 8
1500 8
1501 6
1502 7
1503 9
1504 9
1505 6
1506 7
1507 9
1508 6
1509 5
1510 6
1511 7
1512 8
1513 6
1514 7
1515 8
1516 9
1517 7
1518 8
1519 9
1520 12
1521 6
1522 8
1523 9
1524 7
1525 5
1526 7
1527 8
1528 8
1529 6
1530 7
1531 8
1532 10
1533 7
1534 8
1535 9
1536 16
1537 5
1538 7
1539 9
1540 5
1541 5
1542 6
1543 7
1544 7
1545 6
1546 7
1547 8
1548 9
1549 6
1550 8
1551 9
1552 4
1553 5
1554 6
1555 8
1556 4
1557 5
1558 6
1559 7
1560 6
1561 5
1562 7
1563 8
1564 8
1565 6
1566 7
1567 8
1568 7
1569 5
1570 7
1571 8
1572 5
1573 5
1574 6
1575 7
1576 7
1577 6
1578 7
1579 8
1580 8
1581 6
1582 7
1583 9
1584 10
1585 6
1586 7
1587 9
1588 6
1589 5
1590 6
1591 7
1592 8
1593 6
1594 7
1595 8
1596 9
1597 6
1598 8
1599 9
1600 8
1601 5
1602 7
1603 9
1604 5
1605 5
1606 6
1607 7
1608 7
1609 6
1610 7
1611 8
1612 9
1613 6
1614 8
1615 9
1616 4
1617 5
1618 6
1619 8
1620 4
1621 5
1622 6
1623 7
1624 6
1625 5
1626 7
1627 8
1628 8
1629 6
1630 7
1631 8
1632 7
1633 5
1634 7
1635 8
1636 5
1637 5
1638 6
1639 7
1640 7
1641 6
1642 7
1643 8
1644 8
1645 6
1646 7
1647 9
1648 9
1649 6
1650 7
1651 9
1652 6
1653 5
1654 6
1655 7
1656 8
1657 6
1658 7
1659 8
1660 9
1661 7
1662 8
1663 9
1664 12
1665 5
1666 7
1667 9
1668 5
1669 5
1670 6
1671 7
1672 7
1673 5
1674 7
1675 8
1676 9
1677 6
1678 7
1679 9
1680 5
1681 5
1682 6
1683 8
1684 4
1685 5
1686 6
1687 7
1688 6
1689 5
1690 6
1691 7
1692 8
1693 6
1694 7
1695 8
1696 8
1697 5
1698 7
1699 8
1700 5
1701 5
1702 6
1703 7
1704 7
1705 5
1706 7
1707 8
1708 8
1709 6
1710 7
1711 8
1712 10
1713 6
1714 7
1715 9
1716 6
1717 5
1718 6
1719 7
1720 8
1721 6
1722 7
1723 8
1724 9
1725 6
1726 7
1727 9
1728 15
1729 5
1730 7
1731 9
1732 5
1733 5
1734 6
1735 7
1736 7
1737 5
1738 6
1739 8
1740 9
1741 6
1742 7
1743 8
1744 6
1745 5
1746 6
1747 8
1748 4
1749 4
1750 5
1751 7
1752 6
1753 5
1754 6
1755 7
1756 8
1757 6
1758 7
1759 8
1760 8
1761 5
1762 7
1763 8
1764 5
1765 5
1766 6
1767 7
1768 7
1769 5
1770 6
1771 7
1772 8
1773 6
1774 7
1775 8
1776 11
1777 6
1778 7
1779 9
1780 6
1781 5
1782 6
1783 7
1784 8
1785 5
1786 7
1787 8
1788 9
1789 6
1790 7
1791 8
1792 16
1793 5
1794 6
1795 8
1796 4
1797 4
1798 5
1799 7
1800 6
1801 5
1802 6
1803 7
1804 8
1805 6
1806 7
1807 8
1808 3
1809 4
1810 6
1811 7
1812 4
1813 4
1814 5
1815 6
1816 5
1817 5
1818 6
1819 7
1820 7
1821 5
1822 6
1823 8
1824 6
1825 5
1826 6
1827 8
1828 4
1829 4
1830 5
1831 6
1832 6
1833 5
1834 6
1835 7
1836 8
1837 6
1838 7
1839 8
1840 9
1841 5
1842 7
1843 8
1844 5
1845 4
1846 6
1847 7
1848 7
1849 5
1850 6
1851 7
1852 8
1853 6
1854 7
1855 8
1856 8
1857 5
1858 6
1859 8
1860 4
1861 4
1862 5
1863 7
1864 6
1865 5
1866 6
1867 7
1868 8
1869 6
1870 7
1871 8
1872 4
1873 4
1874 6
1875 7
1876 4
1877 4
1878 5
1879 6
1880 5
1881 5
1882 6
1883 7
1884 7
1885 5
1886 7
1887 8
1888 6
1889 5
1890 6
1891 8
1892 4
1893 4
1894 5
1895 7
1896 6
1897 5
1898 6
1899 7
1900 8
1901 6
1902 7
1903 8
1904 8
1905 5
1906 7
1907 8
1908 5
1909 5
1910 6
1911 7
1912 7
1913 5
1914 6
1915 7
1916 8
1917 6
1918 7
1919 8
1920 12
1921 5
1922 6
1923 8
1924 4
1925 4
1926 5
1927 6
1928 6
1929 5
1930 6
1931 7
1932 8
1933 6
1934 7
1935 8
1936 4
1937 4
1938 6
1939 7
1940 4
1941 4
1942 5
1943 6
1944 5
1945 5
1946 6
1947 7
1948 7
1949 5
1950 6
1951 7
1952 7
1953 5
1954 6
1955 8
1956 4
1957 4
1958 5
1959 6
1960 6
1961 5
1962 6
1963 7
1964 8
1965 5
1966 7
1967 8
1968 9
1969 5
1970 7
1971 8
1972 5
1973 4
1974 5
1975 7
1976 7
1977 5
1978 6
1979 7
1980 8
1981 6
1982 7
1983 8
1984 15
1985 5
1986 6
1987 8
1988 5
1989 4
1990 5
1991 6
1992 7
1993 5
1994 6
1995 7
1996 9
1997 5
1998 7
1999 8
2000 5
2001 4
2002 6
2003 7
2004 4
2005 4
2006 5
2007 6
2008 5
2009 4
2010 5
2011 7
2012 7
2013 5
2014 6
2015 7
2016 8
2017 4
2018 6
2019 8
2020 4
2021 4
2022 5
2023 6
2024 6
2025 5
2026 6
2027 7
2028 8
2029 5
2030 6
2031 8
2032 10
2033 5
2034 6
2035 8
2036 5
2037 4
2038 5
2039 6
2040 7
2041 5
2042 6
2043 7
2044 8
2045 5
2046 7
2047 8
2048 16
2049 16
2050 16
2051 16
2052 16
2053 4
2054 5
2055 6
2056 16
2057 5
2058 6
2059 7
2060 16
2061 5
2062 6
2063 8
2064 16
2065 4
2066 6
2067 7
2068 3
2069 4
2070 5
2071 6
2072 5
2073 5
2074 6
2075 7
2076 6
2077 5
2078 6
2079 8
2080 16
2081 4
2082 6
2083 7
2084 4
2085 4
2086 5
2087 6
2088 5
2089 5
2090 6
2091 7
2092 7
2093 5
2094 6
2095 8
2096 16
2097 5
2098 6
2099 8
2100 4
2101 4
2102 5
2103 6
2104 6
2105 5
2106 6
2107 7
2108 8
2109 5
2110 6
2111 8
2112 16
2113 4
2114 6
2115 8
2116 4
2117 4
2118 5
2119 7
2120 6
2121 5
2122 6
2123 7
2124 8
2125 5
2126 7
2127 8
2128 2
2129 4
2130 6
2131 7
2132 3
2133 4
2134 5
2135 6
2136 5
2137 5
2138 6
2139 7
2140 6
2141 5
2142 7
2143 8
2144 5
2145 4
2146 6
2147 7
2148 4
2149 4
2150 5
2151 7
2152 5
2153 5
2154 6
2155 7
2156 7
2157 5
2158 7
2159 8
2160 7
2161 5
2162 6
2163 8
2164 5
2165 4
2166 5
2167 7
2168 6
2169 5
2170 6
2171 7
2172 8
2173 6
2174 7
2175 8
2176 16
2177 4
2178 6
2179 7
2180 4
2181 4
2182 5
2183 6
2184 6
2185 4
2186 6
2187 7
2188 8
2189 5
2190 6
2191 8
2192 3
2193 4
2194 5
2195 7
2196 3
2197 4
2198 5
2199 6
2200 5
2201 4
2202 5
2203 7
2204 6
2205 5
2206 6
2207 7
2208 5
2209 4
2210 6
2211 7
2212 4
2213 4
2214 5
2215 6
2216 5
2217 4
2218 6
2219 7
2220 7
2221 5
2222 6
2223 7
2224 8
2225 4
2226 6
2227 7
2228 4
2229 4
2230 5
2231 6
2232 6
2233 4
2234 6
2235 7
2236 8
2237 5
2238 6
2239 7
2240 16
2241 4
2242 6
2243 7
2244 4
2245 3
2246 5
2247 6
2248 6
2249 4
2250 5
2251 6
2252 8
2253 5
2254 6
2255 7
2256 4
2257 4
2258 5
2259 7
2260 3
2261 3
2262 4
2263 6
2264 4
2265 4
2266 5
2267 6
2268 6
2269 4
2270 6
2271 7
2272 6
2273 4
2274 5
2275 7
2276 3
2277 3
2278 4
2279 6
2280 5
2281 4
2282 5
2283 6
2284 7
2285 5
2286 6
2287 7
2288 8
2289 4
2290 6
2291 7
2292 4
2293 3
2294 5
2295 6
2296 6
2297 4
2298 5
2299 6
2300 7
2301 5
2302 6
2303 7
2304 16
2305 5
2306 6
2307 8
2308 4
2309 4
2310 6
2311 7
2312 6
2313 5
2314 6
2315 8
2316 8
2317 6
2318 7
2319 8
2320 2
2321 4
2322 6
2323 7
2324 4
2325 4
2326 5
2327 7
2328 5
2329 5
2330 6
2331 7
2332 7
2333 6
2334 7
2335 8
2336 5
2337 5
2338 6
2339 8
2340 4
2341 5
2342 6
2343 7
2344 6
2345 5
2346 6
2347 7
2348 8
2349 6
2350 7
2351 8
2352 8
2353 5
2354 7
2355 8
2356 5
2357 5
2358 6
2359 7
2360 7
2361 5
2362 6
2363 8
2364 8
2365 6
2366 7
2367 8
2368 4
2369 5
2370 6
2371 8
2372 4
2373 4
2374 6
2375 7
2376 6
2377 5
2378 6
2379 8
2380 8
2381 6
2382 7
2383 8
2384 3
2385 4
2386 6
2387 7
2388 4
2389 4
2390 5
2391 7
2392 5
2393 5
2394 6
2395 7
2396 7
2397 6
2398 7
2399 8
2400 5
2401 5
2402 6
2403 8
2404 4
2405 5
2406 6
2407 7
2408 6
2409 5
2410 6
2411 7
2412 8
2413 6
2414 7
2415 8
2416 8
2417 5
2418 7
2419 8
2420 5
2421 5
2422 6
2423 7
2424 7
2425 5
2426 7
2427 8
2428 8
2429 6
2430 7
2431 8
2432 8
2433 5
2434 6
2435 8
2436 4
2437 4
2438 5
2439 7
2440 6
2441 5
2442 6
2443 7
2444 8
2445 6
2446 7
2447 8
2448 4
2449 4
2450 6
2451 7
2452 4
2453 4
2454 5
2455 6
2456 5
2457 5
2458 6
2459 7
2460 7
2461 5
2462 7
2463 8
2464 6
2465 5
2466 6
2467 8
2468 4
2469 4
2470 5
2471 7
2472 6
2473 5
2474 6
2475 7
2476 8
2477 6
2478 7
2479 8
2480 8
2481 5
2482 7
2483 8
2484 5
2485 5
2486 6
2487 7
2488 7
2489 5
2490 6
2491 7
2492 8
2493 6
2494 7
2495 8
2496 12
2497 5
2498 6
2499 8
2500 4
2501 4
2502 5
2503 6
2504 6
2505 5
2506 6
2507 7
2508 8
2509 6
2510 7
2511 8
2512 4
2513 4
2514 6
2515 7
2516 4
2517 4
2518 5
2519 6
2520 5
2521 5
2522 6
2523 7
2524 7
2525 5
2526 6
2527 7
2528 7
2529 5
2530 6
2531 8
2532 4
2533 4
2534 5
2535 6
2536 6
2537 5
2538 6
2539 7
2540 8
2541 5
2542 7
2543 8
2544 9
2545 5
2546 7
2547 8
2548 5
2549 4
2550 5
2551 7
2552 7
2553 5
2554 6
2555 7
2556 8
2557 6
2558 7
2559 8
2560 16
2561 4
2562 6
2563 7
2564 3
2565 4
2566 5
2567 6
2568 5
2569 4
2570 6
2571 7
2572 8
2573 5
2574 6
2575 8
2576 2
2577 4
2578 5
2579 7
2580 3
2581 4
2582 5
2583 6
2584 4
2585 4
2586 5
2587 6
2588 6
2589 5
2590 6
2591 7
2592 5
2593 4
2594 6
2595 7
2596 4
2597 4
2598 5
2599 6
2600 5
2601 4
2602 6
2603 7
2604 7
2605 5
2606 6
2607 7
2608 8
2609 5
2610 6
2611 7
2612 4
2613 4
2614 5
2615 6
2616 6
2617 5
2618 6
2619 7
2620 8
2621 5
2622 6
2623 8
2624 4
2625 4
2626 6
2627 8
2628 3
2629 4
2630 5
2631 6
2632 5
2633 5
2634 6
2635 7
2636 7
2637 5
2638 6
2639 8
2640 2
2641 4
2642 5
2643 7
2644 3
2645 4
2646 5
2647 6
2648 4
2649 4
2650 5
2651 7
2652 6
2653 5
2654 6
2655 7
2656 4
2657 4
2658 6
2659 7
2660 4
2661 4
2662 5
2663 6
2664 5
2665 5
2666 6
2667 7
2668 7
2669 5
2670 6
2671 7
2672 7
2673 5
2674 6
2675 8
2676 4
2677 4
2678 5
2679 6
2680 6
2681 5
2682 6
2683 7
2684 8
2685 5
2686 7
2687 8
2688 8
2689 4
2690 6
2691 8
2692 3
2693 4
2694 5
2695 6
2696 5
2697 4
2698 6
2699 7
2700 8
2701 5
2702 6
2703 7
2704 3
2705 4
2706 5
2707 7
2708 3
2709 3
2710 5
2711 6
2712 4
2713 4
2714 5
2715 6
2716 6
2717 5
2718 6
2719 7
2720 5
2721 4
2722 6
2723 7
2724 4
2725 4
2726 5
2727 6
2728 5
2729 4
2730 5
2731 7
2732 7
2733 5
2734 6
2735 7
2736 8
2737 4
2738 6
2739 8
2740 4
2741 4
2742 5
2743 6
2744 6
2745 5
2746 6
2747 7
2748 8
2749 5
2750 6
2751 8
2752 12
2753 4
2754 6
2755 8
2756 4
2757 3
2758 5
2759 6
2760 6
2761 4
2762 5
2763 7
2764 8
2765 5
2766 6
2767 7
2768 4
2769 4
2770 5
2771 7
2772 3
2773 3
2774 4
2775 5
2776 4
2777 4
2778 5
2779 6
2780 6
2781 5
2782 6
2783 7
2784 6
2785 4
2786 5
2787 7
2788 4
2789 3
2790 5
2791 6
2792 5
2793 4
2794 5
2795 6
2796 7
2797 5
2798 6
2799 7
2800 8
2801 4
2802 6
2803 7
2804 4
2805 4
2806 5
2807 6
2808 6
2809 4
2810 5
2811 7
2812 8
2813 5
2814 6
2815 7
2816 16
2817 4
2818 5
2819 7
2820 3
2821 3
2822 4
2823 5
2824 5
2825 4
2826 5
2827 6
2828 7
2829 4
2830 6
2831 7
2832 1
2833 3
2834 5
2835 6
2836 2
2837 3
2838 4
2839 5
2840 4
2841 4
2842 5
2843 6
2844 5
2845 4
2846 5
2847 6
2848 4
2849 3
2850 5
2851 6
2852 3
2853 3
2854 4
2855 5
2856 4
2857 4
2858 5
2859 6
2860 6
2861 4
2862 5
2863 7
2864 7
2865 4
2866 5
2867 7
2868 4
2869 3
2870 4
2871 5
2872 5
2873 4
2874 5
2875 6
2876 7
2877 5
2878 6
2879 7
2880 4
2881 4
2882 5
2883 7
2884 2
2885 3
2886 4
2887 6
2888 5
2889 4
2890 5
2891 6
2892 7
2893 5
2894 6
2895 7
2896 1
2897 3
2898 5
2899 6
2900 2
2901 3
2902 4
2903 5
2904 4
2905 4
2906 5
2907 6
2908 5
2909 4
2910 5
2911 7
2912 4
2913 4
2914 5
2915 7
2916 3
2917 3
2918 4
2919 5
2920 4
2921 4
2922 5
2923 6
2924 6
2925 5
2926 6
2927 7
2928 6
2929 4
2930 5
2931 7
2932 4
2933 3
2934 5
2935 6
2936 5
2937 4
2938 5
2939 6
2940 7
2941 5
2942 6
2943 7
2944 8
2945 4
2946 5
2947 7
2948 3
2949 3
2950 4
2951 5
2952 5
2953 4
2954 5
2955 6
2956 7
2957 4
2958 6
2959 7
2960 2
2961 3
2962 4
2963 6
2964 2
2965 3
2966 4
2967 5
2968 4
2969 3
2970 5
2971 6
2972 5
2973 4
2974 5
2975 6
2976 4
2977 3
2978 5
2979 6
2980 3
2981 3
2982 4
2983 5
2984 4
2985 4
2986 5
2987 6
2988 6
2989 4
2990 5
2991 7
2992 7
2993 4
2994 5
2995 7
2996 4
2997 3
2998 4
2999 5
3000 5
3001 4
3002 5
3003 6
3004 7
3005 5
3006 6
3007 7
3008 12
3009 4
3010 5
3011 7
3012 3
3013 3
3014 4
3015 5
3016 5
3017 4
3018 5
3019 6
3020 7
3021 4
3022 5
3023 7
3024 3
3025 3
3026 4
3027 6
3028 2
3029 2
3030 4
3031 5
3032 4
3033 3
3034 4
3035 5
3036 5
3037 4
3038 5
3039 6
3040 5
3041 3
3042 5
3043 6
3044 3
3045 3
3046 4
3047 5
3048 4
3049 3
3050 5
3051 6
3052 6
3053 4
3054 5
3055 6
3056 8
3057 4
3058 5
3059 7
3060 4
3061 3
3062 4
3063 5
3064 5
3065 4
3066 5
3067 6
3068 7
3069 4
3070 5
3071 7
3072 16
3073 16
3074 16
3075 16
3076 16
3077 2
3078 4
3079 5
3080 16
3081 3
3082 4
3083 5
3084 16
3085 4
3086 5
3087 6
3088 16
3089 2
3090 4
3091 5
3092 1
3093 2
3094 4
3095 5
3096 3
3097 3
3098 4
3099 5
3100 4
3101 4
3102 5
3103 6
3104 16
3105 3
3106 4
3107 6
3108 2
3109 2
3110 4
3111 5
3112 3
3113 3
3114 4
3115 5
3116 5
3117 4
3118 5
3119 6
3120 16
3121 3
3122 4
3123 6
3124 2
3125 2
3126 4
3127 5
3128 4
3129 3
3130 4
3131 5
3132 5
3133 4
3134 5
3135 6
3136 16
3137 3
3138 5
3139 6
3140 2
3141 3
3142 4
3143 5
3144 4
3145 3
3146 5
3147 6
3148 6
3149 4
3150 5
3151 6
3152 16
3153 3
3154 4
3155 6
3156 1
3157 3
3158 4
3159 5
3160 3
3161 3
3162 4
3163 6
3164 4
3165 4
3166 5
3167 6
3168 2
3169 3
3170 4
3171 6
3172 2
3173 3
3174 4
3175 5
3176 3
3177 3
3178 4
3179 6
3180 5
3181 4
3182 5
3183 6
3184 4
3185 3
3186 5
3187 6
3188 2
3189 3
3190 4
3191 5
3192 4
3193 3
3194 5
3195 6
3196 6
3197 4
3198 5
3199 6
3200 16
3201 3
3202 4
3203 6
3204 2
3205 2
3206 3
3207 5
3208 4
3209 3
3210 4
3211 5
3212 6
3213 4
3214 5
3215 6
3216 0
3217 2
3218 4
3219 5
3220 1
3221 2
3222 3
3223 4
3224 2
3225 3
3226 4
3227 5
3228 4
3229 3
3230 5
3231 6
3232 2
3233 3
3234 4
3235 6
3236 2
3237 2
3238 3
3239 5
3240 3
3241 3
3242 4
3243 5
3244 5
3245 4
3246 5
3247 6
3248 5
3249 3
3250 4
3251 6
3252 2
3253 2
3254 4
3255 5
3256 4
3257 3
3258 4
3259 5
3260 5
3261 4
3262 5
3263 6
3264 16
3265 2
3266 4
3267 6
3268 2
3269 2
3270 3
3271 4
3272 4
3273 2
3274 4
3275 5
3276 6
3277 3
3278 4
3279 6
3280 1
3281 2
3282 4
3283 5
3284 1
3285 2
3286 3
3287 4
3288 2
3289 2
3290 4
3291 5
3292 4
3293 3
3294 4
3295 5
3296 3
3297 2
3298 4
3299 5
3300 1
3301 2
3302 3
3303 4
3304 3
3305 2
3306 4
3307 5
3308 5
3309 3
3310 4
3311 5
3312 5
3313 3
3314 4
3315 6
3316 2
3317 2
3318 3
3319 4
3320 4
3321 3
3322 4
3323 5
3324 5
3325 3
3326 4
3327 6
3328 16
3329 4
3330 5
3331 7
3332 2
3333 3
3334 4
3335 6
3336 4
3337 4
3338 5
3339 6
3340 7
3341 5
3342 6
3343 7
3344 0
3345 3
3346 5
3347 6
3348 2
3349 3
3350 4
3351 5
3352 4
3353 4
3354 5
3355 6
3356 5
3357 4
3358 6
3359 7
3360 3
3361 4
3362 5
3363 7
3364 3
3365 3
3366 4
3367 6
3368 4
3369 4
3370 5
3371 6
3372 6
3373 5
3374 6
3375 7
3376 6
3377 4
3378 5
3379 7
3380 4
3381 4
3382 5
3383 6
3384 5
3385 4
3386 5
3387 6
3388 7
3389 5
3390 6
3391 7
3392 16
3393 4
3394 5
3395 7
3396 2
3397 3
3398 5
3399 6
3400 4
3401 4
3402 5
3403 6
3404 6
3405 5
3406 6
3407 7
3408 0
3409 3
3410 5
3411 6
3412 2
3413 3
3414 4
3415 5
3416 4
3417 4
3418 5
3419 6
3420 5
3421 5
3422 6
3423 7
3424 3
3425 4
3426 5
3427 7
3428 3
3429 3
3430 5
3431 6
3432 4
3433 4
3434 5
3435 6
3436 6
3437 5
3438 6
3439 7
3440 5
3441 4
3442 6
3443 7
3444 4
3445 4
3446 5
3447 6
3448 5
3449 4
3450 5
3451 7
3452 7
3453 5
3454 6
3455 7
3456 4
3457 4
3458 5
3459 7
3460 2
3461 3
3462 4
3463 6
3464 5
3465 4
3466 5
3467 6
3468 7
3469 5
3470 6
3471 7
3472 1
3473 3
3474 5
3475 6
3476 2
3477 3
3478 4
3479 5
3480 4
3481 4
3482 5
3483 6
3484 5
3485 4
3486 5
3487 7
3488 4
3489 4
3490 5
3491 7
3492 3
3493 3
3494 4
3495 5
3496 4
3497 4
3498 5
3499 6
3500 6
3501 5
3502 6
3503 7
3504 6
3505 4
3506 5
3507 7
3508 4
3509 3
3510 5
3511 6
3512 5
3513 4
3514 5
3515 6
3516 7
3517 5
3518 6
3519 7
3520 8
3521 4
3522 5
3523 7
3524 3
3525 3
3526 4
3527 5
3528 5
3529 4
3530 5
3531 6
3532 7
3533 4
3534 6
3535 7
3536 2
3537 3
3538 4
3539 6
3540 2
3541 3
3542 4
3543 5
3544 4
3545 3
3546 5
3547 6
3548 5
3549 4
3550 5
3551 6
3552 4
3553 3
3554 5
3555 6
3556 3
3557 3
3558 4
3559 5
3560 4
3561 4
3562 5
3563 6
3564 6
3565 4
3566 5
3567 7
3568 7
3569 4
3570 5
3571 7
3572 4
3573 3
3574 4
3575 5
3576 5
3577 4
3578 5
3579 6
3580 7
3581 5
3582 6
3583 7
3584 16
3585 3
3586 5
3587 6
3588 2
3589 3
3590 4
3591 5
3592 4
3593 3
3594 4
3595 6
3596 6
3597 4
3598 5
3599 6
3600 16
3601 2
3602 4
3603 5
3604 1
3605 2
3606 4
3607 5
3608 3
3609 3
3610 4
3611 5
3612 4
3613 4
3614 5
3615 6
3616 2
3617 3
3618 4
3619 6
3620 2
3621 3
3622 4
3623 5
3624 4
3625 3
3626 4
3627 5
3628 5
3629 4
3630 5
3631 6
3632 5
3633 3
3634 5
3635 6
3636 3
3637 3
3638 4
3639 5
3640 4
3641 3
3642 5
3643 6
3644 6
3645 4
3646 5
3647 6
3648 0
3649 3
3650 5
3651 6
3652 2
3653 3
3654 4
3655 5
3656 4
3657 3
3658 5
3659 6
3660 6
3661 4
3662 5
3663 7
3664 0
3665 3
3666 4
3667 6
3668 1
3669 2
3670 4
3671 5
3672 3
3673 3
3674 4
3675 5
3676 4
3677 4
3678 5
3679 6
3680 2
3681 3
3682 4
3683 6
3684 2
3685 3
3686 4
3687 5
3688 4
3689 3
3690 5
3691 6
3692 5
3693 4
3694 5
3695 6
3696 4
3697 3
3698 5
3699 6
3700 3
3701 3
3702 4
3703 5
3704 4
3705 4
3706 5
3707 6
3708 6
3709 4
3710 5
3711 7
3712 4
3713 3
3714 5
3715 6
3716 2
3717 2
3718 4
3719 5
3720 4
3721 3
3722 4
3723 6
3724 6
3725 4
3726 5
3727 6
3728 0
3729 2
3730 4
3731 5
3732 1
3733 2
3734 3
3735 5
3736 3
3737 3
3738 4
3739 5
3740 4
3741 4
3742 5
3743 6
3744 3
3745 3
3746 4
3747 6
3748 2
3749 2
3750 4
3751 5
3752 4
3753 3
3754 4
3755 5
3756 5
3757 4
3758 5
3759 6
3760 5
3761 3
3762 5
3763 6
3764 3
3765 3
3766 4
3767 5
3768 4
3769 3
3770 5
3771 6
3772 6
3773 4
3774 5
3775 6
3776 8
3777 3
3778 5
3779 6
3780 2
3781 2
3782 4
3783 5
3784 4
3785 3
3786 4
3787 5
3788 6
3789 4
3790 5
3791 6
3792 1
3793 2
3794 4
3795 5
3796 1
3797 2
3798 3
3799 4
3800 3
3801 3
3802 4
3803 5
3804 4
3805 3
3806 5
3807 6
3808 4
3809 3
3810 4
3811 6
3812 2
3813 2
3814 3
3815 5
3816 4
3817 3
3818 4
3819 5
3820 5
3821 4
3822 5
3823 6
3824 6
3825 3
3826 5
3827 6
3828 3
3829 2
3830 4
3831 5
3832 4
3833 3
3834 4
3835 5
3836 6
3837 4
3838 5
3839 6
3840 16
3841 2
3842 4
3843 6
3844 1
3845 2
3846 3
3847 4
3848 3
3849 3
3850 4
3851 5
3852 5
3853 3
3854 4
3855 6
3856 16
3857 2
3858 3
3859 5
3860 0
3861 2
3862 3
3863 4
3864 2
3865 2
3866 3
3867 5
3868 4
3869 3
3870 4
3871 5
3872 2
3873 2
3874 4
3875 5
3876 1
3877 2
3878 3
3879 4
3880 3
3881 2
3882 4
3883 5
3884 4
3885 3
3886 4
3887 5
3888 5
3889 3
3890 4
3891 6
3892 2
3893 2
3894 3
3895 4
3896 4
3897 3
3898 4
3899 5
3900 5
3901 3
3902 4
3903 6
3904 16
3905 2
3906 4
3907 6
3908 1
3909 2
3910 3
3911 4
3912 3
3913 3
3914 4
3915 5
3916 5
3917 4
3918 5
3919 6
3920 16
3921 2
3922 3
3923 5
3924 0
3925 2
3926 3
3927 4
3928 2
3929 2
3930 4
3931 5
3932 4
3933 3
3934 4
3935 5
3936 1
3937 2
3938 4
3939 5
3940 1
3941 2
3942 3
3943 4
3944 3
3945 3
3946 4
3947 5
3948 4
3949 3
3950 5
3951 6
3952 4
3953 3
3954 4
3955 6
3956 2
3957 2
3958 3
3959 5
3960 4
3961 3
3962 4
3963 5
3964 5
3965 4
3966 5
3967 6
3968 4
3969 2
3970 4
3971 6
3972 1
3973 2
3974 3
3975 4
3976 3
3977 3
3978 4
3979 5
3980 5
3981 3
3982 5
3983 6
3984 16
3985 2
3986 3
3987 5
3988 0
3989 2
3990 3
3991 4
3992 2
3993 2
3994 3
3995 5
3996 4
3997 3
3998 4
3999 5
4000 2
4001 2
4002 4
4003 5
4004 1
4005 2
4006 3
4007 4
4008 3
4009 2
4010 4
4011 5
4012 4
4013 3
4014 4
4015 5
4016 4
4017 3
4018 4
4019 6
4020 2
4021 2
4022 3
4023 4
4024 4
4025 3
4026 4
4027 5
4028 5
4029 3
4030 5
4031 6
4032 8
4033 2
4034 4
4035 6
4036 1
4037 2
4038 3
4039 4
4040 3
4041 2
4042 4
4043 5
4044 5
4045 3
4046 4
4047 6
4048 0
4049 2
4050 3
4051 5
4052 0
4053 1
4054 2
4055 4
4056 2
4057 2
4058 3
4059 4
4060 4
4061 3
4062 4
4063 5
4064 3
4065 2
4066 4
4067 5
4068 1
4069 2
4070 3
4071 4
4072 3
4073 2
4074 3
4075 5
4076 4
4077 3
4078 4
4079 5
4080 5
4081 3
4082 4
4083 6
4084 2
4085 2
4086 3
4087 4
4088 4
4089 2
4090 4
4091 5
4092 5
4093 3
4094 4
4095 5
