#CSC Position Offset LUT
#Structure is comparator code (iCC) -> Stub position offset
#iCC bits: 12
#<header> v1.0 12 32 </header>
0 8
1 8
2 8
3 8
4 8
5 8
6 8
7 8
8 8
9 8
10 8
11 8
12 8
13 8
14 8
15 8
16 8
17 8
18 8
19 8
20 8
21 4
22 3
23 2
24 8
25 5
26 4
27 4
28 8
29 7
30 6
31 5
32 8
33 8
34 8
35 8
36 8
37 7
38 7
39 6
40 8
41 9
42 8
43 7
44 8
45 10
46 9
47 9
48 8
49 8
50 8
51 8
52 8
53 11
54 10
55 9
56 8
57 12
58 12
59 11
60 8
61 14
62 13
63 12
64 8
65 8
66 8
67 8
68 8
69 6
70 7
71 7
72 8
73 7
74 8
75 9
76 8
77 9
78 9
79 10
80 8
81 6
82 6
83 7
84 5
85 5
86 6
87 6
88 7
89 6
90 7
91 7
92 8
93 7
94 8
95 8
96 8
97 7
98 8
99 9
100 7
101 7
102 7
103 8
104 8
105 8
106 8
107 8
108 9
109 8
110 9
111 9
112 8
113 9
114 9
115 10
116 8
117 8
118 8
119 9
120 9
121 9
122 9
123 10
124 11
125 10
126 10
127 11
128 8
129 8
130 8
131 8
132 8
133 9
134 9
135 10
136 8
137 10
138 10
139 11
140 8
141 11
142 12
143 12
144 8
145 7
146 8
147 9
148 7
149 7
150 8
151 8
152 8
153 8
154 8
155 9
156 9
157 9
158 9
159 10
160 8
161 9
162 10
163 11
164 8
165 8
166 9
167 9
168 9
169 9
170 10
171 10
172 11
173 10
174 11
175 11
176 8
177 10
178 11
179 12
180 9
181 10
182 10
183 11
184 11
185 11
186 11
187 11
188 12
189 11
190 12
191 12
192 8
193 8
194 8
195 8
196 8
197 11
198 12
199 12
200 8
201 12
202 13
203 13
204 8
205 13
206 14
207 15
208 8
209 9
210 10
211 11
212 8
213 9
214 9
215 10
216 9
217 10
218 10
219 11
220 11
221 11
222 11
223 11
224 8
225 11
226 12
227 13
228 9
229 10
230 11
231 11
232 11
233 11
234 11
235 12
236 12
237 12
238 12
239 13
240 8
241 12
242 13
243 14
244 11
245 11
246 12
247 12
248 12
249 12
250 13
251 13
252 14
253 13
254 14
255 14
256 8
257 8
258 8
259 8
260 8
261 6
262 7
263 8
264 8
265 7
266 8
267 9
268 8
269 8
270 9
271 10
272 8
273 5
274 7
275 8
276 5
277 5
278 6
279 7
280 6
281 6
282 7
283 8
284 8
285 7
286 8
287 9
288 8
289 7
290 8
291 9
292 6
293 6
294 7
295 8
296 8
297 7
298 8
299 9
300 10
301 8
302 9
303 10
304 8
305 8
306 9
307 11
308 8
309 7
310 8
311 9
312 9
313 8
314 9
315 10
316 11
317 9
318 10
319 11
320 8
321 6
322 8
323 10
324 6
325 6
326 7
327 8
328 8
329 7
330 8
331 9
332 10
333 8
334 9
335 10
336 4
337 6
338 7
339 8
340 5
341 5
342 6
343 7
344 7
345 6
346 7
347 8
348 8
349 7
350 8
351 9
352 8
353 7
354 8
355 9
356 6
357 6
358 7
359 8
360 8
361 7
362 8
363 9
364 10
365 8
366 9
367 10
368 12
369 8
370 9
371 10
372 8
373 7
374 8
375 9
376 9
377 8
378 9
379 10
380 11
381 9
382 10
383 11
384 8
385 7
386 9
387 11
388 7
389 7
390 8
391 9
392 9
393 8
394 9
395 10
396 12
397 9
398 10
399 11
400 6
401 7
402 8
403 9
404 6
405 6
406 7
407 8
408 8
409 7
410 8
411 9
412 9
413 8
414 9
415 10
416 9
417 8
418 9
419 10
420 7
421 7
422 8
423 9
424 9
425 8
426 9
427 10
428 11
429 9
430 10
431 11
432 13
433 9
434 10
435 11
436 8
437 8
438 9
439 10
440 10
441 9
442 10
443 11
444 12
445 10
446 11
447 11
448 8
449 9
450 11
451 12
452 8
453 8
454 9
455 10
456 10
457 9
458 10
459 11
460 13
461 10
462 11
463 12
464 7
465 7
466 9
467 10
468 7
469 7
470 8
471 9
472 8
473 8
474 9
475 10
476 10
477 9
478 10
479 11
480 11
481 9
482 10
483 11
484 8
485 8
486 9
487 10
488 10
489 9
490 10
491 11
492 11
493 10
494 11
495 11
496 14
497 10
498 11
499 12
500 9
501 9
502 10
503 11
504 11
505 10
506 11
507 11
508 13
509 11
510 11
511 12
512 8
513 8
514 8
515 8
516 8
517 7
518 8
519 10
520 8
521 9
522 10
523 11
524 8
525 10
526 11
527 12
528 8
529 7
530 8
531 9
532 6
533 6
534 7
535 8
536 7
537 7
538 8
539 9
540 9
541 8
542 9
543 10
544 8
545 8
546 9
547 11
548 7
549 7
550 8
551 9
552 9
553 8
554 9
555 10
556 11
557 9
558 10
559 11
560 8
561 9
562 11
563 12
564 9
565 9
566 9
567 10
568 10
569 10
570 10
571 11
572 12
573 11
574 11
575 12
576 8
577 7
578 9
579 11
580 6
581 7
582 8
583 9
584 9
585 8
586 9
587 10
588 11
589 9
590 10
591 11
592 4
593 6
594 8
595 9
596 5
597 6
598 7
599 8
600 7
601 7
602 8
603 9
604 9
605 8
606 9
607 10
608 7
609 7
610 9
611 10
612 7
613 7
614 8
615 9
616 8
617 8
618 9
619 10
620 10
621 9
622 10
623 11
624 11
625 9
626 10
627 11
628 8
629 8
630 9
631 10
632 10
633 9
634 10
635 11
636 11
637 10
638 11
639 11
640 8
641 9
642 10
643 12
644 7
645 8
646 9
647 10
648 10
649 9
650 10
651 11
652 12
653 10
654 11
655 12
656 5
657 7
658 9
659 10
660 6
661 7
662 8
663 9
664 8
665 8
666 9
667 10
668 10
669 9
670 10
671 11
672 9
673 8
674 10
675 11
676 8
677 8
678 9
679 10
680 9
681 9
682 10
683 11
684 11
685 10
686 11
687 11
688 12
689 10
690 11
691 12
692 9
693 9
694 10
695 11
696 11
697 10
698 11
699 11
700 12
701 11
702 11
703 12
704 8
705 10
706 12
707 14
708 9
709 9
710 10
711 11
712 11
713 10
714 11
715 12
716 13
717 11
718 12
719 13
720 7
721 8
722 10
723 11
724 7
725 8
726 9
727 10
728 9
729 9
730 10
731 11
732 11
733 10
734 11
735 11
736 10
737 9
738 11
739 12
740 8
741 9
742 10
743 11
744 10
745 10
746 11
747 11
748 12
749 11
750 11
751 12
752 14
753 11
754 12
755 13
756 10
757 10
758 11
759 11
760 11
761 11
762 11
763 12
764 13
765 11
766 12
767 13
768 8
769 8
770 8
771 8
772 8
773 9
774 10
775 11
776 8
777 10
778 12
779 13
780 8
781 12
782 13
783 14
784 8
785 8
786 9
787 11
788 6
789 8
790 9
791 9
792 8
793 9
794 10
795 10
796 10
797 10
798 11
799 11
800 8
801 9
802 11
803 12
804 8
805 9
806 10
807 11
808 10
809 10
810 11
811 12
812 12
813 11
814 12
815 12
816 8
817 11
818 12
819 14
820 9
821 10
822 11
823 12
824 11
825 11
826 12
827 13
828 13
829 12
830 13
831 14
832 8
833 8
834 10
835 12
836 7
837 8
838 9
839 10
840 9
841 9
842 10
843 11
844 12
845 10
846 11
847 12
848 3
849 7
850 9
851 10
852 6
853 7
854 8
855 9
856 8
857 8
858 9
859 10
860 9
861 9
862 10
863 11
864 7
865 8
866 10
867 11
868 7
869 8
870 9
871 10
872 9
873 9
874 10
875 11
876 11
877 10
878 11
879 11
880 10
881 9
882 11
883 12
884 8
885 9
886 10
887 11
888 10
889 10
890 11
891 11
892 12
893 11
894 11
895 12
896 8
897 10
898 12
899 13
900 8
901 9
902 10
903 11
904 10
905 10
906 11
907 12
908 13
909 11
910 12
911 13
912 4
913 8
914 10
915 11
916 7
917 8
918 9
919 10
920 8
921 9
922 10
923 11
924 10
925 10
926 11
927 11
928 8
929 9
930 11
931 12
932 8
933 9
934 10
935 11
936 10
937 10
938 11
939 11
940 11
941 11
942 11
943 12
944 12
945 10
946 12
947 13
948 9
949 10
950 11
951 11
952 11
953 11
954 11
955 12
956 13
957 11
958 12
959 13
960 8
961 11
962 13
963 15
964 9
965 10
966 11
967 12
968 12
969 11
970 12
971 13
972 14
973 12
974 13
975 14
976 6
977 9
978 11
979 12
980 8
981 9
982 10
983 11
984 9
985 10
986 11
987 11
988 11
989 11
990 11
991 12
992 9
993 10
994 12
995 13
996 9
997 10
998 11
999 11
1000 11
1001 11
1002 11
1003 12
1004 12
1005 11
1006 12
1007 13
1008 13
1009 11
1010 13
1011 14
1012 10
1013 11
1014 11
1015 12
1016 12
1017 11
1018 12
1019 13
1020 14
1021 12
1022 13
1023 14
1024 8
1025 8
1026 8
1027 8
1028 8
1029 5
1030 7
1031 8
1032 8
1033 7
1034 8
1035 9
1036 8
1037 8
1038 9
1039 11
1040 8
1041 5
1042 7
1043 8
1044 4
1045 5
1046 6
1047 7
1048 6
1049 6
1050 7
1051 8
1052 8
1053 7
1054 8
1055 9
1056 8
1057 6
1058 8
1059 10
1060 6
1061 6
1062 7
1063 8
1064 8
1065 7
1066 8
1067 9
1068 10
1069 8
1070 9
1071 10
1072 8
1073 8
1074 9
1075 11
1076 8
1077 7
1078 8
1079 9
1080 10
1081 8
1082 9
1083 10
1084 12
1085 9
1086 10
1087 11
1088 8
1089 6
1090 8
1091 10
1092 5
1093 6
1094 7
1095 8
1096 8
1097 7
1098 8
1099 9
1100 10
1101 8
1102 9
1103 10
1104 5
1105 5
1106 7
1107 8
1108 5
1109 5
1110 6
1111 7
1112 7
1113 6
1114 7
1115 8
1116 8
1117 7
1118 8
1119 9
1120 8
1121 6
1122 8
1123 9
1124 6
1125 6
1126 7
1127 8
1128 8
1129 7
1130 8
1131 9
1132 10
1133 8
1134 9
1135 10
1136 11
1137 8
1138 9
1139 11
1140 8
1141 7
1142 8
1143 9
1144 9
1145 8
1146 9
1147 10
1148 11
1149 9
1150 10
1151 11
1152 8
1153 7
1154 9
1155 11
1156 7
1157 7
1158 8
1159 9
1160 9
1161 8
1162 9
1163 10
1164 12
1165 9
1166 10
1167 11
1168 7
1169 6
1170 8
1171 9
1172 6
1173 6
1174 7
1175 8
1176 8
1177 7
1178 8
1179 9
1180 9
1181 8
1182 9
1183 10
1184 10
1185 7
1186 9
1187 10
1188 7
1189 7
1190 8
1191 9
1192 9
1193 8
1194 9
1195 10
1196 11
1197 9
1198 10
1199 11
1200 13
1201 9
1202 10
1203 12
1204 9
1205 8
1206 9
1207 10
1208 10
1209 9
1210 10
1211 11
1212 12
1213 10
1214 11
1215 12
1216 8
1217 9
1218 11
1219 13
1220 8
1221 8
1222 9
1223 10
1224 11
1225 9
1226 10
1227 11
1228 13
1229 10
1230 11
1231 12
1232 9
1233 7
1234 9
1235 10
1236 7
1237 7
1238 8
1239 9
1240 9
1241 8
1242 9
1243 10
1244 10
1245 9
1246 10
1247 11
1248 12
1249 8
1250 10
1251 11
1252 8
1253 8
1254 9
1255 10
1256 10
1257 9
1258 10
1259 11
1260 12
1261 10
1262 11
1263 11
1264 15
1265 10
1266 11
1267 13
1268 10
1269 9
1270 10
1271 11
1272 11
1273 9
1274 10
1275 11
1276 13
1277 10
1278 11
1279 12
1280 8
1281 6
1282 8
1283 10
1284 5
1285 5
1286 7
1287 8
1288 8
1289 7
1290 8
1291 9
1292 11
1293 8
1294 9
1295 11
1296 4
1297 5
1298 7
1299 8
1300 5
1301 5
1302 6
1303 7
1304 6
1305 6
1306 7
1307 8
1308 8
1309 7
1310 8
1311 9
1312 8
1313 6
1314 8
1315 10
1316 6
1317 6
1318 7
1319 8
1320 8
1321 7
1322 8
1323 9
1324 10
1325 8
1326 9
1327 10
1328 12
1329 8
1330 9
1331 11
1332 8
1333 7
1334 8
1335 9
1336 9
1337 8
1338 9
1339 10
1340 11
1341 9
1342 10
1343 11
1344 8
1345 6
1346 8
1347 10
1348 6
1349 6
1350 7
1351 8
1352 8
1353 7
1354 8
1355 9
1356 10
1357 8
1358 9
1359 10
1360 5
1361 5
1362 7
1363 8
1364 5
1365 5
1366 6
1367 7
1368 7
1369 6
1370 7
1371 8
1372 8
1373 7
1374 8
1375 9
1376 8
1377 6
1378 8
1379 9
1380 6
1381 6
1382 7
1383 8
1384 8
1385 7
1386 8
1387 9
1388 10
1389 8
1390 9
1391 10
1392 11
1393 8
1394 9
1395 11
1396 8
1397 7
1398 8
1399 9
1400 9
1401 8
1402 9
1403 10
1404 11
1405 9
1406 10
1407 11
1408 14
1409 7
1410 9
1411 11
1412 7
1413 6
1414 8
1415 9
1416 9
1417 8
1418 9
1419 10
1420 12
1421 9
1422 10
1423 11
1424 7
1425 6
1426 8
1427 9
1428 6
1429 6
1430 7
1431 8
1432 8
1433 7
1434 8
1435 9
1436 9
1437 8
1438 9
1439 10
1440 10
1441 7
1442 9
1443 10
1444 7
1445 7
1446 8
1447 9
1448 9
1449 8
1450 9
1451 10
1452 11
1453 8
1454 10
1455 11
1456 13
1457 8
1458 10
1459 11
1460 8
1461 7
1462 8
1463 10
1464 10
1465 8
1466 9
1467 10
1468 12
1469 9
1470 10
1471 11
1472 15
1473 8
1474 10
1475 12
1476 8
1477 7
1478 8
1479 10
1480 10
1481 8
1482 10
1483 11
1484 13
1485 9
1486 11
1487 12
1488 8
1489 7
1490 9
1491 10
1492 7
1493 7
1494 8
1495 9
1496 8
1497 7
1498 8
1499 10
1500 10
1501 8
1502 9
1503 10
1504 11
1505 8
1506 10
1507 11
1508 8
1509 7
1510 8
1511 9
1512 10
1513 8
1514 9
1515 10
1516 11
1517 9
1518 10
1519 11
1520 14
1521 9
1522 11
1523 12
1524 9
1525 8
1526 9
1527 10
1528 11
1529 9
1530 10
1531 11
1532 13
1533 10
1534 11
1535 12
1536 8
1537 7
1538 9
1539 11
1540 6
1541 6
1542 8
1543 9
1544 9
1545 7
1546 9
1547 10
1548 12
1549 9
1550 10
1551 11
1552 5
1553 6
1554 8
1555 9
1556 5
1557 6
1558 7
1559 8
1560 7
1561 7
1562 8
1563 9
1564 9
1565 8
1566 9
1567 10
1568 9
1569 7
1570 9
1571 10
1572 7
1573 7
1574 8
1575 9
1576 9
1577 8
1578 9
1579 10
1580 11
1581 9
1582 10
1583 11
1584 13
1585 8
1586 10
1587 12
1588 8
1589 7
1590 9
1591 10
1592 10
1593 8
1594 10
1595 11
1596 12
1597 9
1598 11
1599 12
1600 9
1601 7
1602 9
1603 11
1604 6
1605 6
1606 8
1607 9
1608 9
1609 7
1610 9
1611 10
1612 11
1613 8
1614 10
1615 11
1616 5
1617 6
1618 8
1619 9
1620 5
1621 6
1622 7
1623 8
1624 7
1625 7
1626 8
1627 9
1628 9
1629 8
1630 9
1631 10
1632 8
1633 7
1634 9
1635 10
1636 7
1637 7
1638 8
1639 9
1640 8
1641 7
1642 8
1643 10
1644 10
1645 8
1646 9
1647 10
1648 11
1649 8
1650 10
1651 11
1652 8
1653 7
1654 8
1655 9
1656 10
1657 8
1658 9
1659 10
1660 11
1661 9
1662 10
1663 11
1664 15
1665 8
1666 10
1667 12
1668 7
1669 7
1670 8
1671 10
1672 10
1673 8
1674 9
1675 11
1676 12
1677 9
1678 10
1679 12
1680 7
1681 7
1682 8
1683 10
1684 6
1685 6
1686 7
1687 8
1688 8
1689 7
1690 8
1691 9
1692 10
1693 8
1694 9
1695 10
1696 10
1697 8
1698 9
1699 11
1700 8
1701 7
1702 8
1703 9
1704 9
1705 8
1706 9
1707 10
1708 11
1709 9
1710 10
1711 11
1712 13
1713 9
1714 10
1715 12
1716 9
1717 8
1718 9
1719 10
1720 11
1721 9
1722 10
1723 11
1724 12
1725 10
1726 11
1727 12
1728 15
1729 9
1730 11
1731 13
1732 9
1733 8
1734 9
1735 10
1736 11
1737 9
1738 10
1739 11
1740 13
1741 10
1742 11
1743 13
1744 9
1745 8
1746 9
1747 11
1748 7
1749 7
1750 8
1751 9
1752 9
1753 8
1754 9
1755 10
1756 11
1757 9
1758 10
1759 11
1760 12
1761 9
1762 10
1763 12
1764 8
1765 8
1766 9
1767 10
1768 10
1769 9
1770 10
1771 11
1772 12
1773 10
1774 11
1775 12
1776 15
1777 10
1778 11
1779 13
1780 10
1781 9
1782 10
1783 11
1784 11
1785 10
1786 11
1787 12
1788 13
1789 10
1790 11
1791 12
1792 8
1793 8
1794 10
1795 13
1796 7
1797 7
1798 8
1799 10
1800 10
1801 8
1802 10
1803 11
1804 13
1805 10
1806 11
1807 12
1808 6
1809 7
1810 8
1811 10
1812 6
1813 6
1814 7
1815 9
1816 8
1817 7
1818 8
1819 10
1820 10
1821 8
1822 9
1823 11
1824 10
1825 8
1826 10
1827 11
1828 7
1829 7
1830 8
1831 9
1832 9
1833 8
1834 9
1835 10
1836 11
1837 9
1838 10
1839 11
1840 14
1841 9
1842 11
1843 12
1844 9
1845 8
1846 9
1847 10
1848 11
1849 9
1850 10
1851 11
1852 13
1853 10
1854 11
1855 12
1856 11
1857 8
1858 9
1859 11
1860 7
1861 7
1862 8
1863 9
1864 9
1865 8
1866 9
1867 10
1868 12
1869 9
1870 10
1871 12
1872 6
1873 7
1874 8
1875 10
1876 6
1877 6
1878 7
1879 8
1880 8
1881 7
1882 8
1883 9
1884 9
1885 8
1886 9
1887 10
1888 9
1889 8
1890 9
1891 11
1892 7
1893 7
1894 8
1895 9
1896 9
1897 8
1898 9
1899 10
1900 11
1901 9
1902 10
1903 11
1904 12
1905 9
1906 10
1907 12
1908 8
1909 8
1910 9
1911 10
1912 10
1913 9
1914 10
1915 11
1916 12
1917 10
1918 11
1919 12
1920 15
1921 9
1922 11
1923 13
1924 8
1925 8
1926 9
1927 10
1928 10
1929 9
1930 10
1931 11
1932 13
1933 10
1934 11
1935 12
1936 8
1937 7
1938 9
1939 10
1940 7
1941 7
1942 8
1943 9
1944 8
1945 8
1946 9
1947 10
1948 10
1949 9
1950 10
1951 11
1952 11
1953 8
1954 10
1955 11
1956 8
1957 8
1958 9
1959 10
1960 10
1961 9
1962 10
1963 11
1964 11
1965 10
1966 11
1967 12
1968 14
1969 9
1970 11
1971 12
1972 9
1973 9
1974 10
1975 11
1976 11
1977 9
1978 10
1979 11
1980 13
1981 10
1982 11
1983 12
1984 15
1985 10
1986 12
1987 14
1988 9
1989 9
1990 10
1991 11
1992 12
1993 10
1994 11
1995 12
1996 14
1997 11
1998 12
1999 13
2000 9
2001 8
2002 10
2003 11
2004 8
2005 8
2006 9
2007 10
2008 9
2009 9
2010 10
2011 11
2012 11
2013 9
2014 10
2015 11
2016 12
2017 9
2018 11
2019 12
2020 9
2021 8
2022 9
2023 10
2024 11
2025 9
2026 10
2027 11
2028 12
2029 10
2030 11
2031 12
2032 15
2033 10
2034 12
2035 13
2036 10
2037 9
2038 10
2039 11
2040 12
2041 10
2042 11
2043 12
2044 14
2045 11
2046 12
2047 13
2048 8
2049 8
2050 8
2051 8
2052 8
2053 7
2054 8
2055 9
2056 8
2057 8
2058 9
2059 11
2060 8
2061 9
2062 11
2063 12
2064 8
2065 6
2066 8
2067 9
2068 5
2069 6
2070 7
2071 8
2072 7
2073 7
2074 8
2075 9
2076 9
2077 8
2078 9
2079 10
2080 8
2081 7
2082 9
2083 11
2084 7
2085 7
2086 8
2087 9
2088 9
2089 8
2090 9
2091 10
2092 11
2093 9
2094 10
2095 11
2096 8
2097 9
2098 11
2099 12
2100 8
2101 8
2102 9
2103 10
2104 10
2105 9
2106 10
2107 11
2108 12
2109 10
2110 11
2111 12
2112 8
2113 7
2114 9
2115 11
2116 6
2117 6
2118 8
2119 9
2120 8
2121 8
2122 9
2123 10
2124 11
2125 9
2126 10
2127 11
2128 4
2129 6
2130 7
2131 9
2132 5
2133 6
2134 7
2135 8
2136 7
2137 7
2138 8
2139 9
2140 9
2141 8
2142 9
2143 10
2144 7
2145 7
2146 9
2147 10
2148 7
2149 7
2150 8
2151 9
2152 8
2153 8
2154 9
2155 10
2156 10
2157 9
2158 10
2159 11
2160 10
2161 8
2162 10
2163 11
2164 8
2165 8
2166 9
2167 10
2168 10
2169 9
2170 10
2171 11
2172 11
2173 9
2174 10
2175 11
2176 8
2177 8
2178 10
2179 12
2180 7
2181 7
2182 9
2183 10
2184 10
2185 9
2186 10
2187 11
2188 12
2189 10
2190 11
2191 12
2192 6
2193 7
2194 8
2195 10
2196 6
2197 7
2198 8
2199 9
2200 8
2201 8
2202 9
2203 10
2204 10
2205 9
2206 10
2207 11
2208 9
2209 8
2210 10
2211 11
2212 7
2213 8
2214 9
2215 10
2216 9
2217 8
2218 9
2219 10
2220 11
2221 9
2222 10
2223 11
2224 12
2225 9
2226 11
2227 12
2228 9
2229 8
2230 9
2231 10
2232 11
2233 9
2234 10
2235 11
2236 12
2237 10
2238 11
2239 12
2240 8
2241 10
2242 12
2243 14
2244 9
2245 8
2246 10
2247 11
2248 11
2249 10
2250 11
2251 12
2252 14
2253 11
2254 12
2255 13
2256 8
2257 8
2258 9
2259 11
2260 7
2261 8
2262 8
2263 9
2264 9
2265 8
2266 9
2267 10
2268 11
2269 9
2270 10
2271 11
2272 11
2273 9
2274 11
2275 12
2276 8
2277 8
2278 9
2279 10
2280 10
2281 9
2282 10
2283 11
2284 12
2285 10
2286 11
2287 12
2288 14
2289 10
2290 12
2291 13
2292 10
2293 9
2294 10
2295 11
2296 12
2297 10
2298 11
2299 12
2300 13
2301 11
2302 12
2303 13
2304 8
2305 6
2306 9
2307 11
2308 5
2309 6
2310 7
2311 9
2312 8
2313 7
2314 9
2315 10
2316 11
2317 9
2318 10
2319 11
2320 3
2321 6
2322 7
2323 9
2324 5
2325 6
2326 7
2327 8
2328 7
2329 7
2330 8
2331 9
2332 9
2333 8
2334 9
2335 10
2336 7
2337 7
2338 9
2339 10
2340 6
2341 6
2342 8
2343 9
2344 8
2345 7
2346 9
2347 10
2348 10
2349 8
2350 10
2351 11
2352 11
2353 8
2354 10
2355 11
2356 8
2357 7
2358 8
2359 10
2360 10
2361 8
2362 9
2363 11
2364 12
2365 9
2366 10
2367 12
2368 5
2369 6
2370 8
2371 10
2372 6
2373 6
2374 7
2375 9
2376 8
2377 7
2378 8
2379 10
2380 10
2381 8
2382 10
2383 11
2384 4
2385 6
2386 7
2387 9
2388 5
2389 6
2390 7
2391 8
2392 7
2393 7
2394 8
2395 9
2396 8
2397 7
2398 8
2399 10
2400 7
2401 7
2402 8
2403 10
2404 6
2405 6
2406 7
2407 8
2408 8
2409 7
2410 8
2411 9
2412 10
2413 8
2414 9
2415 10
2416 10
2417 8
2418 9
2419 11
2420 8
2421 7
2422 8
2423 9
2424 9
2425 8
2426 9
2427 10
2428 11
2429 9
2430 10
2431 11
2432 11
2433 8
2434 9
2435 11
2436 7
2437 7
2438 8
2439 9
2440 9
2441 8
2442 9
2443 10
2444 12
2445 9
2446 10
2447 12
2448 6
2449 7
2450 8
2451 10
2452 6
2453 6
2454 7
2455 8
2456 8
2457 7
2458 8
2459 9
2460 9
2461 8
2462 9
2463 10
2464 9
2465 8
2466 9
2467 11
2468 7
2469 7
2470 8
2471 9
2472 9
2473 8
2474 9
2475 10
2476 11
2477 9
2478 10
2479 11
2480 12
2481 9
2482 10
2483 12
2484 8
2485 8
2486 9
2487 10
2488 10
2489 9
2490 10
2491 11
2492 12
2493 10
2494 11
2495 12
2496 15
2497 9
2498 11
2499 13
2500 8
2501 8
2502 9
2503 10
2504 10
2505 9
2506 10
2507 11
2508 13
2509 10
2510 11
2511 12
2512 8
2513 7
2514 9
2515 10
2516 7
2517 7
2518 8
2519 9
2520 8
2521 8
2522 9
2523 10
2524 10
2525 9
2526 10
2527 11
2528 11
2529 8
2530 10
2531 11
2532 8
2533 8
2534 9
2535 10
2536 10
2537 9
2538 10
2539 11
2540 11
2541 10
2542 11
2543 12
2544 14
2545 9
2546 11
2547 12
2548 9
2549 9
2550 10
2551 11
2552 11
2553 9
2554 10
2555 11
2556 13
2557 10
2558 11
2559 12
2560 8
2561 8
2562 10
2563 12
2564 6
2565 7
2566 8
2567 10
2568 9
2569 8
2570 10
2571 11
2572 12
2573 9
2574 11
2575 12
2576 4
2577 6
2578 8
2579 10
2580 5
2581 6
2582 7
2583 8
2584 7
2585 7
2586 8
2587 9
2588 9
2589 8
2590 9
2591 10
2592 8
2593 8
2594 9
2595 11
2596 7
2597 7
2598 8
2599 9
2600 9
2601 8
2602 9
2603 10
2604 11
2605 9
2606 10
2607 11
2608 12
2609 9
2610 11
2611 12
2612 8
2613 8
2614 9
2615 10
2616 10
2617 9
2618 10
2619 11
2620 12
2621 10
2622 11
2623 12
2624 7
2625 7
2626 9
2627 11
2628 6
2629 7
2630 8
2631 9
2632 9
2633 8
2634 9
2635 10
2636 11
2637 9
2638 10
2639 11
2640 5
2641 6
2642 8
2643 9
2644 5
2645 6
2646 7
2647 8
2648 7
2649 7
2650 8
2651 9
2652 9
2653 8
2654 9
2655 10
2656 8
2657 7
2658 9
2659 10
2660 7
2661 7
2662 8
2663 9
2664 8
2665 8
2666 9
2667 10
2668 10
2669 9
2670 10
2671 11
2672 11
2673 8
2674 10
2675 11
2676 8
2677 8
2678 9
2679 10
2680 10
2681 9
2682 10
2683 11
2684 11
2685 10
2686 11
2687 12
2688 12
2689 8
2690 10
2691 12
2692 7
2693 8
2694 9
2695 10
2696 10
2697 9
2698 10
2699 11
2700 12
2701 10
2702 11
2703 12
2704 6
2705 7
2706 9
2707 10
2708 6
2709 7
2710 8
2711 9
2712 8
2713 8
2714 9
2715 10
2716 10
2717 9
2718 10
2719 11
2720 9
2721 8
2722 10
2723 11
2724 8
2725 8
2726 9
2727 10
2728 9
2729 9
2730 10
2731 11
2732 11
2733 9
2734 10
2735 11
2736 12
2737 9
2738 11
2739 12
2740 9
2741 8
2742 9
2743 10
2744 11
2745 9
2746 10
2747 11
2748 12
2749 10
2750 11
2751 12
2752 15
2753 9
2754 11
2755 13
2756 9
2757 8
2758 10
2759 11
2760 11
2761 9
2762 11
2763 12
2764 13
2765 11
2766 12
2767 13
2768 8
2769 8
2770 9
2771 11
2772 7
2773 8
2774 9
2775 10
2776 9
2777 8
2778 9
2779 10
2780 11
2781 9
2782 10
2783 11
2784 11
2785 9
2786 11
2787 12
2788 8
2789 8
2790 9
2791 10
2792 10
2793 9
2794 10
2795 11
2796 12
2797 10
2798 11
2799 12
2800 14
2801 10
2802 12
2803 13
2804 10
2805 9
2806 10
2807 11
2808 11
2809 10
2810 11
2811 12
2812 13
2813 11
2814 12
2815 13
2816 8
2817 9
2818 11
2819 13
2820 7
2821 8
2822 9
2823 11
2824 10
2825 9
2826 10
2827 12
2828 13
2829 10
2830 12
2831 13
2832 5
2833 7
2834 9
2835 11
2836 6
2837 7
2838 8
2839 9
2840 8
2841 8
2842 9
2843 10
2844 10
2845 9
2846 10
2847 11
2848 9
2849 8
2850 10
2851 12
2852 8
2853 8
2854 9
2855 10
2856 9
2857 9
2858 10
2859 11
2860 11
2861 10
2862 11
2863 12
2864 13
2865 10
2866 11
2867 13
2868 9
2869 9
2870 10
2871 11
2872 11
2873 10
2874 11
2875 12
2876 13
2877 11
2878 12
2879 13
2880 8
2881 8
2882 10
2883 12
2884 7
2885 7
2886 9
2887 10
2888 9
2889 9
2890 10
2891 11
2892 12
2893 10
2894 11
2895 12
2896 5
2897 7
2898 8
2899 10
2900 6
2901 7
2902 8
2903 9
2904 8
2905 8
2906 9
2907 10
2908 9
2909 9
2910 10
2911 11
2912 8
2913 8
2914 9
2915 11
2916 7
2917 8
2918 9
2919 10
2920 9
2921 8
2922 9
2923 10
2924 11
2925 9
2926 10
2927 11
2928 11
2929 9
2930 11
2931 12
2932 8
2933 8
2934 9
2935 10
2936 10
2937 9
2938 10
2939 11
2940 12
2941 10
2942 11
2943 12
2944 14
2945 9
2946 11
2947 13
2948 8
2949 8
2950 9
2951 11
2952 10
2953 9
2954 11
2955 12
2956 13
2957 10
2958 12
2959 13
2960 7
2961 8
2962 9
2963 11
2964 7
2965 7
2966 8
2967 9
2968 8
2969 8
2970 9
2971 10
2972 10
2973 9
2974 10
2975 11
2976 10
2977 9
2978 10
2979 12
2980 8
2981 8
2982 9
2983 10
2984 10
2985 9
2986 10
2987 11
2988 11
2989 10
2990 11
2991 12
2992 13
2993 10
2994 11
2995 13
2996 9
2997 9
2998 10
2999 11
3000 11
3001 10
3002 11
3003 12
3004 13
3005 11
3006 12
3007 13
3008 15
3009 10
3010 12
3011 14
3012 9
3013 9
3014 10
3015 11
3016 12
3017 10
3018 11
3019 13
3020 14
3021 11
3022 12
3023 14
3024 8
3025 9
3026 10
3027 12
3028 8
3029 8
3030 9
3031 10
3032 9
3033 9
3034 10
3035 11
3036 11
3037 10
3038 11
3039 12
3040 11
3041 10
3042 11
3043 13
3044 9
3045 9
3046 10
3047 11
3048 11
3049 10
3050 11
3051 12
3052 12
3053 11
3054 12
3055 13
3056 14
3057 11
3058 12
3059 14
3060 10
3061 10
3062 11
3063 12
3064 12
3065 10
3066 12
3067 13
3068 14
3069 11
3070 12
3071 13
3072 8
3073 8
3074 8
3075 8
3076 8
3077 8
3078 9
3079 11
3080 8
3081 9
3082 11
3083 12
3084 8
3085 11
3086 12
3087 14
3088 8
3089 7
3090 9
3091 10
3092 6
3093 7
3094 8
3095 9
3096 8
3097 8
3098 9
3099 10
3100 10
3101 9
3102 10
3103 11
3104 8
3105 9
3106 10
3107 12
3108 7
3109 8
3110 9
3111 10
3112 9
3113 9
3114 10
3115 11
3116 11
3117 10
3118 11
3119 12
3120 8
3121 10
3122 12
3123 13
3124 9
3125 9
3126 10
3127 11
3128 11
3129 10
3130 11
3131 12
3132 13
3133 11
3134 12
3135 13
3136 8
3137 8
3138 10
3139 12
3140 6
3141 7
3142 9
3143 10
3144 9
3145 8
3146 10
3147 11
3148 11
3149 10
3150 11
3151 12
3152 4
3153 7
3154 8
3155 10
3156 5
3157 7
3158 8
3159 9
3160 7
3161 8
3162 8
3163 9
3164 9
3165 8
3166 9
3167 10
3168 7
3169 8
3170 9
3171 11
3172 7
3173 7
3174 8
3175 9
3176 8
3177 8
3178 9
3179 10
3180 10
3181 9
3182 10
3183 11
3184 10
3185 9
3186 10
3187 12
3188 8
3189 8
3190 9
3191 10
3192 10
3193 9
3194 10
3195 11
3196 12
3197 10
3198 11
3199 12
3200 8
3201 9
3202 11
3203 13
3204 8
3205 8
3206 10
3207 11
3208 10
3209 9
3210 11
3211 12
3212 13
3213 11
3214 12
3215 13
3216 6
3217 8
3218 9
3219 11
3220 6
3221 7
3222 8
3223 9
3224 8
3225 8
3226 9
3227 10
3228 10
3229 9
3230 10
3231 11
3232 9
3233 9
3234 10
3235 12
3236 8
3237 8
3238 9
3239 10
3240 9
3241 9
3242 10
3243 11
3244 11
3245 10
3246 11
3247 12
3248 12
3249 10
3250 11
3251 13
3252 9
3253 9
3254 10
3255 11
3256 11
3257 10
3258 11
3259 12
3260 12
3261 11
3262 12
3263 13
3264 8
3265 10
3266 12
3267 14
3268 9
3269 9
3270 11
3271 12
3272 12
3273 10
3274 12
3275 13
3276 14
3277 12
3278 13
3279 14
3280 7
3281 9
3282 10
3283 12
3284 7
3285 8
3286 9
3287 10
3288 9
3289 9
3290 10
3291 11
3292 11
3293 10
3294 11
3295 12
3296 10
3297 10
3298 11
3299 13
3300 9
3301 9
3302 10
3303 11
3304 10
3305 10
3306 11
3307 12
3308 12
3309 11
3310 12
3311 13
3312 13
3313 11
3314 12
3315 14
3316 10
3317 10
3318 11
3319 12
3320 12
3321 11
3322 12
3323 13
3324 13
3325 12
3326 13
3327 14
3328 8
3329 7
3330 10
3331 12
3332 6
3333 7
3334 8
3335 10
3336 9
3337 8
3338 9
3339 11
3340 12
3341 9
3342 11
3343 12
3344 3
3345 6
3346 8
3347 10
3348 5
3349 6
3350 7
3351 8
3352 7
3353 7
3354 8
3355 9
3356 9
3357 8
3358 9
3359 10
3360 7
3361 7
3362 9
3363 11
3364 6
3365 7
3366 8
3367 9
3368 8
3369 8
3370 9
3371 10
3372 10
3373 9
3374 10
3375 11
3376 11
3377 9
3378 10
3379 12
3380 8
3381 8
3382 9
3383 10
3384 10
3385 9
3386 10
3387 11
3388 12
3389 10
3390 11
3391 12
3392 2
3393 7
3394 9
3395 11
3396 6
3397 7
3398 8
3399 9
3400 8
3401 8
3402 9
3403 10
3404 10
3405 9
3406 10
3407 11
3408 3
3409 6
3410 8
3411 9
3412 5
3413 6
3414 7
3415 8
3416 7
3417 7
3418 8
3419 9
3420 8
3421 8
3422 9
3423 10
3424 6
3425 7
3426 9
3427 10
3428 6
3429 7
3430 8
3431 9
3432 8
3433 8
3434 9
3435 10
3436 10
3437 9
3438 10
3439 11
3440 9
3441 8
3442 10
3443 11
3444 8
3445 8
3446 9
3447 10
3448 9
3449 9
3450 10
3451 11
3452 11
3453 9
3454 10
3455 11
3456 8
3457 8
3458 10
3459 12
3460 7
3461 7
3462 9
3463 10
3464 9
3465 9
3466 10
3467 11
3468 12
3469 10
3470 11
3471 12
3472 5
3473 7
3474 8
3475 10
3476 6
3477 7
3478 8
3479 9
3480 8
3481 8
3482 9
3483 10
3484 9
3485 9
3486 10
3487 11
3488 8
3489 8
3490 9
3491 11
3492 7
3493 8
3494 9
3495 10
3496 9
3497 8
3498 9
3499 10
3500 11
3501 9
3502 10
3503 11
3504 11
3505 9
3506 11
3507 12
3508 8
3509 8
3510 9
3511 10
3512 10
3513 9
3514 10
3515 11
3516 12
3517 10
3518 11
3519 12
3520 14
3521 9
3522 11
3523 13
3524 8
3525 8
3526 9
3527 11
3528 10
3529 9
3530 11
3531 12
3532 13
3533 10
3534 12
3535 13
3536 7
3537 8
3538 9
3539 11
3540 7
3541 7
3542 8
3543 9
3544 8
3545 8
3546 9
3547 10
3548 10
3549 9
3550 10
3551 11
3552 10
3553 9
3554 10
3555 12
3556 8
3557 8
3558 9
3559 10
3560 10
3561 9
3562 10
3563 11
3564 11
3565 10
3566 11
3567 12
3568 13
3569 10
3570 11
3571 13
3572 9
3573 9
3574 10
3575 11
3576 11
3577 10
3578 11
3579 12
3580 13
3581 11
3582 12
3583 13
3584 8
3585 8
3586 11
3587 13
3588 7
3589 8
3590 9
3591 10
3592 10
3593 9
3594 10
3595 12
3596 13
3597 10
3598 12
3599 13
3600 4
3601 7
3602 9
3603 10
3604 6
3605 7
3606 8
3607 9
3608 8
3609 8
3610 9
3611 10
3612 9
3613 9
3614 10
3615 11
3616 8
3617 8
3618 10
3619 12
3620 7
3621 8
3622 9
3623 10
3624 9
3625 9
3626 10
3627 11
3628 11
3629 10
3630 11
3631 12
3632 12
3633 9
3634 11
3635 13
3636 9
3637 9
3638 10
3639 11
3640 11
3641 10
3642 11
3643 12
3644 12
3645 11
3646 12
3647 13
3648 4
3649 8
3650 10
3651 12
3652 6
3653 7
3654 9
3655 10
3656 9
3657 8
3658 10
3659 11
3660 11
3661 9
3662 11
3663 12
3664 4
3665 7
3666 8
3667 10
3668 5
3669 7
3670 8
3671 9
3672 7
3673 8
3674 9
3675 10
3676 9
3677 8
3678 9
3679 10
3680 7
3681 8
3682 9
3683 11
3684 7
3685 7
3686 8
3687 9
3688 8
3689 8
3690 9
3691 10
3692 10
3693 9
3694 10
3695 11
3696 10
3697 9
3698 10
3699 12
3700 8
3701 8
3702 9
3703 10
3704 10
3705 9
3706 10
3707 11
3708 11
3709 10
3710 11
3711 12
3712 9
3713 9
3714 11
3715 13
3716 7
3717 8
3718 9
3719 11
3720 10
3721 9
3722 10
3723 12
3724 12
3725 10
3726 11
3727 13
3728 5
3729 8
3730 9
3731 11
3732 6
3733 7
3734 8
3735 9
3736 8
3737 8
3738 9
3739 10
3740 10
3741 9
3742 10
3743 11
3744 8
3745 9
3746 10
3747 12
3748 8
3749 8
3750 9
3751 10
3752 9
3753 9
3754 10
3755 11
3756 11
3757 10
3758 11
3759 12
3760 11
3761 10
3762 11
3763 13
3764 9
3765 9
3766 10
3767 11
3768 11
3769 10
3770 11
3771 12
3772 12
3773 11
3774 12
3775 13
3776 15
3777 10
3778 12
3779 14
3780 9
3781 9
3782 10
3783 11
3784 11
3785 10
3786 11
3787 12
3788 13
3789 11
3790 12
3791 14
3792 7
3793 8
3794 10
3795 11
3796 7
3797 8
3798 9
3799 10
3800 9
3801 9
3802 10
3803 11
3804 11
3805 10
3806 11
3807 12
3808 10
3809 9
3810 11
3811 12
3812 8
3813 9
3814 10
3815 11
3816 10
3817 10
3818 11
3819 12
3820 12
3821 10
3822 12
3823 13
3824 13
3825 10
3826 12
3827 13
3828 10
3829 9
3830 10
3831 12
3832 11
3833 10
3834 11
3835 12
3836 13
3837 11
3838 12
3839 13
3840 8
3841 9
3842 12
3843 14
3844 8
3845 9
3846 10
3847 11
3848 11
3849 10
3850 11
3851 13
3852 14
3853 11
3854 12
3855 14
3856 5
3857 8
3858 9
3859 11
3860 6
3861 8
3862 9
3863 10
3864 8
3865 9
3866 10
3867 11
3868 10
3869 10
3870 11
3871 12
3872 9
3873 9
3874 11
3875 12
3876 8
3877 8
3878 10
3879 11
3880 10
3881 9
3882 11
3883 12
3884 12
3885 10
3886 12
3887 13
3888 13
3889 10
3890 12
3891 14
3892 9
3893 9
3894 10
3895 12
3896 11
3897 10
3898 11
3899 13
3900 13
3901 11
3902 12
3903 14
3904 5
3905 8
3906 10
3907 12
3908 7
3909 8
3910 9
3911 10
3912 9
3913 9
3914 10
3915 11
3916 12
3917 10
3918 11
3919 13
3920 4
3921 7
3922 9
3923 10
3924 6
3925 7
3926 8
3927 9
3928 8
3929 8
3930 9
3931 10
3932 9
3933 9
3934 10
3935 11
3936 7
3937 8
3938 10
3939 11
3940 7
3941 8
3942 9
3943 10
3944 9
3945 9
3946 10
3947 11
3948 11
3949 10
3950 11
3951 12
3952 10
3953 9
3954 11
3955 12
3956 8
3957 9
3958 10
3959 11
3960 10
3961 10
3962 11
3963 12
3964 12
3965 10
3966 12
3967 13
3968 11
3969 9
3970 11
3971 13
3972 8
3973 9
3974 10
3975 11
3976 10
3977 10
3978 11
3979 12
3980 13
3981 11
3982 12
3983 13
3984 6
3985 8
3986 10
3987 11
3988 7
3989 8
3990 9
3991 10
3992 8
3993 9
3994 10
3995 11
3996 10
3997 10
3998 11
3999 12
4000 9
4001 9
4002 11
4003 12
4004 8
4005 9
4006 10
4007 11
4008 10
4009 9
4010 10
4011 12
4012 11
4013 10
4014 11
4015 12
4016 12
4017 10
4018 12
4019 13
4020 9
4021 9
4022 10
4023 11
4024 11
4025 10
4026 11
4027 12
4028 13
4029 11
4030 12
4031 13
4032 15
4033 11
4034 13
4035 15
4036 9
4037 10
4038 11
4039 12
4040 12
4041 11
4042 12
4043 13
4044 14
4045 12
4046 13
4047 14
4048 8
4049 9
4050 10
4051 12
4052 8
4053 8
4054 9
4055 10
4056 9
4057 9
4058 10
4059 11
4060 11
4061 10
4062 11
4063 12
4064 11
4065 10
4066 11
4067 13
4068 9
4069 9
4070 10
4071 11
4072 11
4073 10
4074 11
4075 12
4076 12
4077 11
4078 12
4079 13
4080 14
4081 11
4082 12
4083 14
4084 10
4085 10
4086 11
4087 12
4088 12
4089 11
4090 12
4091 13
4092 14
4093 12
4094 13
4095 14
