#CSC Position Offset LUT
#Structure is comparator code (iCC) -> Stub position offset
#iCC bits: 12
#<header> v1.0 12 32 </header>
0 8
1 8
2 8
3 8
4 8
5 8
6 8
7 8
8 8
9 8
10 8
11 8
12 8
13 8
14 8
15 8
16 8
17 8
18 8
19 8
20 8
21 0
22 0
23 0
24 8
25 0
26 0
27 0
28 8
29 2
30 1
31 0
32 8
33 8
34 8
35 8
36 8
37 2
38 2
39 1
40 8
41 4
42 3
43 2
44 8
45 5
46 4
47 4
48 8
49 8
50 8
51 8
52 8
53 6
54 5
55 4
56 8
57 7
58 7
59 6
60 8
61 9
62 8
63 7
64 8
65 8
66 8
67 8
68 8
69 0
70 1
71 1
72 8
73 1
74 2
75 2
76 8
77 2
78 3
79 4
80 8
81 0
82 1
83 2
84 0
85 0
86 0
87 1
88 1
89 1
90 1
91 2
92 2
93 2
94 2
95 2
96 8
97 2
98 3
99 4
100 1
101 1
102 2
103 2
104 2
105 2
106 2
107 3
108 4
109 3
110 3
111 4
112 8
113 3
114 4
115 5
116 2
117 2
118 3
119 3
120 4
121 3
122 4
123 4
124 5
125 4
126 5
127 5
128 8
129 8
130 8
131 8
132 8
133 2
134 3
135 4
136 8
137 4
138 4
139 5
140 8
141 5
142 6
143 6
144 8
145 2
146 3
147 4
148 1
149 2
150 2
151 2
152 2
153 2
154 3
155 3
156 4
157 3
158 4
159 4
160 8
161 4
162 5
163 6
164 2
165 3
166 3
167 4
168 4
169 4
170 4
171 5
172 5
173 5
174 5
175 5
176 8
177 5
178 6
179 7
180 4
181 4
182 5
183 5
184 5
185 5
186 5
187 6
188 7
189 6
190 6
191 7
192 8
193 8
194 8
195 8
196 8
197 5
198 6
199 6
200 8
201 6
202 7
203 7
204 8
205 7
206 8
207 9
208 8
209 4
210 5
211 6
212 2
213 3
214 4
215 4
216 4
217 4
218 5
219 5
220 5
221 5
222 5
223 6
224 8
225 6
226 6
227 7
228 4
229 5
230 5
231 5
232 5
233 5
234 6
235 6
236 7
237 6
238 7
239 7
240 8
241 7
242 8
243 9
244 5
245 6
246 6
247 7
248 7
249 7
250 7
251 8
252 8
253 8
254 8
255 8
256 8
257 8
258 8
259 8
260 8
261 1
262 2
263 3
264 8
265 2
266 3
267 4
268 8
269 3
270 4
271 6
272 8
273 1
274 2
275 4
276 0
277 0
278 1
279 2
280 1
281 1
282 2
283 3
284 3
285 2
286 3
287 4
288 8
289 2
290 4
291 5
292 1
293 1
294 2
295 3
296 3
297 2
298 3
299 4
300 5
301 3
302 4
303 5
304 8
305 4
306 5
307 7
308 2
309 2
310 3
311 4
312 4
313 3
314 4
315 5
316 6
317 4
318 5
319 6
320 8
321 1
322 3
323 5
324 0
325 0
326 2
327 3
328 2
329 2
330 3
331 4
332 4
333 3
334 4
335 5
336 0
337 1
338 2
339 3
340 0
341 0
342 1
343 2
344 1
345 1
346 2
347 3
348 3
349 2
350 3
351 4
352 3
353 2
354 3
355 5
356 1
357 1
358 2
359 3
360 2
361 2
362 3
363 4
364 4
365 3
366 4
367 5
368 7
369 3
370 4
371 6
372 2
373 2
374 3
375 4
376 4
377 3
378 4
379 5
380 5
381 4
382 5
383 5
384 8
385 3
386 4
387 6
388 1
389 2
390 3
391 4
392 3
393 3
394 4
395 5
396 6
397 4
398 5
399 6
400 1
401 2
402 3
403 4
404 0
405 1
406 2
407 3
408 2
409 2
410 3
411 4
412 4
413 3
414 4
415 5
416 4
417 3
418 4
419 6
420 2
421 2
422 3
423 4
424 3
425 3
426 4
427 5
428 5
429 4
430 5
431 5
432 8
433 4
434 5
435 7
436 3
437 3
438 4
439 5
440 5
441 4
442 5
443 5
444 6
445 5
446 5
447 6
448 8
449 4
450 6
451 7
452 2
453 3
454 4
455 5
456 4
457 4
458 5
459 6
460 7
461 5
462 6
463 7
464 2
465 3
466 4
467 5
468 1
469 2
470 3
471 4
472 3
473 3
474 4
475 5
476 5
477 4
478 5
479 5
480 6
481 4
482 5
483 7
484 2
485 3
486 4
487 5
488 4
489 4
490 5
491 5
492 6
493 5
494 5
495 6
496 9
497 5
498 6
499 8
500 4
501 4
502 5
503 5
504 5
505 5
506 5
507 6
508 7
509 5
510 6
511 7
512 8
513 8
514 8
515 8
516 8
517 2
518 4
519 5
520 8
521 4
522 5
523 6
524 8
525 5
526 6
527 7
528 8
529 2
530 4
531 5
532 0
533 2
534 2
535 3
536 2
537 3
538 3
539 4
540 4
541 4
542 4
543 5
544 8
545 4
546 5
547 7
548 2
549 3
550 4
551 4
552 4
553 4
554 5
555 5
556 6
557 5
558 6
559 6
560 8
561 5
562 7
563 8
564 3
565 4
566 5
567 6
568 5
569 5
570 6
571 7
572 7
573 6
574 7
575 7
576 8
577 2
578 4
579 6
580 0
581 2
582 3
583 4
584 2
585 3
586 4
587 5
588 5
589 4
590 5
591 6
592 0
593 2
594 3
595 4
596 0
597 1
598 2
599 3
600 2
601 2
602 3
603 4
604 3
605 3
606 4
607 5
608 2
609 3
610 4
611 5
612 1
613 2
614 3
615 4
616 3
617 3
618 4
619 5
620 5
621 4
622 5
623 5
624 6
625 4
626 5
627 7
628 2
629 3
630 4
631 5
632 4
633 4
634 5
635 5
636 6
637 5
638 5
639 6
640 8
641 4
642 6
643 7
644 1
645 3
646 4
647 5
648 4
649 4
650 5
651 6
652 6
653 5
654 6
655 7
656 0
657 3
658 4
659 5
660 1
661 2
662 3
663 4
664 2
665 3
666 4
667 5
668 4
669 4
670 5
671 5
672 4
673 4
674 5
675 6
676 2
677 3
678 4
679 5
680 4
681 4
682 5
683 5
684 5
685 5
686 5
687 6
688 7
689 5
690 6
691 7
692 3
693 4
694 5
695 5
696 5
697 5
698 5
699 6
700 7
701 5
702 6
703 7
704 8
705 5
706 7
707 9
708 2
709 4
710 5
711 6
712 5
713 5
714 6
715 7
716 7
717 6
718 7
719 8
720 2
721 4
722 5
723 6
724 2
725 3
726 4
727 5
728 3
729 4
730 5
731 5
732 5
733 5
734 5
735 6
736 5
737 5
738 6
739 7
740 3
741 4
742 5
743 5
744 5
745 5
746 5
747 6
748 6
749 5
750 6
751 7
752 9
753 6
754 7
755 8
756 4
757 5
758 5
759 6
760 6
761 5
762 6
763 7
764 8
765 6
766 7
767 8
768 8
769 8
770 8
771 8
772 8
773 4
774 5
775 6
776 8
777 6
778 7
779 8
780 8
781 7
782 8
783 9
784 8
785 4
786 5
787 7
788 1
789 3
790 4
791 5
792 3
793 4
794 5
795 6
796 5
797 5
798 6
799 7
800 8
801 5
802 7
803 8
804 3
805 4
806 5
807 6
808 5
809 5
810 6
811 7
812 6
813 6
814 7
815 8
816 8
817 7
818 8
819 9
820 4
821 5
822 6
823 7
824 6
825 6
826 7
827 8
828 8
829 7
830 8
831 9
832 8
833 4
834 5
835 7
836 1
837 3
838 4
839 5
840 3
841 4
842 5
843 6
844 6
845 5
846 6
847 7
848 0
849 2
850 4
851 5
852 0
853 2
854 3
855 4
856 2
857 3
858 4
859 5
860 4
861 4
862 5
863 5
864 2
865 4
866 5
867 6
868 2
869 3
870 4
871 5
872 3
873 4
874 5
875 5
876 5
877 5
878 5
879 6
880 5
881 5
882 6
883 7
884 3
885 4
886 5
887 5
888 5
889 5
890 5
891 6
892 6
893 5
894 6
895 7
896 8
897 5
898 7
899 8
900 2
901 4
902 5
903 6
904 4
905 5
906 6
907 7
908 7
909 6
910 7
911 8
912 0
913 3
914 5
915 6
916 1
917 3
918 4
919 5
920 3
921 4
922 5
923 5
924 5
925 5
926 5
927 6
928 3
929 5
930 6
931 7
932 2
933 4
934 5
935 5
936 4
937 5
938 5
939 6
940 6
941 5
942 6
943 7
944 7
945 6
946 7
947 8
948 4
949 5
950 5
951 6
952 5
953 5
954 6
955 7
956 7
957 6
958 7
959 8
960 8
961 6
962 8
963 10
964 3
965 5
966 6
967 7
968 6
969 6
970 7
971 8
972 8
973 7
974 8
975 9
976 1
977 4
978 6
979 7
980 2
981 4
982 5
983 5
984 4
985 5
986 5
987 6
988 5
989 5
990 6
991 7
992 4
993 6
994 7
995 8
996 3
997 5
998 5
999 6
1000 5
1001 5
1002 6
1003 7
1004 7
1005 6
1006 7
1007 8
1008 8
1009 7
1010 8
1011 9
1012 5
1013 5
1014 6
1015 7
1016 6
1017 6
1018 7
1019 8
1020 8
1021 7
1022 8
1023 9
1024 8
1025 8
1026 8
1027 8
1028 8
1029 0
1030 1
1031 2
1032 8
1033 1
1034 2
1035 4
1036 8
1037 2
1038 4
1039 5
1040 8
1041 0
1042 2
1043 3
1044 0
1045 0
1046 0
1047 2
1048 1
1049 0
1050 2
1051 3
1052 3
1053 2
1054 3
1055 4
1056 8
1057 1
1058 3
1059 5
1060 0
1061 0
1062 2
1063 3
1064 2
1065 2
1066 3
1067 4
1068 4
1069 3
1070 4
1071 5
1072 8
1073 3
1074 5
1075 6
1076 2
1077 2
1078 3
1079 4
1080 4
1081 3
1082 4
1083 5
1084 6
1085 4
1086 5
1087 6
1088 8
1089 1
1090 3
1091 5
1092 0
1093 0
1094 1
1095 2
1096 2
1097 1
1098 2
1099 3
1100 4
1101 2
1102 3
1103 5
1104 0
1105 0
1106 2
1107 3
1108 0
1109 0
1110 1
1111 2
1112 1
1113 1
1114 2
1115 3
1116 3
1117 2
1118 3
1119 4
1120 3
1121 1
1122 3
1123 4
1124 1
1125 1
1126 2
1127 3
1128 2
1129 2
1130 2
1131 3
1132 4
1133 2
1134 3
1135 4
1136 6
1137 3
1138 4
1139 6
1140 2
1141 1
1142 2
1143 3
1144 4
1145 2
1146 3
1147 4
1148 5
1149 3
1150 4
1151 5
1152 8
1153 2
1154 4
1155 6
1156 0
1157 1
1158 2
1159 3
1160 3
1161 2
1162 3
1163 4
1164 5
1165 3
1166 4
1167 6
1168 2
1169 1
1170 3
1171 4
1172 0
1173 1
1174 2
1175 2
1176 2
1177 1
1178 2
1179 3
1180 4
1181 2
1182 3
1183 4
1184 5
1185 2
1186 4
1187 5
1188 2
1189 1
1190 2
1191 3
1192 3
1193 2
1194 3
1195 4
1196 5
1197 3
1198 4
1199 5
1200 8
1201 4
1202 5
1203 6
1204 3
1205 2
1206 3
1207 4
1208 5
1209 3
1210 4
1211 5
1212 6
1213 4
1214 5
1215 6
1216 8
1217 3
1218 5
1219 7
1220 2
1221 2
1222 3
1223 4
1224 4
1225 3
1226 4
1227 5
1228 7
1229 4
1230 5
1231 7
1232 4
1233 2
1234 4
1235 5
1236 1
1237 1
1238 2
1239 3
1240 3
1241 2
1242 3
1243 4
1244 5
1245 3
1246 4
1247 5
1248 7
1249 3
1250 5
1251 6
1252 2
1253 2
1254 3
1255 4
1256 4
1257 3
1258 4
1259 5
1260 6
1261 4
1262 5
1263 6
1264 10
1265 5
1266 6
1267 7
1268 4
1269 3
1270 4
1271 5
1272 6
1273 4
1274 5
1275 6
1276 7
1277 5
1278 6
1279 7
1280 8
1281 1
1282 3
1283 6
1284 0
1285 0
1286 1
1287 3
1288 2
1289 1
1290 3
1291 4
1292 5
1293 3
1294 4
1295 5
1296 0
1297 1
1298 2
1299 4
1300 0
1301 0
1302 1
1303 2
1304 1
1305 1
1306 2
1307 3
1308 3
1309 2
1310 3
1311 4
1312 4
1313 2
1314 3
1315 5
1316 1
1317 1
1318 2
1319 3
1320 3
1321 2
1322 3
1323 4
1324 5
1325 3
1326 4
1327 5
1328 8
1329 3
1330 5
1331 6
1332 2
1333 2
1334 3
1335 4
1336 4
1337 3
1338 4
1339 5
1340 6
1341 4
1342 5
1343 6
1344 2
1345 1
1346 3
1347 5
1348 0
1349 0
1350 1
1351 3
1352 2
1353 1
1354 3
1355 4
1356 4
1357 2
1358 4
1359 5
1360 0
1361 1
1362 2
1363 4
1364 0
1365 0
1366 1
1367 2
1368 1
1369 1
1370 2
1371 3
1372 3
1373 2
1374 3
1375 4
1376 3
1377 2
1378 3
1379 5
1380 1
1381 1
1382 2
1383 3
1384 2
1385 2
1386 3
1387 4
1388 4
1389 3
1390 4
1391 5
1392 6
1393 3
1394 4
1395 6
1396 2
1397 2
1398 3
1399 4
1400 4
1401 2
1402 3
1403 5
1404 5
1405 3
1406 4
1407 5
1408 8
1409 2
1410 4
1411 6
1412 1
1413 1
1414 2
1415 3
1416 3
1417 2
1418 3
1419 5
1420 6
1421 3
1422 4
1423 6
1424 2
1425 1
1426 3
1427 4
1428 0
1429 1
1430 2
1431 3
1432 2
1433 2
1434 3
1435 4
1436 4
1437 2
1438 3
1439 5
1440 5
1441 2
1442 4
1443 5
1444 2
1445 1
1446 2
1447 3
1448 3
1449 2
1450 3
1451 4
1452 5
1453 3
1454 4
1455 5
1456 8
1457 3
1458 5
1459 6
1460 3
1461 2
1462 3
1463 4
1464 5
1465 3
1466 4
1467 5
1468 6
1469 4
1470 5
1471 6
1472 14
1473 3
1474 5
1475 7
1476 2
1477 2
1478 3
1479 4
1480 4
1481 3
1482 4
1483 5
1484 7
1485 4
1486 5
1487 6
1488 4
1489 2
1490 4
1491 5
1492 1
1493 1
1494 2
1495 3
1496 3
1497 2
1498 3
1499 4
1500 5
1501 3
1502 4
1503 5
1504 7
1505 3
1506 5
1507 6
1508 2
1509 2
1510 3
1511 4
1512 4
1513 3
1514 4
1515 5
1516 6
1517 4
1518 5
1519 6
1520 10
1521 4
1522 6
1523 7
1524 4
1525 3
1526 4
1527 5
1528 5
1529 4
1530 5
1531 6
1532 7
1533 5
1534 6
1535 7
1536 8
1537 2
1538 4
1539 7
1540 0
1541 1
1542 2
1543 4
1544 3
1545 2
1546 4
1547 5
1548 6
1549 3
1550 5
1551 6
1552 1
1553 1
1554 3
1555 5
1556 0
1557 1
1558 2
1559 3
1560 2
1561 2
1562 3
1563 4
1564 4
1565 3
1566 4
1567 5
1568 5
1569 3
1570 4
1571 6
1572 1
1573 2
1574 3
1575 4
1576 3
1577 3
1578 4
1579 5
1580 5
1581 4
1582 5
1583 6
1584 9
1585 4
1586 5
1587 7
1588 3
1589 2
1590 4
1591 5
1592 5
1593 3
1594 4
1595 6
1596 7
1597 4
1598 5
1599 7
1600 4
1601 2
1602 4
1603 6
1604 0
1605 1
1606 2
1607 3
1608 2
1609 2
1610 3
1611 4
1612 5
1613 3
1614 4
1615 5
1616 1
1617 1
1618 3
1619 4
1620 0
1621 1
1622 2
1623 3
1624 2
1625 1
1626 2
1627 3
1628 3
1629 2
1630 3
1631 4
1632 4
1633 2
1634 4
1635 5
1636 1
1637 1
1638 2
1639 3
1640 3
1641 2
1642 3
1643 4
1644 5
1645 3
1646 4
1647 5
1648 7
1649 3
1650 5
1651 6
1652 2
1653 2
1654 3
1655 4
1656 4
1657 3
1658 4
1659 5
1660 6
1661 4
1662 5
1663 6
1664 9
1665 3
1666 5
1667 7
1668 1
1669 2
1670 3
1671 4
1672 4
1673 3
1674 4
1675 5
1676 6
1677 4
1678 5
1679 6
1680 2
1681 2
1682 3
1683 5
1684 1
1685 1
1686 2
1687 3
1688 2
1689 2
1690 3
1691 4
1692 4
1693 3
1694 4
1695 5
1696 5
1697 3
1698 5
1699 6
1700 2
1701 2
1702 3
1703 4
1704 4
1705 3
1706 4
1707 5
1708 5
1709 4
1710 5
1711 6
1712 8
1713 4
1714 6
1715 7
1716 3
1717 3
1718 4
1719 5
1720 5
1721 4
1722 5
1723 6
1724 7
1725 5
1726 6
1727 7
1728 15
1729 4
1730 6
1731 8
1732 2
1733 2
1734 4
1735 5
1736 5
1737 4
1738 5
1739 6
1740 7
1741 5
1742 6
1743 7
1744 4
1745 3
1746 4
1747 6
1748 2
1749 2
1750 3
1751 4
1752 3
1753 3
1754 4
1755 5
1756 5
1757 4
1758 5
1759 6
1760 7
1761 4
1762 5
1763 7
1764 3
1765 3
1766 4
1767 5
1768 5
1769 4
1770 5
1771 6
1772 6
1773 4
1774 5
1775 6
1776 10
1777 5
1778 6
1779 8
1780 4
1781 3
1782 4
1783 5
1784 6
1785 4
1786 5
1787 6
1788 8
1789 5
1790 6
1791 7
1792 8
1793 3
1794 6
1795 8
1796 1
1797 2
1798 3
1799 5
1800 4
1801 3
1802 4
1803 6
1804 7
1805 4
1806 6
1807 7
1808 2
1809 2
1810 4
1811 5
1812 0
1813 1
1814 2
1815 4
1816 2
1817 2
1818 3
1819 4
1820 4
1821 3
1822 4
1823 5
1824 6
1825 3
1826 5
1827 7
1828 2
1829 2
1830 3
1831 4
1832 4
1833 3
1834 4
1835 5
1836 6
1837 4
1838 5
1839 6
1840 10
1841 5
1842 6
1843 8
1844 3
1845 3
1846 4
1847 5
1848 5
1849 4
1850 5
1851 6
1852 7
1853 5
1854 6
1855 7
1856 5
1857 2
1858 4
1859 6
1860 1
1861 1
1862 3
1863 4
1864 3
1865 3
1866 4
1867 5
1868 6
1869 4
1870 5
1871 6
1872 1
1873 2
1874 3
1875 5
1876 0
1877 1
1878 2
1879 3
1880 2
1881 2
1882 3
1883 4
1884 4
1885 3
1886 4
1887 5
1888 4
1889 3
1890 4
1891 6
1892 2
1893 2
1894 3
1895 4
1896 3
1897 3
1898 4
1899 5
1900 5
1901 4
1902 5
1903 6
1904 7
1905 4
1906 5
1907 7
1908 3
1909 3
1910 4
1911 5
1912 5
1913 4
1914 5
1915 6
1916 6
1917 4
1918 5
1919 6
1920 11
1921 4
1922 6
1923 8
1924 2
1925 2
1926 4
1927 5
1928 4
1929 3
1930 5
1931 6
1932 7
1933 4
1934 6
1935 7
1936 3
1937 3
1938 4
1939 6
1940 1
1941 2
1942 3
1943 4
1944 3
1945 3
1946 4
1947 5
1948 5
1949 4
1950 5
1951 6
1952 6
1953 4
1954 5
1955 7
1956 2
1957 3
1958 4
1959 5
1960 4
1961 3
1962 4
1963 5
1964 6
1965 4
1966 5
1967 6
1968 9
1969 5
1970 6
1971 8
1972 4
1973 3
1974 4
1975 5
1976 5
1977 4
1978 5
1979 6
1980 7
1981 5
1982 6
1983 7
1984 15
1985 5
1986 7
1987 9
1988 3
1989 3
1990 4
1991 6
1992 6
1993 4
1994 5
1995 7
1996 8
1997 5
1998 6
1999 8
2000 5
2001 3
2002 5
2003 6
2004 2
2005 2
2006 3
2007 4
2008 4
2009 3
2010 4
2011 5
2012 5
2013 4
2014 5
2015 6
2016 8
2017 4
2018 6
2019 7
2020 3
2021 3
2022 4
2023 5
2024 5
2025 4
2026 5
2027 6
2028 7
2029 5
2030 6
2031 7
2032 11
2033 5
2034 7
2035 8
2036 5
2037 4
2038 5
2039 6
2040 6
2041 5
2042 6
2043 7
2044 8
2045 6
2046 7
2047 8
2048 8
2049 8
2050 8
2051 8
2052 8
2053 1
2054 2
2055 4
2056 8
2057 2
2058 4
2059 5
2060 8
2061 4
2062 5
2063 7
2064 8
2065 1
2066 3
2067 4
2068 0
2069 0
2070 2
2071 3
2072 1
2073 2
2074 3
2075 4
2076 3
2077 3
2078 4
2079 5
2080 8
2081 3
2082 4
2083 6
2084 1
2085 2
2086 3
2087 4
2088 3
2089 3
2090 4
2091 5
2092 5
2093 4
2094 5
2095 6
2096 8
2097 4
2098 6
2099 7
2100 3
2101 3
2102 4
2103 5
2104 5
2105 4
2106 5
2107 6
2108 7
2109 5
2110 6
2111 7
2112 8
2113 1
2114 3
2115 5
2116 0
2117 1
2118 2
2119 3
2120 2
2121 2
2122 3
2123 4
2124 4
2125 3
2126 4
2127 5
2128 0
2129 1
2130 2
2131 4
2132 0
2133 0
2134 1
2135 2
2136 1
2137 1
2138 2
2139 3
2140 3
2141 2
2142 3
2143 4
2144 2
2145 2
2146 4
2147 5
2148 1
2149 1
2150 2
2151 3
2152 2
2153 2
2154 3
2155 4
2156 4
2157 3
2158 4
2159 5
2160 6
2161 3
2162 5
2163 6
2164 2
2165 2
2166 3
2167 4
2168 4
2169 3
2170 4
2171 5
2172 6
2173 4
2174 5
2175 6
2176 8
2177 3
2178 5
2179 7
2180 1
2181 2
2182 3
2183 4
2184 3
2185 3
2186 4
2187 5
2188 6
2189 4
2190 5
2191 6
2192 1
2193 2
2194 3
2195 5
2196 0
2197 1
2198 2
2199 3
2200 2
2201 2
2202 3
2203 4
2204 4
2205 3
2206 4
2207 5
2208 4
2209 3
2210 5
2211 6
2212 2
2213 2
2214 3
2215 4
2216 3
2217 3
2218 4
2219 5
2220 5
2221 4
2222 5
2223 6
2224 7
2225 4
2226 6
2227 7
2228 3
2229 3
2230 4
2231 5
2232 5
2233 4
2234 5
2235 6
2236 7
2237 5
2238 6
2239 7
2240 8
2241 4
2242 6
2243 8
2244 2
2245 3
2246 4
2247 5
2248 5
2249 4
2250 5
2251 6
2252 7
2253 5
2254 6
2255 7
2256 3
2257 3
2258 4
2259 6
2260 1
2261 2
2262 3
2263 4
2264 3
2265 3
2266 4
2267 5
2268 5
2269 4
2270 5
2271 6
2272 6
2273 4
2274 6
2275 7
2276 3
2277 3
2278 4
2279 5
2280 4
2281 4
2282 5
2283 6
2284 6
2285 5
2286 6
2287 7
2288 9
2289 5
2290 7
2291 8
2292 4
2293 4
2294 5
2295 6
2296 6
2297 5
2298 6
2299 7
2300 7
2301 6
2302 7
2303 8
2304 8
2305 2
2306 4
2307 6
2308 0
2309 1
2310 2
2311 4
2312 2
2313 2
2314 3
2315 5
2316 5
2317 3
2318 5
2319 6
2320 0
2321 1
2322 3
2323 4
2324 0
2325 1
2326 2
2327 3
2328 1
2329 2
2330 3
2331 4
2332 3
2333 3
2334 4
2335 5
2336 3
2337 2
2338 4
2339 6
2340 1
2341 1
2342 3
2343 4
2344 3
2345 2
2346 4
2347 5
2348 5
2349 3
2350 4
2351 6
2352 7
2353 4
2354 5
2355 7
2356 2
2357 2
2358 3
2359 4
2360 4
2361 3
2362 4
2363 5
2364 6
2365 4
2366 5
2367 6
2368 0
2369 1
2370 3
2371 5
2372 0
2373 1
2374 2
2375 3
2376 2
2377 2
2378 3
2379 4
2380 4
2381 3
2382 4
2383 5
2384 0
2385 1
2386 2
2387 4
2388 0
2389 0
2390 1
2391 2
2392 1
2393 1
2394 2
2395 3
2396 3
2397 2
2398 3
2399 4
2400 2
2401 2
2402 3
2403 5
2404 1
2405 1
2406 2
2407 3
2408 2
2409 2
2410 3
2411 4
2412 4
2413 3
2414 4
2415 5
2416 5
2417 3
2418 5
2419 6
2420 2
2421 2
2422 3
2423 4
2424 4
2425 3
2426 4
2427 5
2428 5
2429 4
2430 5
2431 6
2432 5
2433 2
2434 4
2435 6
2436 1
2437 1
2438 3
2439 4
2440 3
2441 3
2442 4
2443 5
2444 6
2445 4
2446 5
2447 6
2448 1
2449 2
2450 3
2451 5
2452 0
2453 1
2454 2
2455 3
2456 2
2457 2
2458 3
2459 4
2460 4
2461 3
2462 4
2463 5
2464 4
2465 3
2466 4
2467 6
2468 2
2469 2
2470 3
2471 4
2472 3
2473 3
2474 4
2475 5
2476 5
2477 4
2478 5
2479 6
2480 7
2481 4
2482 5
2483 7
2484 3
2485 3
2486 4
2487 5
2488 5
2489 4
2490 5
2491 6
2492 6
2493 4
2494 5
2495 6
2496 11
2497 4
2498 6
2499 8
2500 2
2501 2
2502 4
2503 5
2504 4
2505 3
2506 5
2507 6
2508 7
2509 4
2510 6
2511 7
2512 3
2513 3
2514 4
2515 6
2516 1
2517 2
2518 3
2519 4
2520 3
2521 3
2522 4
2523 5
2524 5
2525 4
2526 5
2527 6
2528 6
2529 4
2530 5
2531 7
2532 2
2533 3
2534 4
2535 5
2536 4
2537 3
2538 4
2539 5
2540 6
2541 4
2542 5
2543 6
2544 9
2545 5
2546 6
2547 8
2548 4
2549 3
2550 4
2551 5
2552 5
2553 4
2554 5
2555 6
2556 7
2557 5
2558 6
2559 7
2560 8
2561 3
2562 5
2563 8
2564 0
2565 2
2566 3
2567 4
2568 3
2569 3
2570 4
2571 6
2572 6
2573 4
2574 6
2575 7
2576 0
2577 2
2578 4
2579 5
2580 0
2581 1
2582 2
2583 3
2584 2
2585 2
2586 3
2587 4
2588 4
2589 3
2590 4
2591 5
2592 4
2593 3
2594 5
2595 6
2596 2
2597 2
2598 3
2599 4
2600 3
2601 3
2602 4
2603 5
2604 5
2605 4
2606 5
2607 6
2608 8
2609 4
2610 6
2611 8
2612 3
2613 3
2614 4
2615 5
2616 5
2617 4
2618 5
2619 6
2620 7
2621 5
2622 6
2623 7
2624 1
2625 2
2626 4
2627 6
2628 0
2629 1
2630 3
2631 4
2632 2
2633 2
2634 4
2635 5
2636 5
2637 4
2638 5
2639 6
2640 0
2641 2
2642 3
2643 5
2644 0
2645 1
2646 2
2647 3
2648 2
2649 2
2650 3
2651 4
2652 3
2653 3
2654 4
2655 5
2656 3
2657 3
2658 4
2659 6
2660 1
2661 2
2662 3
2663 4
2664 3
2665 3
2666 4
2667 5
2668 5
2669 4
2670 5
2671 6
2672 6
2673 4
2674 5
2675 7
2676 2
2677 3
2678 4
2679 5
2680 4
2681 3
2682 4
2683 5
2684 6
2685 4
2686 5
2687 6
2688 7
2689 3
2690 5
2691 7
2692 1
2693 2
2694 3
2695 5
2696 4
2697 3
2698 4
2699 6
2700 6
2701 4
2702 6
2703 7
2704 2
2705 2
2706 4
2707 5
2708 1
2709 2
2710 3
2711 4
2712 2
2713 3
2714 4
2715 5
2716 4
2717 3
2718 4
2719 5
2720 5
2721 3
2722 5
2723 6
2724 2
2725 2
2726 3
2727 4
2728 4
2729 3
2730 4
2731 5
2732 5
2733 4
2734 5
2735 6
2736 8
2737 4
2738 6
2739 7
2740 3
2741 3
2742 4
2743 5
2744 5
2745 4
2746 5
2747 6
2748 7
2749 5
2750 6
2751 7
2752 12
2753 4
2754 6
2755 8
2756 2
2757 3
2758 4
2759 5
2760 5
2761 4
2762 5
2763 6
2764 7
2765 5
2766 6
2767 8
2768 3
2769 3
2770 5
2771 6
2772 2
2773 2
2774 3
2775 4
2776 3
2777 3
2778 4
2779 5
2780 5
2781 4
2782 5
2783 6
2784 6
2785 4
2786 6
2787 7
2788 3
2789 3
2790 4
2791 5
2792 5
2793 4
2794 5
2795 6
2796 6
2797 5
2798 6
2799 7
2800 9
2801 5
2802 7
2803 8
2804 4
2805 4
2806 5
2807 6
2808 6
2809 5
2810 6
2811 7
2812 8
2813 6
2814 7
2815 8
2816 8
2817 4
2818 6
2819 9
2820 1
2821 3
2822 4
2823 5
2824 4
2825 4
2826 5
2827 7
2828 7
2829 5
2830 6
2831 8
2832 1
2833 3
2834 4
2835 6
2836 1
2837 2
2838 3
2839 4
2840 3
2841 3
2842 4
2843 5
2844 5
2845 4
2846 5
2847 6
2848 5
2849 4
2850 6
2851 7
2852 2
2853 3
2854 4
2855 5
2856 4
2857 4
2858 5
2859 6
2860 6
2861 5
2862 6
2863 7
2864 9
2865 5
2866 7
2867 8
2868 4
2869 4
2870 5
2871 6
2872 6
2873 5
2874 6
2875 7
2876 8
2877 6
2878 7
2879 8
2880 2
2881 3
2882 5
2883 7
2884 1
2885 2
2886 3
2887 4
2888 3
2889 3
2890 4
2891 6
2892 6
2893 4
2894 5
2895 7
2896 0
2897 2
2898 4
2899 5
2900 0
2901 2
2902 3
2903 4
2904 2
2905 2
2906 3
2907 4
2908 4
2909 3
2910 4
2911 5
2912 3
2913 3
2914 5
2915 6
2916 2
2917 2
2918 3
2919 4
2920 3
2921 3
2922 4
2923 5
2924 5
2925 4
2926 5
2927 6
2928 6
2929 4
2930 6
2931 7
2932 3
2933 3
2934 4
2935 5
2936 5
2937 4
2938 5
2939 6
2940 6
2941 5
2942 6
2943 7
2944 8
2945 4
2946 6
2947 8
2948 2
2949 3
2950 4
2951 5
2952 4
2953 4
2954 5
2955 6
2956 7
2957 5
2958 6
2959 7
2960 2
2961 3
2962 4
2963 6
2964 1
2965 2
2966 3
2967 4
2968 3
2969 3
2970 4
2971 5
2972 5
2973 4
2974 5
2975 6
2976 5
2977 4
2978 5
2979 7
2980 2
2981 3
2982 4
2983 5
2984 4
2985 4
2986 5
2987 6
2988 6
2989 5
2990 6
2991 7
2992 8
2993 5
2994 6
2995 8
2996 4
2997 4
2998 5
2999 6
3000 5
3001 5
3002 6
3003 7
3004 7
3005 5
3006 7
3007 8
3008 14
3009 5
3010 7
3011 9
3012 3
3013 4
3014 5
3015 6
3016 6
3017 5
3018 6
3019 7
3020 8
3021 6
3022 7
3023 8
3024 4
3025 4
3026 5
3027 7
3028 2
3029 3
3030 4
3031 5
3032 4
3033 4
3034 5
3035 6
3036 5
3037 5
3038 6
3039 7
3040 7
3041 5
3042 6
3043 8
3044 3
3045 4
3046 5
3047 6
3048 5
3049 4
3050 5
3051 7
3052 7
3053 5
3054 6
3055 7
3056 10
3057 6
3058 7
3059 9
3060 5
3061 4
3062 5
3063 6
3064 6
3065 5
3066 6
3067 7
3068 8
3069 6
3070 7
3071 8
3072 8
3073 8
3074 8
3075 8
3076 8
3077 2
3078 4
3079 5
3080 8
3081 4
3082 5
3083 7
3084 8
3085 5
3086 7
3087 8
3088 8
3089 2
3090 4
3091 6
3092 0
3093 2
3094 3
3095 4
3096 2
3097 3
3098 4
3099 5
3100 4
3101 4
3102 5
3103 6
3104 8
3105 4
3106 5
3107 7
3108 2
3109 3
3110 4
3111 5
3112 4
3113 4
3114 5
3115 6
3116 6
3117 5
3118 6
3119 7
3120 8
3121 5
3122 7
3123 9
3124 3
3125 4
3126 5
3127 6
3128 5
3129 5
3130 6
3131 7
3132 7
3133 6
3134 7
3135 8
3136 8
3137 2
3138 4
3139 6
3140 0
3141 2
3142 3
3143 4
3144 2
3145 3
3146 4
3147 5
3148 5
3149 4
3150 5
3151 6
3152 0
3153 2
3154 3
3155 5
3156 0
3157 1
3158 2
3159 3
3160 1
3161 2
3162 3
3163 4
3164 3
3165 3
3166 4
3167 5
3168 2
3169 3
3170 4
3171 6
3172 1
3173 2
3174 3
3175 4
3176 3
3177 3
3178 4
3179 5
3180 4
3181 4
3182 5
3183 6
3184 5
3185 4
3186 5
3187 7
3188 2
3189 3
3190 4
3191 5
3192 4
3193 4
3194 5
3195 6
3196 6
3197 5
3198 6
3199 7
3200 8
3201 4
3202 6
3203 8
3204 1
3205 3
3206 4
3207 5
3208 4
3209 4
3210 5
3211 6
3212 6
3213 5
3214 6
3215 7
3216 1
3217 3
3218 4
3219 6
3220 1
3221 2
3222 3
3223 4
3224 2
3225 3
3226 4
3227 5
3228 4
3229 4
3230 5
3231 6
3232 4
3233 4
3234 5
3235 7
3236 2
3237 3
3238 4
3239 5
3240 4
3241 4
3242 5
3243 6
3244 5
3245 5
3246 6
3247 7
3248 7
3249 5
3250 6
3251 8
3252 3
3253 4
3254 5
3255 6
3256 5
3257 5
3258 6
3259 7
3260 7
3261 5
3262 6
3263 7
3264 8
3265 5
3266 7
3267 9
3268 3
3269 4
3270 5
3271 6
3272 5
3273 5
3274 6
3275 7
3276 8
3277 6
3278 7
3279 8
3280 2
3281 4
3282 5
3283 6
3284 2
3285 3
3286 4
3287 5
3288 3
3289 4
3290 5
3291 6
3292 5
3293 5
3294 6
3295 7
3296 6
3297 5
3298 6
3299 8
3300 3
3301 4
3302 5
3303 6
3304 5
3305 5
3306 5
3307 6
3308 6
3309 5
3310 6
3311 7
3312 9
3313 6
3314 7
3315 9
3316 4
3317 4
3318 5
3319 6
3320 6
3321 5
3322 6
3323 7
3324 8
3325 6
3326 7
3327 8
3328 8
3329 3
3330 5
3331 7
3332 0
3333 2
3334 3
3335 4
3336 3
3337 3
3338 4
3339 6
3340 6
3341 4
3342 5
3343 7
3344 0
3345 2
3346 3
3347 5
3348 0
3349 1
3350 2
3351 3
3352 2
3353 2
3354 3
3355 4
3356 3
3357 3
3358 4
3359 5
3360 3
3361 3
3362 5
3363 6
3364 1
3365 2
3366 3
3367 4
3368 3
3369 3
3370 4
3371 5
3372 5
3373 4
3374 5
3375 6
3376 7
3377 4
3378 6
3379 7
3380 3
3381 3
3382 4
3383 5
3384 5
3385 4
3386 5
3387 6
3388 6
3389 5
3390 6
3391 7
3392 0
3393 2
3394 4
3395 6
3396 0
3397 1
3398 2
3399 4
3400 2
3401 2
3402 4
3403 5
3404 4
3405 3
3406 5
3407 6
3408 0
3409 1
3410 3
3411 4
3412 0
3413 1
3414 2
3415 3
3416 1
3417 2
3418 3
3419 4
3420 3
3421 3
3422 4
3423 5
3424 2
3425 2
3426 4
3427 5
3428 1
3429 2
3430 3
3431 4
3432 2
3433 3
3434 4
3435 5
3436 4
3437 3
3438 4
3439 5
3440 5
3441 3
3442 5
3443 6
3444 2
3445 2
3446 3
3447 4
3448 4
3449 3
3450 4
3451 5
3452 5
3453 4
3454 5
3455 6
3456 2
3457 3
3458 5
3459 7
3460 1
3461 2
3462 3
3463 4
3464 3
3465 3
3466 4
3467 6
3468 6
3469 4
3470 5
3471 7
3472 0
3473 2
3474 4
3475 5
3476 0
3477 2
3478 3
3479 4
3480 2
3481 2
3482 3
3483 4
3484 4
3485 3
3486 4
3487 5
3488 3
3489 3
3490 5
3491 6
3492 2
3493 2
3494 3
3495 4
3496 3
3497 3
3498 4
3499 5
3500 5
3501 4
3502 5
3503 6
3504 6
3505 4
3506 6
3507 7
3508 3
3509 3
3510 4
3511 5
3512 5
3513 4
3514 5
3515 6
3516 6
3517 5
3518 6
3519 7
3520 8
3521 4
3522 6
3523 8
3524 2
3525 3
3526 4
3527 5
3528 4
3529 4
3530 5
3531 6
3532 7
3533 5
3534 6
3535 7
3536 2
3537 3
3538 4
3539 6
3540 1
3541 2
3542 3
3543 4
3544 3
3545 3
3546 4
3547 5
3548 5
3549 4
3550 5
3551 6
3552 5
3553 4
3554 5
3555 7
3556 2
3557 3
3558 4
3559 5
3560 4
3561 4
3562 5
3563 6
3564 6
3565 5
3566 6
3567 7
3568 8
3569 5
3570 6
3571 8
3572 4
3573 4
3574 5
3575 6
3576 5
3577 5
3578 6
3579 7
3580 7
3581 5
3582 7
3583 8
3584 8
3585 4
3586 6
3587 8
3588 1
3589 2
3590 4
3591 5
3592 4
3593 4
3594 5
3595 6
3596 7
3597 5
3598 6
3599 8
3600 0
3601 2
3602 4
3603 6
3604 0
3605 2
3606 3
3607 4
3608 2
3609 3
3610 4
3611 5
3612 4
3613 4
3614 5
3615 6
3616 4
3617 4
3618 5
3619 7
3620 2
3621 3
3622 4
3623 5
3624 4
3625 4
3626 5
3627 6
3628 6
3629 5
3630 6
3631 7
3632 8
3633 5
3634 7
3635 8
3636 3
3637 4
3638 5
3639 6
3640 5
3641 5
3642 6
3643 7
3644 7
3645 6
3646 7
3647 8
3648 0
3649 3
3650 5
3651 7
3652 0
3653 2
3654 3
3655 4
3656 2
3657 3
3658 4
3659 5
3660 5
3661 4
3662 5
3663 6
3664 0
3665 2
3666 3
3667 5
3668 0
3669 1
3670 2
3671 3
3672 2
3673 2
3674 3
3675 4
3676 3
3677 3
3678 4
3679 5
3680 2
3681 3
3682 4
3683 6
3684 1
3685 2
3686 3
3687 4
3688 3
3689 3
3690 4
3691 5
3692 5
3693 4
3694 5
3695 6
3696 5
3697 4
3698 5
3699 7
3700 2
3701 3
3702 4
3703 5
3704 4
3705 4
3706 5
3707 6
3708 6
3709 5
3710 6
3711 7
3712 4
3713 4
3714 6
3715 8
3716 1
3717 3
3718 4
3719 5
3720 4
3721 4
3722 5
3723 6
3724 6
3725 5
3726 6
3727 7
3728 1
3729 3
3730 4
3731 6
3732 1
3733 2
3734 3
3735 4
3736 2
3737 3
3738 4
3739 5
3740 4
3741 4
3742 5
3743 6
3744 4
3745 4
3746 5
3747 7
3748 2
3749 3
3750 4
3751 5
3752 4
3753 4
3754 5
3755 6
3756 5
3757 5
3758 6
3759 7
3760 7
3761 5
3762 6
3763 8
3764 3
3765 4
3766 5
3767 6
3768 5
3769 4
3770 5
3771 7
3772 7
3773 5
3774 6
3775 7
3776 9
3777 5
3778 7
3779 9
3780 2
3781 3
3782 5
3783 6
3784 5
3785 4
3786 6
3787 7
3788 7
3789 6
3790 7
3791 8
3792 2
3793 3
3794 5
3795 6
3796 2
3797 3
3798 4
3799 5
3800 3
3801 4
3802 5
3803 6
3804 5
3805 4
3806 5
3807 7
3808 5
3809 5
3810 6
3811 8
3812 3
3813 3
3814 4
3815 5
3816 5
3817 4
3818 5
3819 6
3820 6
3821 5
3822 6
3823 7
3824 8
3825 6
3826 7
3827 9
3828 4
3829 4
3830 5
3831 6
3832 6
3833 5
3834 6
3835 7
3836 8
3837 6
3838 7
3839 8
3840 8
3841 5
3842 7
3843 9
3844 2
3845 3
3846 5
3847 6
3848 5
3849 5
3850 6
3851 7
3852 8
3853 6
3854 7
3855 9
3856 1
3857 3
3858 5
3859 7
3860 1
3861 3
3862 4
3863 5
3864 3
3865 4
3866 5
3867 6
3868 5
3869 4
3870 6
3871 7
3872 5
3873 4
3874 6
3875 8
3876 2
3877 3
3878 4
3879 6
3880 4
3881 4
3882 5
3883 7
3884 6
3885 5
3886 6
3887 8
3888 9
3889 6
3890 7
3891 9
3892 4
3893 4
3894 5
3895 6
3896 6
3897 5
3898 6
3899 7
3900 8
3901 6
3902 7
3903 8
3904 0
3905 3
3906 5
3907 7
3908 1
3909 2
3910 4
3911 5
3912 3
3913 4
3914 5
3915 6
3916 6
3917 5
3918 6
3919 7
3920 0
3921 2
3922 4
3923 5
3924 0
3925 2
3926 3
3927 4
3928 2
3929 3
3930 4
3931 5
3932 4
3933 4
3934 5
3935 6
3936 2
3937 3
3938 5
3939 6
3940 2
3941 3
3942 4
3943 5
3944 3
3945 4
3946 5
3947 6
3948 5
3949 4
3950 5
3951 7
3952 5
3953 5
3954 6
3955 8
3956 3
3957 3
3958 4
3959 5
3960 5
3961 4
3962 5
3963 6
3964 6
3965 5
3966 6
3967 7
3968 5
3969 4
3970 6
3971 8
3972 2
3973 3
3974 4
3975 6
3976 4
3977 4
3978 6
3979 7
3980 7
3981 5
3982 7
3983 8
3984 1
3985 3
3986 5
3987 6
3988 1
3989 3
3990 4
3991 5
3992 3
3993 3
3994 4
3995 5
3996 5
3997 4
3998 5
3999 6
4000 4
4001 4
4002 6
4003 7
4004 2
4005 3
4006 4
4007 5
4008 4
4009 4
4010 5
4011 6
4012 6
4013 5
4014 6
4015 7
4016 7
4017 5
4018 7
4019 8
4020 4
4021 4
4022 5
4023 6
4024 5
4025 5
4026 6
4027 7
4028 7
4029 6
4030 7
4031 8
4032 11
4033 6
4034 8
4035 9
4036 3
4037 4
4038 5
4039 7
4040 6
4041 5
4042 6
4043 8
4044 8
4045 6
4046 7
4047 9
4048 3
4049 4
4050 6
4051 7
4052 2
4053 3
4054 4
4055 5
4056 4
4057 4
4058 5
4059 6
4060 5
4061 5
4062 6
4063 7
4064 6
4065 5
4066 7
4067 8
4068 3
4069 4
4070 5
4071 6
4072 5
4073 5
4074 6
4075 7
4076 7
4077 6
4078 7
4079 8
4080 9
4081 6
4082 8
4083 9
4084 5
4085 5
4086 6
4087 7
4088 6
4089 6
4090 7
4091 8
4092 8
4093 7
4094 8
4095 9
