#CSC Position Offset LUT
#Structure is comparator code (iCC) -> Stub position offset
#iCC bits: 12
#<header> v1.0 12 32 </header>
0 0
1 0
2 0
3 0
4 0
5 0
6 0
7 0
8 0
9 0
10 0
11 0
12 0
13 0
14 0
15 0
16 0
17 0
18 0
19 0
20 0
21 -1
22 -1.16667
23 -1.33333
24 0
25 -0.666667
26 -0.833333
27 -1
28 0
29 -0.333333
30 -0.5
31 -0.666667
32 0
33 0
34 0
35 0
36 0
37 -0.166667
38 -0.333333
39 -0.5
40 0
41 0.166667
42 -3.23652e-12
43 -0.166667
44 0
45 0.5
46 0.333333
47 0.166667
48 0
49 0
50 0
51 0
52 0
53 0.666667
54 0.5
55 0.333333
56 0
57 1
58 0.833333
59 0.666667
60 0
61 1.33333
62 1.16667
63 1
64 0
65 0
66 0
67 0
68 0
69 -1
70 -0.857143
71 -0.714286
72 0
73 -0.714286
74 -0.571429
75 -0.428571
76 0
77 -0.428571
78 -0.285714
79 -0.142857
80 0
81 -1
82 -0.785714
83 -0.571429
84 -1
85 -1
86 -0.9
87 -0.8
88 -0.666667
89 -0.8
90 -0.7
91 -0.6
92 -0.333333
93 -0.6
94 -0.5
95 -0.4
96 0
97 -0.642857
98 -0.428571
99 -0.214286
100 -0.666667
101 -0.7
102 -0.6
103 -0.5
104 -0.333333
105 -0.5
106 -0.4
107 -0.3
108 1.75126e-09
109 -0.3
110 -0.2
111 -0.1
112 0
113 -0.285714
114 -0.0714286
115 0.142857
116 -0.333333
117 -0.4
118 -0.3
119 -0.2
120 1.75126e-09
121 -0.2
122 -0.1
123 3.37508e-13
124 0.333333
125 2.49578e-13
126 0.1
127 0.2
128 0
129 0
130 0
131 0
132 0
133 -0.428571
134 -0.285714
135 -0.142857
136 0
137 -0.142857
138 -8.26006e-14
139 0.142857
140 0
141 0.142857
142 0.285714
143 0.428571
144 0
145 -0.571429
146 -0.357143
147 -0.142857
148 -0.666667
149 -0.6
150 -0.5
151 -0.4
152 -0.333333
153 -0.4
154 -0.3
155 -0.2
156 1.75126e-09
157 -0.2
158 -0.1
159 -8.79297e-14
160 0
161 -0.214286
162 2.90434e-13
163 0.214286
164 -0.333333
165 -0.3
166 -0.2
167 -0.1
168 -6.48931e-09
169 -0.1
170 -1.14575e-13
171 0.1
172 0.333333
173 0.1
174 0.2
175 0.3
176 0
177 0.142857
178 0.357143
179 0.571429
180 1.75126e-09
181 -2.26485e-13
182 0.1
183 0.2
184 0.333333
185 0.2
186 0.3
187 0.4
188 0.666667
189 0.4
190 0.5
191 0.6
192 0
193 0
194 0
195 0
196 0
197 0.142857
198 0.285714
199 0.428571
200 0
201 0.428571
202 0.571429
203 0.714286
204 0
205 0.714286
206 0.857143
207 1
208 0
209 -0.142857
210 0.0714286
211 0.285714
212 -0.333333
213 -0.2
214 -0.1
215 4.29878e-13
216 1.75126e-09
217 -4.70735e-14
218 0.1
219 0.2
220 0.333333
221 0.2
222 0.3
223 0.4
224 0
225 0.214286
226 0.428571
227 0.642857
228 1.75126e-09
229 0.1
230 0.2
231 0.3
232 0.333333
233 0.3
234 0.4
235 0.5
236 0.666667
237 0.5
238 0.6
239 0.7
240 0
241 0.571429
242 0.785714
243 1
244 0.333333
245 0.4
246 0.5
247 0.6
248 0.666667
249 0.6
250 0.7
251 0.8
252 1
253 0.8
254 0.9
255 1
256 0
257 0
258 0
259 0
260 0
261 -1
262 -0.730769
263 -0.461538
264 0
265 -0.692308
266 -0.423077
267 -0.153846
268 0
269 -0.384615
270 -0.115385
271 0.153846
272 0
273 -1
274 -0.666667
275 -0.333333
276 -1
277 -1
278 -0.8
279 -0.6
280 -0.571429
281 -0.771429
282 -0.571429
283 -0.371429
284 -0.142857
285 -0.542857
286 -0.342857
287 -0.142857
288 0
289 -0.666667
290 -0.333333
291 1.75126e-09
292 -0.642857
293 -0.742857
294 -0.542857
295 -0.342857
296 -0.214286
297 -0.514286
298 -0.314286
299 -0.114286
300 0.214286
301 -0.285714
302 -0.0857143
303 0.114286
304 0
305 -0.333333
306 1.75126e-09
307 0.333333
308 -0.285714
309 -0.485714
310 -0.285714
311 -0.0857143
312 0.142857
313 -0.257143
314 -0.0571429
315 0.142857
316 0.571429
317 -0.0285714
318 0.171429
319 0.371429
320 0
321 -1
322 -0.576981
323 -0.153846
324 -1
325 -1
326 -0.75
327 -0.5
328 -0.428571
329 -0.75
330 -0.5
331 -0.25
332 0.142857
333 -0.5
334 -0.25
335 3.14629e-09
336 -1
337 -1
338 -0.685733
339 -0.371429
340 -1
341 -1
342 -0.8
343 -0.6
344 -0.6
345 -0.8
346 -0.6
347 -0.4
348 -0.2
349 -0.6
350 -0.4
351 -0.2
352 -0.166667
353 -0.742857
354 -0.428588
355 -0.114286
356 -0.7
357 -0.8
358 -0.6
359 -0.4
360 -0.3
361 -0.6
362 -0.4
363 -0.2
364 0.1
365 -0.4
366 -0.2
367 2.10999e-09
368 0.666667
369 -0.485714
370 -0.171443
371 0.142857
372 -0.4
373 -0.6
374 -0.4
375 -0.2
376 1.10134e-13
377 -0.4
378 -0.2
379 2.10961e-09
380 0.4
381 -0.2
382 2.10961e-09
383 0.2
384 0
385 -0.692308
386 -0.269231
387 0.153842
388 -0.714286
389 -0.75
390 -0.5
391 -0.25
392 -0.142857
393 -0.5
394 -0.25
395 5.04326e-09
396 0.428571
397 -0.25
398 5.04326e-09
399 0.25
400 -0.666667
401 -0.771429
402 -0.457212
403 -0.142858
404 -0.8
405 -0.8
406 -0.6
407 -0.4
408 -0.4
409 -0.6
410 -0.4
411 -0.2
412 2.4869e-14
413 -0.4
414 -0.2
415 2.68028e-09
416 0.166667
417 -0.514286
418 -0.20006
419 0.114285
420 -0.5
421 -0.6
422 -0.4
423 -0.2
424 -0.1
425 -0.4
426 -0.2
427 3.97756e-09
428 0.3
429 -0.2
430 3.97756e-09
431 0.2
432 1
433 -0.257143
434 0.0570899
435 0.371428
436 -0.2
437 -0.4
438 -0.2
439 2.68028e-09
440 0.2
441 -0.2
442 -3.07099e-10
443 0.2
444 0.6
445 2.68028e-09
446 0.2
447 0.4
448 0
449 -0.384615
450 0.0384615
451 0.461504
452 -0.428571
453 -0.5
454 -0.25
455 3.14629e-09
456 0.142857
457 -0.25
458 2.5035e-10
459 0.25
460 0.714286
461 3.14629e-09
462 0.25
463 0.5
464 -0.333333
465 -0.542857
466 -0.228571
467 0.0857017
468 -0.6
469 -0.6
470 -0.4
471 -0.2
472 -0.2
473 -0.4
474 -0.2
475 -9.6798e-10
476 0.2
477 -0.2
478 -9.6798e-10
479 0.2
480 0.5
481 -0.285714
482 0.0285714
483 0.342846
484 -0.3
485 -0.4
486 -0.2
487 -9.6798e-10
488 0.1
489 -0.2
490 2.72601e-10
491 0.2
492 0.5
493 -9.6798e-10
494 0.2
495 0.4
496 1.33333
497 -0.0285714
498 0.285714
499 0.59999
500 -3.74811e-13
501 -0.2
502 -9.6798e-10
503 0.2
504 0.4
505 -9.6798e-10
506 0.2
507 0.4
508 0.8
509 0.2
510 0.4
511 0.6
512 0
513 0
514 0
515 0
516 0
517 -0.576981
518 -0.307692
519 -0.0384615
520 0
521 -0.269231
522 1.803e-13
523 0.269231
524 0
525 0.0384615
526 0.307692
527 0.576923
528 0
529 -0.666667
530 -0.333333
531 1.75126e-09
532 -0.785714
533 -0.685733
534 -0.485714
535 -0.285714
536 -0.357143
537 -0.457212
538 -0.257143
539 -0.0571429
540 0.0714286
541 -0.228571
542 -0.0285714
543 0.171429
544 0
545 -0.333333
546 -6.48931e-09
547 0.333333
548 -0.428571
549 -0.428588
550 -0.228571
551 -0.0285714
552 -4.34319e-13
553 -0.20006
554 -2.84217e-14
555 0.2
556 0.428571
557 0.0285714
558 0.228571
559 0.428571
560 0
561 1.75126e-09
562 0.333333
563 0.666667
564 -0.0714286
565 -0.171443
566 0.0285714
567 0.228571
568 0.357143
569 0.0570899
570 0.257143
571 0.457143
572 0.785714
573 0.285714
574 0.485714
575 0.685714
576 0
577 -0.730769
578 -0.307692
579 0.115344
580 -0.857143
581 -0.75
582 -0.5
583 -0.25
584 -0.285714
585 -0.5
586 -0.25
587 2.5035e-10
588 0.285714
589 -0.25
590 2.5035e-10
591 0.25
592 -1.16667
593 -0.8
594 -0.485714
595 -0.171443
596 -0.9
597 -0.8
598 -0.6
599 -0.4
600 -0.5
601 -0.6
602 -0.4
603 -0.2
604 -0.1
605 -0.4
606 -0.2
607 2.11075e-09
608 -0.333333
609 -0.542857
610 -0.228571
611 0.0857017
612 -0.6
613 -0.6
614 -0.4
615 -0.2
616 -0.2
617 -0.4
618 -0.2
619 2.71832e-10
620 0.2
621 -0.2
622 2.71832e-10
623 0.2
624 0.5
625 -0.285714
626 0.0285714
627 0.342846
628 -0.3
629 -0.4
630 -0.2
631 -9.6798e-10
632 0.1
633 -0.2
634 2.71832e-10
635 0.2
636 0.5
637 -9.6798e-10
638 0.2
639 0.4
640 0
641 -0.423077
642 5.41789e-14
643 0.423077
644 -0.571429
645 -0.5
646 -0.25
647 2.51311e-10
648 -3.47278e-13
649 -0.25
650 1.20732e-09
651 0.25
652 0.571429
653 2.51311e-10
654 0.25
655 0.5
656 -0.833333
657 -0.571429
658 -0.257143
659 0.0570899
660 -0.7
661 -0.6
662 -0.4
663 -0.2
664 -0.3
665 -0.4
666 -0.2
667 2.8197e-09
668 0.1
669 -0.2
670 2.8197e-09
671 0.2
672 -2.0659e-12
673 -0.314286
674 -5.32907e-14
675 0.314239
676 -0.4
677 -0.4
678 -0.2
679 2.8197e-09
680 -1.15463e-13
681 -0.2
682 -2.21315e-09
683 0.2
684 0.4
685 2.8197e-09
686 0.2
687 0.4
688 0.833333
689 -0.0571429
690 0.257143
691 0.571387
692 -0.1
693 -0.2
694 2.8197e-09
695 0.2
696 0.3
697 2.8197e-09
698 0.2
699 0.4
700 0.7
701 0.2
702 0.4
703 0.6
704 0
705 -0.115385
706 0.307692
707 0.730769
708 -0.285714
709 -0.25
710 2.5083e-10
711 0.25
712 0.285714
713 2.5083e-10
714 0.25
715 0.5
716 0.857143
717 0.25
718 0.5
719 0.75
720 -0.5
721 -0.342857
722 -0.0285714
723 0.285714
724 -0.5
725 -0.4
726 -0.2
727 -9.6798e-10
728 -0.1
729 -0.2
730 2.8197e-09
731 0.2
732 0.3
733 -9.6798e-10
734 0.2
735 0.4
736 0.333333
737 -0.0857143
738 0.228571
739 0.542857
740 -0.2
741 -0.2
742 2.81932e-09
743 0.2
744 0.2
745 2.81932e-09
746 0.2
747 0.4
748 0.6
749 0.2
750 0.4
751 0.6
752 1.16667
753 0.171429
754 0.485714
755 0.799896
756 0.1
757 -9.6798e-10
758 0.2
759 0.4
760 0.5
761 0.2
762 0.4
763 0.6
764 0.9
765 0.4
766 0.6
767 0.8
768 0
769 0
770 0
771 0
772 0
773 -0.153846
774 0.115344
775 0.384615
776 0
777 0.153842
778 0.423077
779 0.692308
780 0
781 0.461504
782 0.730769
783 1
784 0
785 -0.333333
786 1.75126e-09
787 0.333333
788 -0.571429
789 -0.371429
790 -0.171443
791 0.0285714
792 -0.142857
793 -0.142858
794 0.0570899
795 0.257143
796 0.285714
797 0.0857017
798 0.285714
799 0.485714
800 0
801 1.75126e-09
802 0.333333
803 0.666667
804 -0.214286
805 -0.114286
806 0.0857017
807 0.285714
808 0.214286
809 0.114285
810 0.314239
811 0.514286
812 0.642857
813 0.342846
814 0.542857
815 0.742857
816 0
817 0.333333
818 0.666667
819 1
820 0.142857
821 0.142857
822 0.342846
823 0.542857
824 0.571429
825 0.371428
826 0.571387
827 0.771429
828 1
829 0.59999
830 0.799896
831 1
832 0
833 -0.461538
834 -0.0384615
835 0.384615
836 -0.714286
837 -0.5
838 -0.25
839 3.14629e-09
840 -0.142857
841 -0.25
842 2.5035e-10
843 0.25
844 0.428571
845 3.14629e-09
846 0.25
847 0.5
848 -1.33333
849 -0.6
850 -0.285714
851 0.0285714
852 -0.8
853 -0.6
854 -0.4
855 -0.2
856 -0.4
857 -0.4
858 -0.2
859 -9.6798e-10
860 1.06581e-13
861 -0.2
862 -9.6798e-10
863 0.2
864 -0.5
865 -0.342857
866 -0.0285714
867 0.285714
868 -0.5
869 -0.4
870 -0.2
871 -9.6798e-10
872 -0.1
873 -0.2
874 2.71832e-10
875 0.2
876 0.3
877 -9.6798e-10
878 0.2
879 0.4
880 0.333333
881 -0.0857143
882 0.228571
883 0.542857
884 -0.2
885 -0.2
886 -9.6798e-10
887 0.2
888 0.2
889 -9.6798e-10
890 0.2
891 0.4
892 0.6
893 0.2
894 0.4
895 0.6
896 0
897 -0.153846
898 0.269231
899 0.692308
900 -0.428571
901 -0.25
902 2.5035e-10
903 0.25
904 0.142857
905 2.5035e-10
906 0.25
907 0.5
908 0.714286
909 0.25
910 0.5
911 0.75
912 -1
913 -0.371429
914 -0.0571429
915 0.257143
916 -0.6
917 -0.4
918 -0.2
919 -9.6798e-10
920 -0.2
921 -0.2
922 -2.85458e-09
923 0.2
924 0.2
925 -9.6798e-10
926 0.2
927 0.4
928 -0.166667
929 -0.114286
930 0.2
931 0.514286
932 -0.3
933 -0.2
934 -2.85458e-09
935 0.2
936 0.1
937 -2.85458e-09
938 0.2
939 0.4
940 0.5
941 0.2
942 0.4
943 0.6
944 0.666667
945 0.142857
946 0.457143
947 0.771429
948 3.37508e-13
949 -9.6798e-10
950 0.2
951 0.4
952 0.4
953 0.2
954 0.4
955 0.6
956 0.8
957 0.4
958 0.6
959 0.8
960 0
961 0.153846
962 0.576923
963 1
964 -0.142857
965 3.14629e-09
966 0.25
967 0.5
968 0.428571
969 0.25
970 0.5
971 0.75
972 1
973 0.5
974 0.75
975 1
976 -0.666667
977 -0.142857
978 0.171429
979 0.485714
980 -0.4
981 -0.2
982 -9.6798e-10
983 0.2
984 1.45661e-13
985 -9.6798e-10
986 0.2
987 0.4
988 0.4
989 0.2
990 0.4
991 0.6
992 0.166667
993 0.114286
994 0.428571
995 0.742857
996 -0.1
997 -9.6798e-10
998 0.2
999 0.4
1000 0.3
1001 0.2
1002 0.4
1003 0.6
1004 0.7
1005 0.4
1006 0.6
1007 0.8
1008 1
1009 0.371429
1010 0.685714
1011 1
1012 0.2
1013 0.2
1014 0.4
1015 0.6
1016 0.6
1017 0.4
1018 0.6
1019 0.8
1020 1
1021 0.6
1022 0.8
1023 1
1024 0
1025 0
1026 0
1027 0
1028 0
1029 -1
1030 -0.666667
1031 -0.333333
1032 0
1033 -0.666667
1034 -0.333333
1035 1.75126e-09
1036 0
1037 -0.333333
1038 1.75126e-09
1039 0.333333
1040 0
1041 -1
1042 -0.605276
1043 -0.210526
1044 -1
1045 -1
1046 -0.75
1047 -0.5
1048 -0.538462
1049 -0.75
1050 -0.5
1051 -0.25
1052 -0.0769231
1053 -0.5
1054 -0.25
1055 3.14629e-09
1056 0
1057 -0.657895
1058 -0.263169
1059 0.131579
1060 -0.615385
1061 -0.75
1062 -0.5
1063 -0.25
1064 -0.153846
1065 -0.5
1066 -0.25
1067 5.04326e-09
1068 0.307692
1069 -0.25
1070 5.04326e-09
1071 0.25
1072 0
1073 -0.315789
1074 0.0789383
1075 0.473684
1076 -0.230769
1077 -0.5
1078 -0.25
1079 3.14629e-09
1080 0.230769
1081 -0.25
1082 2.5035e-10
1083 0.25
1084 0.692308
1085 3.14629e-09
1086 0.25
1087 0.5
1088 0
1089 -1
1090 -0.526316
1091 -0.0526316
1092 -1
1093 -1.00004
1094 -0.711867
1095 -0.423729
1096 -0.416667
1097 -0.728824
1098 -0.440678
1099 -0.152542
1100 0.166667
1101 -0.457629
1102 -0.169492
1103 0.118644
1104 -1
1105 -1
1106 -0.653846
1107 -0.307692
1108 -1
1109 -1.00002
1110 -0.770271
1111 -0.540541
1112 -0.6
1113 -0.783788
1114 -0.554054
1115 -0.324324
1116 -0.2
1117 -0.567568
1118 -0.337838
1119 -0.108108
1120 -0.285714
1121 -0.730769
1122 -0.384615
1123 -0.0384615
1124 -0.685714
1125 -0.797311
1126 -0.567568
1127 -0.337838
1128 -0.285714
1129 -0.581085
1130 -0.351351
1131 -0.121622
1132 0.114286
1133 -0.364866
1134 -0.135135
1135 0.0945947
1136 0.428571
1137 -0.461538
1138 -0.115385
1139 0.230769
1140 -0.371429
1141 -0.594606
1142 -0.364866
1143 -0.135135
1144 0.0285714
1145 -0.378382
1146 -0.148649
1147 0.0810811
1148 0.428571
1149 -0.162163
1150 0.0675676
1151 0.297297
1152 0
1153 -0.684211
1154 -0.210526
1155 0.263158
1156 -0.666667
1157 -0.762783
1158 -0.474585
1159 -0.186441
1160 -0.0833333
1161 -0.491552
1162 -0.203392
1163 0.0847458
1164 0.5
1165 -0.220347
1166 0.0677965
1167 0.355932
1168 -0.571429
1169 -0.769231
1170 -0.423077
1171 -0.0769231
1172 -0.771429
1173 -0.810842
1174 -0.581085
1175 -0.351351
1176 -0.371429
1177 -0.594606
1178 -0.364866
1179 -0.135135
1180 0.0285714
1181 -0.378382
1182 -0.148649
1183 0.0810811
1184 0.142857
1185 -0.5
1186 -0.153846
1187 0.192308
1188 -0.457143
1189 -0.608135
1190 -0.378382
1191 -0.148649
1192 -0.0571429
1193 -0.391902
1194 -0.162163
1195 0.0675676
1196 0.342857
1197 -0.175679
1198 0.054054
1199 0.283784
1200 0.857143
1201 -0.230769
1202 0.115385
1203 0.461538
1204 -0.142857
1205 -0.405429
1206 -0.175679
1207 0.054054
1208 0.257143
1209 -0.189198
1210 0.0405399
1211 0.27027
1212 0.657143
1213 0.0270242
1214 0.256757
1215 0.486487
1216 0
1217 -0.368421
1218 0.105263
1219 0.578947
1220 -0.333333
1221 -0.525424
1222 -0.237311
1223 0.0508459
1224 0.25
1225 -0.25429
1226 0.0338914
1227 0.322034
1228 0.833333
1229 0.0169293
1230 0.305083
1231 0.59322
1232 -0.142857
1233 -0.538462
1234 -0.192308
1235 0.153846
1236 -0.542857
1237 -0.621676
1238 -0.391902
1239 -0.162163
1240 -0.142857
1241 -0.405429
1242 -0.175679
1243 0.054054
1244 0.257143
1245 -0.189198
1246 0.0405399
1247 0.27027
1248 0.571429
1249 -0.269231
1250 0.0769231
1251 0.423077
1252 -0.228571
1253 -0.418967
1254 -0.189198
1255 0.0405399
1256 0.171429
1257 -0.202724
1258 0.0270242
1259 0.256757
1260 0.571429
1261 0.0135053
1262 0.243243
1263 0.472973
1264 1.28571
1265 -3.23297e-13
1266 0.346154
1267 0.692308
1268 0.0857143
1269 -0.216259
1270 0.0135053
1271 0.243243
1272 0.485714
1273 -1.90382e-05
1274 0.229727
1275 0.459459
1276 0.885714
1277 0.216209
1278 0.445945
1279 0.675676
1280 0
1281 -1
1282 -0.452381
1283 0.0952381
1284 -1
1285 -1
1286 -0.676471
1287 -0.352941
1288 -0.307692
1289 -0.705882
1290 -0.382353
1291 -0.0589126
1292 0.384615
1293 -0.411765
1294 -0.0882353
1295 0.235274
1296 -1
1297 -1
1298 -0.610169
1299 -0.220339
1300 -1
1301 -1
1302 -0.744186
1303 -0.488372
1304 -0.55
1305 -0.767442
1306 -0.511628
1307 -0.255852
1308 -0.1
1309 -0.534884
1310 -0.27907
1311 -0.0232647
1312 -0.0714286
1313 -0.711864
1314 -0.322034
1315 0.0677966
1316 -0.65
1317 -0.790698
1318 -0.534884
1319 -0.27907
1320 -0.2
1321 -0.55814
1322 -0.302326
1323 -0.0465464
1324 0.25
1325 -0.325581
1326 -0.0698608
1327 0.186038
1328 0.857143
1329 -0.423729
1330 -0.0338983
1331 0.355932
1332 -0.3
1333 -0.581395
1334 -0.325581
1335 -0.0698608
1336 0.15
1337 -0.348837
1338 -0.0930233
1339 0.162759
1340 0.6
1341 -0.116279
1342 0.13945
1343 0.395341
1344 -1
1345 -1
1346 -0.535714
1347 -0.0714286
1348 -1
1349 -1
1350 -0.709302
1351 -0.418605
1352 -0.428571
1353 -0.744186
1354 -0.453488
1355 -0.162791
1356 0.142857
1357 -0.488372
1358 -0.197674
1359 0.0930233
1360 -1
1361 -1
1362 -0.648649
1363 -0.297297
1364 -1
1365 -1
1366 -0.761905
1367 -0.52381
1368 -0.6
1369 -0.790476
1370 -0.552381
1371 -0.314286
1372 -0.2
1373 -0.580952
1374 -0.342857
1375 -0.104762
1376 -0.3
1377 -0.756757
1378 -0.405405
1379 -0.0540541
1380 -0.7
1381 -0.819048
1382 -0.580952
1383 -0.342857
1384 -0.3
1385 -0.609524
1386 -0.371429
1387 -0.133333
1388 0.1
1389 -0.4
1390 -0.161905
1391 0.0761905
1392 0.4
1393 -0.513514
1394 -0.162162
1395 0.189189
1396 -0.4
1397 -0.638095
1398 -0.4
1399 -0.161905
1400 -2.80664e-13
1401 -0.428571
1402 -0.190476
1403 0.047619
1404 0.4
1405 -0.219048
1406 0.0190476
1407 0.257143
1408 0.333333
1409 -0.75
1410 -0.285714
1411 0.178571
1412 -0.714286
1413 -0.813953
1414 -0.523256
1415 -0.232558
1416 -0.142857
1417 -0.55814
1418 -0.267442
1419 0.0232558
1420 0.428571
1421 -0.302326
1422 -0.0116279
1423 0.27907
1424 -0.6
1425 -0.810811
1426 -0.459459
1427 -0.108108
1428 -0.8
1429 -0.847619
1430 -0.609524
1431 -0.371429
1432 -0.4
1433 -0.638095
1434 -0.4
1435 -0.161905
1436 1.0747e-12
1437 -0.428571
1438 -0.190476
1439 0.047619
1440 0.1
1441 -0.567568
1442 -0.216216
1443 0.135135
1444 -0.5
1445 -0.666667
1446 -0.428571
1447 -0.190476
1448 -0.1
1449 -0.457143
1450 -0.219048
1451 0.0190476
1452 0.3
1453 -0.247619
1454 -0.00952381
1455 0.228571
1456 0.8
1457 -0.324324
1458 0.027027
1459 0.378378
1460 -0.2
1461 -0.485714
1462 -0.247619
1463 -0.00952381
1464 0.2
1465 -0.27619
1466 -0.0380952
1467 0.2
1468 0.6
1469 -0.0666667
1470 0.171429
1471 0.409524
1472 1.66667
1473 -0.5
1474 -0.0357143
1475 0.428571
1476 -0.428571
1477 -0.627907
1478 -0.337209
1479 -0.0465116
1480 0.142857
1481 -0.372093
1482 -0.0813954
1483 0.209302
1484 0.714286
1485 -0.116279
1486 0.174419
1487 0.465116
1488 -0.2
1489 -0.621622
1490 -0.27027
1491 0.0810811
1492 -0.6
1493 -0.695238
1494 -0.457143
1495 -0.219048
1496 -0.2
1497 -0.485714
1498 -0.247619
1499 -0.00952381
1500 0.2
1501 -0.27619
1502 -0.0380952
1503 0.2
1504 0.5
1505 -0.378378
1506 -0.027027
1507 0.324324
1508 -0.3
1509 -0.514286
1510 -0.27619
1511 -0.0380952
1512 0.1
1513 -0.304762
1514 -0.0666667
1515 0.171429
1516 0.5
1517 -0.0952381
1518 0.142857
1519 0.380952
1520 1.2
1521 -0.135135
1522 0.216216
1523 0.567568
1524 1.03029e-13
1525 -0.333333
1526 -0.0952381
1527 0.142857
1528 0.4
1529 -0.12381
1530 0.114286
1531 0.352381
1532 0.8
1533 0.0857143
1534 0.32381
1535 0.561905
1536 0
1537 -0.738095
1538 -0.190476
1539 0.357143
1540 -0.769231
1541 -0.794118
1542 -0.470588
1543 -0.147059
1544 -0.0769231
1545 -0.5
1546 -0.176471
1547 0.147059
1548 0.615385
1549 -0.205882
1550 0.117647
1551 0.441176
1552 -0.785714
1553 -0.813559
1554 -0.423729
1555 -0.0338983
1556 -0.85
1557 -0.837209
1558 -0.581395
1559 -0.325581
1560 -0.4
1561 -0.604651
1562 -0.348837
1563 -0.0930233
1564 0.05
1565 -0.372093
1566 -0.116279
1567 0.13945
1568 0.142857
1569 -0.525424
1570 -0.135593
1571 0.254237
1572 -0.5
1573 -0.627907
1574 -0.372093
1575 -0.116279
1576 -0.05
1577 -0.395349
1578 -0.139535
1579 0.116279
1580 0.4
1581 -0.162791
1582 0.0930233
1583 0.34876
1584 1.07143
1585 -0.237288
1586 0.152542
1587 0.542373
1588 -0.15
1589 -0.418605
1590 -0.162791
1591 0.0930233
1592 0.3
1593 -0.186047
1594 0.0697674
1595 0.325581
1596 0.75
1597 0.0465116
1598 0.302326
1599 0.55807
1600 -0.666667
1601 -0.821429
1602 -0.357143
1603 0.107143
1604 -0.857143
1605 -0.848837
1606 -0.55814
1607 -0.267442
1608 -0.285714
1609 -0.593023
1610 -0.302326
1611 -0.0116279
1612 0.285714
1613 -0.337209
1614 -0.0465116
1615 0.244186
1616 -0.9
1617 -0.864865
1618 -0.513514
1619 -0.162162
1620 -0.9
1621 -0.87619
1622 -0.638095
1623 -0.4
1624 -0.5
1625 -0.666667
1626 -0.428571
1627 -0.190476
1628 -0.1
1629 -0.457143
1630 -0.219048
1631 0.0190476
1632 -0.2
1633 -0.621622
1634 -0.27027
1635 0.0810811
1636 -0.6
1637 -0.695238
1638 -0.457143
1639 -0.219048
1640 -0.2
1641 -0.485714
1642 -0.247619
1643 -0.00952381
1644 0.2
1645 -0.27619
1646 -0.0380952
1647 0.2
1648 0.5
1649 -0.378378
1650 -0.027027
1651 0.324324
1652 -0.3
1653 -0.514286
1654 -0.27619
1655 -0.0380952
1656 0.1
1657 -0.304762
1658 -0.0666667
1659 0.171429
1660 0.5
1661 -0.0952381
1662 0.142857
1663 0.380952
1664 0.666667
1665 -0.571429
1666 -0.107143
1667 0.357143
1668 -0.571429
1669 -0.662791
1670 -0.372093
1671 -0.0813954
1672 -9.7522e-13
1673 -0.406977
1674 -0.116279
1675 0.174419
1676 0.571429
1677 -0.151163
1678 0.139535
1679 0.430233
1680 -0.5
1681 -0.675676
1682 -0.324324
1683 0.027027
1684 -0.7
1685 -0.72381
1686 -0.485714
1687 -0.247619
1688 -0.3
1689 -0.514286
1690 -0.27619
1691 -0.0380952
1692 0.1
1693 -0.304762
1694 -0.0666667
1695 0.171429
1696 0.2
1697 -0.432432
1698 -0.0810811
1699 0.27027
1700 -0.4
1701 -0.542857
1702 -0.304762
1703 -0.0666667
1704 5.05374e-13
1705 -0.333333
1706 -0.0952381
1707 0.142857
1708 0.4
1709 -0.12381
1710 0.114286
1711 0.352381
1712 0.9
1713 -0.189189
1714 0.162162
1715 0.513514
1716 -0.1
1717 -0.361905
1718 -0.12381
1719 0.114286
1720 0.3
1721 -0.152381
1722 0.0857143
1723 0.32381
1724 0.7
1725 0.0571429
1726 0.295238
1727 0.533333
1728 2
1729 -0.321429
1730 0.142857
1731 0.607143
1732 -0.285714
1733 -0.476744
1734 -0.186047
1735 0.104651
1736 0.285714
1737 -0.22093
1738 0.0697674
1739 0.360465
1740 0.857143
1741 0.0348837
1742 0.325581
1743 0.616279
1744 -0.1
1745 -0.486486
1746 -0.135135
1747 0.216216
1748 -0.5
1749 -0.571429
1750 -0.333333
1751 -0.0952381
1752 -0.1
1753 -0.361905
1754 -0.12381
1755 0.114286
1756 0.3
1757 -0.152381
1758 0.0857143
1759 0.32381
1760 0.6
1761 -0.243243
1762 0.108108
1763 0.459459
1764 -0.2
1765 -0.390476
1766 -0.152381
1767 0.0857143
1768 0.2
1769 -0.180952
1770 0.0571429
1771 0.295238
1772 0.6
1773 0.0285714
1774 0.266667
1775 0.504762
1776 1.3
1777 2.66454e-14
1778 0.351351
1779 0.702703
1780 0.1
1781 -0.209524
1782 0.0285714
1783 0.266667
1784 0.5
1785 -1.71418e-13
1786 0.238095
1787 0.47619
1788 0.9
1789 0.209524
1790 0.447619
1791 0.685714
1792 0
1793 -0.47619
1794 0.0714286
1795 0.619048
1796 -0.538462
1797 -0.588235
1798 -0.264706
1799 0.0588235
1800 0.153846
1801 -0.294118
1802 0.0294118
1803 0.352941
1804 0.846154
1805 3.01981e-14
1806 0.323529
1807 0.647059
1808 -0.571429
1809 -0.627119
1810 -0.237288
1811 0.152542
1812 -0.7
1813 -0.674419
1814 -0.418605
1815 -0.162791
1816 -0.25
1817 -0.44186
1818 -0.186047
1819 0.0697674
1820 0.2
1821 -0.209302
1822 0.0465116
1823 0.302326
1824 0.357143
1825 -0.338983
1826 0.0508475
1827 0.440678
1828 -0.35
1829 -0.465116
1830 -0.209302
1831 0.0465116
1832 0.1
1833 -0.232558
1834 0.0232558
1835 0.27907
1836 0.55
1837 7.81597e-14
1838 0.255814
1839 0.511628
1840 1.28571
1841 -0.0508475
1842 0.338983
1843 0.728814
1844 1.56319e-13
1845 -0.255814
1846 1.93623e-13
1847 0.255814
1848 0.45
1849 -0.0232558
1850 0.232558
1851 0.488372
1852 0.9
1853 0.209302
1854 0.465116
1855 0.72093
1856 -0.333333
1857 -0.642857
1858 -0.178571
1859 0.285714
1860 -0.714286
1861 -0.697674
1862 -0.406977
1863 -0.116279
1864 -0.142857
1865 -0.44186
1866 -0.151163
1867 0.139535
1868 0.428571
1869 -0.186047
1870 0.104651
1871 0.395349
1872 -0.8
1873 -0.72973
1874 -0.378378
1875 -0.027027
1876 -0.8
1877 -0.752381
1878 -0.514286
1879 -0.27619
1880 -0.4
1881 -0.542857
1882 -0.304762
1883 -0.0666667
1884 1.00364e-13
1885 -0.333333
1886 -0.0952381
1887 0.142857
1888 -0.1
1889 -0.486486
1890 -0.135135
1891 0.216216
1892 -0.5
1893 -0.571429
1894 -0.333333
1895 -0.0952381
1896 -0.1
1897 -0.361905
1898 -0.12381
1899 0.114286
1900 0.3
1901 -0.152381
1902 0.0857143
1903 0.32381
1904 0.6
1905 -0.243243
1906 0.108108
1907 0.459459
1908 -0.2
1909 -0.390476
1910 -0.152381
1911 0.0857143
1912 0.2
1913 -0.180952
1914 0.0571429
1915 0.295238
1916 0.6
1917 0.0285714
1918 0.266667
1919 0.504762
1920 1
1921 -0.392857
1922 0.0714286
1923 0.535714
1924 -0.428571
1925 -0.511628
1926 -0.22093
1927 0.0697674
1928 0.142857
1929 -0.255814
1930 0.0348837
1931 0.325581
1932 0.714286
1933 -2.82441e-13
1934 0.290698
1935 0.581395
1936 -0.4
1937 -0.540541
1938 -0.189189
1939 0.162162
1940 -0.6
1941 -0.6
1942 -0.361905
1943 -0.12381
1944 -0.2
1945 -0.390476
1946 -0.152381
1947 0.0857143
1948 0.2
1949 -0.180952
1950 0.0571429
1951 0.295238
1952 0.3
1953 -0.297297
1954 0.0540541
1955 0.405405
1956 -0.3
1957 -0.419048
1958 -0.180952
1959 0.0571429
1960 0.1
1961 -0.209524
1962 0.0285714
1963 0.266667
1964 0.5
1965 6.75016e-14
1966 0.238095
1967 0.47619
1968 1
1969 -0.0540541
1970 0.297297
1971 0.648649
1972 2.4869e-14
1973 -0.238095
1974 -3.44613e-13
1975 0.238095
1976 0.4
1977 -0.0285714
1978 0.209524
1979 0.447619
1980 0.8
1981 0.180952
1982 0.419048
1983 0.657143
1984 2.33333
1985 -0.142857
1986 0.321429
1987 0.785714
1988 -0.142857
1989 -0.325581
1990 -0.0348837
1991 0.255814
1992 0.428571
1993 -0.0697674
1994 0.22093
1995 0.511628
1996 1
1997 0.186047
1998 0.476744
1999 0.767442
2000 -4.27214e-13
2001 -0.351351
2002 3.68594e-13
2003 0.351351
2004 -0.4
2005 -0.447619
2006 -0.209524
2007 0.0285714
2008 -3.45501e-13
2009 -0.238095
2010 -3.83693e-13
2011 0.238095
2012 0.4
2013 -0.0285714
2014 0.209524
2015 0.447619
2016 0.7
2017 -0.108108
2018 0.243243
2019 0.594595
2020 -0.1
2021 -0.266667
2022 -0.0285714
2023 0.209524
2024 0.3
2025 -0.0571429
2026 0.180952
2027 0.419048
2028 0.7
2029 0.152381
2030 0.390476
2031 0.628571
2032 1.4
2033 0.135135
2034 0.486486
2035 0.837838
2036 0.2
2037 -0.0857143
2038 0.152381
2039 0.390476
2040 0.6
2041 0.12381
2042 0.361905
2043 0.6
2044 1
2045 0.333333
2046 0.571429
2047 0.809524
2048 0
2049 0
2050 0
2051 0
2052 0
2053 -0.666667
2054 -0.333333
2055 1.75126e-09
2056 0
2057 -0.333333
2058 -6.48931e-09
2059 0.333333
2060 0
2061 1.75126e-09
2062 0.333333
2063 0.666667
2064 0
2065 -0.736842
2066 -0.342105
2067 0.0525932
2068 -0.846154
2069 -0.75
2070 -0.5
2071 -0.25
2072 -0.384615
2073 -0.5
2074 -0.25
2075 2.5035e-10
2076 0.0769231
2077 -0.25
2078 2.5035e-10
2079 0.25
2080 0
2081 -0.394737
2082 -1.77636e-15
2083 0.394704
2084 -0.461538
2085 -0.5
2086 -0.25
2087 2.51311e-10
2088 -4.86722e-13
2089 -0.25
2090 1.20732e-09
2091 0.25
2092 0.461538
2093 2.51311e-10
2094 0.25
2095 0.5
2096 0
2097 -0.0526316
2098 0.342105
2099 0.736814
2100 -0.0769231
2101 -0.25
2102 2.5083e-10
2103 0.25
2104 0.384615
2105 2.5083e-10
2106 0.25
2107 0.5
2108 0.846154
2109 0.25
2110 0.5
2111 0.75
2112 0
2113 -0.789474
2114 -0.315789
2115 0.157895
2116 -0.916667
2117 -0.79661
2118 -0.508536
2119 -0.220347
2120 -0.333333
2121 -0.525424
2122 -0.237311
2123 0.0508459
2124 0.25
2125 -0.25429
2126 0.0338914
2127 0.322034
2128 -1.14286
2129 -0.846154
2130 -0.5
2131 -0.153846
2132 -0.942857
2133 -0.837838
2134 -0.608135
2135 -0.378382
2136 -0.542857
2137 -0.621676
2138 -0.391902
2139 -0.162163
2140 -0.142857
2141 -0.405429
2142 -0.175679
2143 0.054054
2144 -0.428571
2145 -0.576923
2146 -0.230769
2147 0.115385
2148 -0.628571
2149 -0.635232
2150 -0.405429
2151 -0.175679
2152 -0.228571
2153 -0.418967
2154 -0.189198
2155 0.0405399
2156 0.171429
2157 -0.202724
2158 0.0270242
2159 0.256757
2160 0.285714
2161 -0.307692
2162 0.0384615
2163 0.384615
2164 -0.314286
2165 -0.432518
2166 -0.202724
2167 0.0270242
2168 0.0857143
2169 -0.216259
2170 0.0135053
2171 0.243243
2172 0.485714
2173 -1.90382e-05
2174 0.229727
2175 0.459459
2176 0
2177 -0.473684
2178 1.65201e-13
2179 0.473684
2180 -0.583333
2181 -0.559322
2182 -0.27129
2183 0.0169293
2184 2.66454e-13
2185 -0.288136
2186 -4.56821e-05
2187 0.28813
2188 0.583333
2189 -0.0170393
2190 0.271169
2191 0.559321
2192 -0.714286
2193 -0.615385
2194 -0.269231
2195 0.0769231
2196 -0.714286
2197 -0.648649
2198 -0.418967
2199 -0.189198
2200 -0.314286
2201 -0.432518
2202 -0.202724
2203 0.0270242
2204 0.0857143
2205 -0.216259
2206 0.0135053
2207 0.243243
2208 1.39444e-12
2209 -0.346154
2210 -1.06581e-13
2211 0.346154
2212 -0.4
2213 -0.445946
2214 -0.216259
2215 0.0135053
2216 1.112e-12
2217 -0.229806
2218 -1.90382e-05
2219 0.229727
2220 0.4
2221 -0.0135516
2222 0.216209
2223 0.445945
2224 0.714286
2225 -0.0769231
2226 0.269231
2227 0.615385
2228 -0.0857143
2229 -0.243243
2230 -0.0135516
2231 0.216209
2232 0.314286
2233 -0.0270952
2234 0.202686
2235 0.43243
2236 0.714286
2237 0.189155
2238 0.418912
2239 0.648648
2240 0
2241 -0.157895
2242 0.315789
2243 0.789474
2244 -0.25
2245 -0.322034
2246 -0.0338983
2247 0.254197
2248 0.333333
2249 -0.0508475
2250 0.237209
2251 0.525408
2252 0.916667
2253 0.220339
2254 0.508439
2255 0.796605
2256 -0.285714
2257 -0.384615
2258 -0.0384615
2259 0.307692
2260 -0.485714
2261 -0.459459
2262 -0.229806
2263 -1.90382e-05
2264 -0.0857143
2265 -0.243243
2266 -0.0135516
2267 0.216209
2268 0.314286
2269 -0.0270952
2270 0.202686
2271 0.43243
2272 0.428571
2273 -0.115385
2274 0.230769
2275 0.576923
2276 -0.171429
2277 -0.256757
2278 -0.0270952
2279 0.202686
2280 0.228571
2281 -0.0405405
2282 0.189155
2283 0.418912
2284 0.628571
2285 0.175615
2286 0.40539
2287 0.635133
2288 1.14286
2289 0.153846
2290 0.5
2291 0.846154
2292 0.142857
2293 -0.0540541
2294 0.175615
2295 0.40539
2296 0.542857
2297 0.162162
2298 0.391861
2299 0.621616
2300 0.942857
2301 0.378323
2302 0.608094
2303 0.837836
2304 0
2305 -0.809524
2306 -0.261905
2307 0.285714
2308 -0.923077
2309 -0.823529
2310 -0.5
2311 -0.176471
2312 -0.230769
2313 -0.529412
2314 -0.205882
2315 0.117647
2316 0.461538
2317 -0.235294
2318 0.0882353
2319 0.411765
2320 -1.14286
2321 -0.864407
2322 -0.474576
2323 -0.0847458
2324 -0.95
2325 -0.860465
2326 -0.604651
2327 -0.348837
2328 -0.5
2329 -0.627907
2330 -0.372093
2331 -0.116279
2332 -0.05
2333 -0.395349
2334 -0.139535
2335 0.116279
2336 -0.214286
2337 -0.576271
2338 -0.186441
2339 0.20339
2340 -0.6
2341 -0.651163
2342 -0.395349
2343 -0.139535
2344 -0.15
2345 -0.418605
2346 -0.162791
2347 0.0930233
2348 0.3
2349 -0.186047
2350 0.0697674
2351 0.325581
2352 0.714286
2353 -0.288136
2354 0.101695
2355 0.491525
2356 -0.25
2357 -0.44186
2358 -0.186047
2359 0.0697674
2360 0.2
2361 -0.209302
2362 0.0465116
2363 0.302326
2364 0.65
2365 0.0232558
2366 0.27907
2367 0.534884
2368 -1.66667
2369 -0.892857
2370 -0.428571
2371 0.0357143
2372 -1
2373 -0.883721
2374 -0.593023
2375 -0.302326
2376 -0.428571
2377 -0.627907
2378 -0.337209
2379 -0.0465116
2380 0.142857
2381 -0.372093
2382 -0.0813954
2383 0.209302
2384 -1.2
2385 -0.918919
2386 -0.567568
2387 -0.216216
2388 -1
2389 -0.904762
2390 -0.666667
2391 -0.428571
2392 -0.6
2393 -0.695238
2394 -0.457143
2395 -0.219048
2396 -0.2
2397 -0.485714
2398 -0.247619
2399 -0.00952381
2400 -0.5
2401 -0.675676
2402 -0.324324
2403 0.027027
2404 -0.7
2405 -0.72381
2406 -0.485714
2407 -0.247619
2408 -0.3
2409 -0.514286
2410 -0.27619
2411 -0.0380952
2412 0.1
2413 -0.304762
2414 -0.0666667
2415 0.171429
2416 0.2
2417 -0.432432
2418 -0.0810811
2419 0.27027
2420 -0.4
2421 -0.542857
2422 -0.304762
2423 -0.0666667
2424 -3.52607e-13
2425 -0.333333
2426 -0.0952381
2427 0.142857
2428 0.4
2429 -0.12381
2430 0.114286
2431 0.352381
2432 -0.333333
2433 -0.642857
2434 -0.178571
2435 0.285714
2436 -0.714286
2437 -0.697674
2438 -0.406977
2439 -0.116279
2440 -0.142857
2441 -0.44186
2442 -0.151163
2443 0.139535
2444 0.428571
2445 -0.186047
2446 0.104651
2447 0.395349
2448 -0.8
2449 -0.72973
2450 -0.378378
2451 -0.027027
2452 -0.8
2453 -0.752381
2454 -0.514286
2455 -0.27619
2456 -0.4
2457 -0.542857
2458 -0.304762
2459 -0.0666667
2460 4.52971e-13
2461 -0.333333
2462 -0.0952381
2463 0.142857
2464 -0.1
2465 -0.486486
2466 -0.135135
2467 0.216216
2468 -0.5
2469 -0.571429
2470 -0.333333
2471 -0.0952381
2472 -0.1
2473 -0.361905
2474 -0.12381
2475 0.114286
2476 0.3
2477 -0.152381
2478 0.0857143
2479 0.32381
2480 0.6
2481 -0.243243
2482 0.108108
2483 0.459459
2484 -0.2
2485 -0.390476
2486 -0.152381
2487 0.0857143
2488 0.2
2489 -0.180952
2490 0.0571429
2491 0.295238
2492 0.6
2493 0.0285714
2494 0.266667
2495 0.504762
2496 1
2497 -0.392857
2498 0.0714286
2499 0.535714
2500 -0.428571
2501 -0.511628
2502 -0.22093
2503 0.0697674
2504 0.142857
2505 -0.255814
2506 0.0348837
2507 0.325581
2508 0.714286
2509 -2.30926e-14
2510 0.290698
2511 0.581395
2512 -0.4
2513 -0.540541
2514 -0.189189
2515 0.162162
2516 -0.6
2517 -0.6
2518 -0.361905
2519 -0.12381
2520 -0.2
2521 -0.390476
2522 -0.152381
2523 0.0857143
2524 0.2
2525 -0.180952
2526 0.0571429
2527 0.295238
2528 0.3
2529 -0.297297
2530 0.0540541
2531 0.405405
2532 -0.3
2533 -0.419048
2534 -0.180952
2535 0.0571429
2536 0.1
2537 -0.209524
2538 0.0285714
2539 0.266667
2540 0.5
2541 -1.4122e-13
2542 0.238095
2543 0.47619
2544 1
2545 -0.0540541
2546 0.297297
2547 0.648649
2548 1.14575e-12
2549 -0.238095
2550 -2.77112e-13
2551 0.238095
2552 0.4
2553 -0.0285714
2554 0.209524
2555 0.447619
2556 0.8
2557 0.180952
2558 0.419048
2559 0.657143
2560 0
2561 -0.547619
2562 1.33227e-13
2563 0.547619
2564 -0.692308
2565 -0.617647
2566 -0.294118
2567 0.0294118
2568 1.95843e-12
2569 -0.323529
2570 -2.90434e-13
2571 0.323529
2572 0.692308
2573 -0.0294118
2574 0.294118
2575 0.617647
2576 -0.928571
2577 -0.677966
2578 -0.288136
2579 0.101695
2580 -0.8
2581 -0.697674
2582 -0.44186
2583 -0.186047
2584 -0.35
2585 -0.465116
2586 -0.209302
2587 0.0465116
2588 0.1
2589 -0.232558
2590 0.0232558
2591 0.27907
2592 -1.33227e-14
2593 -0.38983
2594 -3.73035e-13
2595 0.38983
2596 -0.45
2597 -0.488372
2598 -0.232558
2599 0.0232558
2600 6.03961e-14
2601 -0.255814
2602 1.82965e-13
2603 0.255814
2604 0.45
2605 -0.0232558
2606 0.232558
2607 0.488372
2608 0.928571
2609 -0.101695
2610 0.288136
2611 0.677966
2612 -0.1
2613 -0.27907
2614 -0.0232558
2615 0.232558
2616 0.35
2617 -0.0465116
2618 0.209302
2619 0.465116
2620 0.8
2621 0.186047
2622 0.44186
2623 0.697674
2624 -1.33333
2625 -0.714286
2626 -0.25
2627 0.214286
2628 -0.857143
2629 -0.732558
2630 -0.44186
2631 -0.151163
2632 -0.285714
2633 -0.476744
2634 -0.186047
2635 0.104651
2636 0.285714
2637 -0.22093
2638 0.0697674
2639 0.360465
2640 -1.1
2641 -0.783784
2642 -0.432432
2643 -0.0810811
2644 -0.9
2645 -0.780952
2646 -0.542857
2647 -0.304762
2648 -0.5
2649 -0.571429
2650 -0.333333
2651 -0.0952381
2652 -0.1
2653 -0.361905
2654 -0.12381
2655 0.114286
2656 -0.4
2657 -0.540541
2658 -0.189189
2659 0.162162
2660 -0.6
2661 -0.6
2662 -0.361905
2663 -0.12381
2664 -0.2
2665 -0.390476
2666 -0.152381
2667 0.0857143
2668 0.2
2669 -0.180952
2670 0.0571429
2671 0.295238
2672 0.3
2673 -0.297297
2674 0.0540541
2675 0.405405
2676 -0.3
2677 -0.419048
2678 -0.180952
2679 0.0571429
2680 0.1
2681 -0.209524
2682 0.0285714
2683 0.266667
2684 0.5
2685 -6.21725e-15
2686 0.238095
2687 0.47619
2688 7.30083e-13
2689 -0.464286
2690 -3.30402e-13
2691 0.464286
2692 -0.571429
2693 -0.546512
2694 -0.255814
2695 0.0348837
2696 2.39275e-12
2697 -0.290698
2698 3.39284e-13
2699 0.290698
2700 0.571429
2701 -0.0348837
2702 0.255814
2703 0.546512
2704 -0.7
2705 -0.594595
2706 -0.243243
2707 0.108108
2708 -0.7
2709 -0.628571
2710 -0.390476
2711 -0.152381
2712 -0.3
2713 -0.419048
2714 -0.180952
2715 0.0571429
2716 0.1
2717 -0.209524
2718 0.0285714
2719 0.266667
2720 4.08562e-14
2721 -0.351351
2722 4.69846e-13
2723 0.351351
2724 -0.4
2725 -0.447619
2726 -0.209524
2727 0.0285714
2728 9.40581e-13
2729 -0.238095
2730 6.21725e-15
2731 0.238095
2732 0.4
2733 -0.0285714
2734 0.209524
2735 0.447619
2736 0.7
2737 -0.108108
2738 0.243243
2739 0.594595
2740 -0.1
2741 -0.266667
2742 -0.0285714
2743 0.209524
2744 0.3
2745 -0.0571429
2746 0.180952
2747 0.419048
2748 0.7
2749 0.152381
2750 0.390476
2751 0.628571
2752 1.33333
2753 -0.214286
2754 0.25
2755 0.714286
2756 -0.285714
2757 -0.360465
2758 -0.0697674
2759 0.22093
2760 0.285714
2761 -0.104651
2762 0.186047
2763 0.476744
2764 0.857143
2765 0.151163
2766 0.44186
2767 0.732558
2768 -0.3
2769 -0.405405
2770 -0.0540541
2771 0.297297
2772 -0.5
2773 -0.47619
2774 -0.238095
2775 1.96287e-13
2776 -0.1
2777 -0.266667
2778 -0.0285714
2779 0.209524
2780 0.3
2781 -0.0571429
2782 0.180952
2783 0.419048
2784 0.4
2785 -0.162162
2786 0.189189
2787 0.540541
2788 -0.2
2789 -0.295238
2790 -0.0571429
2791 0.180952
2792 0.2
2793 -0.0857143
2794 0.152381
2795 0.390476
2796 0.6
2797 0.12381
2798 0.361905
2799 0.6
2800 1.1
2801 0.0810811
2802 0.432432
2803 0.783784
2804 0.1
2805 -0.114286
2806 0.12381
2807 0.361905
2808 0.5
2809 0.0952381
2810 0.333333
2811 0.571429
2812 0.9
2813 0.304762
2814 0.542857
2815 0.780952
2816 0
2817 -0.285714
2818 0.261905
2819 0.809524
2820 -0.461538
2821 -0.411765
2822 -0.0882353
2823 0.235294
2824 0.230769
2825 -0.117647
2826 0.205882
2827 0.529412
2828 0.923077
2829 0.176471
2830 0.5
2831 0.823529
2832 -0.714286
2833 -0.491525
2834 -0.101695
2835 0.288136
2836 -0.65
2837 -0.534884
2838 -0.27907
2839 -0.0232558
2840 -0.2
2841 -0.302326
2842 -0.0465116
2843 0.209302
2844 0.25
2845 -0.0697674
2846 0.186047
2847 0.44186
2848 0.214286
2849 -0.20339
2850 0.186441
2851 0.576271
2852 -0.3
2853 -0.325581
2854 -0.0697674
2855 0.186047
2856 0.15
2857 -0.0930233
2858 0.162791
2859 0.418605
2860 0.6
2861 0.139535
2862 0.395349
2863 0.651163
2864 1.14286
2865 0.0847458
2866 0.474576
2867 0.864407
2868 0.05
2869 -0.116279
2870 0.139535
2871 0.395349
2872 0.5
2873 0.116279
2874 0.372093
2875 0.627907
2876 0.95
2877 0.348837
2878 0.604651
2879 0.860465
2880 -1
2881 -0.535714
2882 -0.0714286
2883 0.392857
2884 -0.714286
2885 -0.581395
2886 -0.290698
2887 2.65565e-13
2888 -0.142857
2889 -0.325581
2890 -0.0348837
2891 0.255814
2892 0.428571
2893 -0.0697674
2894 0.22093
2895 0.511628
2896 -1
2897 -0.648649
2898 -0.297297
2899 0.0540541
2900 -0.8
2901 -0.657143
2902 -0.419048
2903 -0.180952
2904 -0.4
2905 -0.447619
2906 -0.209524
2907 0.0285714
2908 -2.87237e-12
2909 -0.238095
2910 -4.61853e-14
2911 0.238095
2912 -0.3
2913 -0.405405
2914 -0.0540541
2915 0.297297
2916 -0.5
2917 -0.47619
2918 -0.238095
2919 7.10543e-14
2920 -0.1
2921 -0.266667
2922 -0.0285714
2923 0.209524
2924 0.3
2925 -0.0571429
2926 0.180952
2927 0.419048
2928 0.4
2929 -0.162162
2930 0.189189
2931 0.540541
2932 -0.2
2933 -0.295238
2934 -0.0571429
2935 0.180952
2936 0.2
2937 -0.0857143
2938 0.152381
2939 0.390476
2940 0.6
2941 0.12381
2942 0.361905
2943 0.6
2944 0.333333
2945 -0.285714
2946 0.178571
2947 0.642857
2948 -0.428571
2949 -0.395349
2950 -0.104651
2951 0.186047
2952 0.142857
2953 -0.139535
2954 0.151163
2955 0.44186
2956 0.714286
2957 0.116279
2958 0.406977
2959 0.697674
2960 -0.6
2961 -0.459459
2962 -0.108108
2963 0.243243
2964 -0.6
2965 -0.504762
2966 -0.266667
2967 -0.0285714
2968 -0.2
2969 -0.295238
2970 -0.0571429
2971 0.180952
2972 0.2
2973 -0.0857143
2974 0.152381
2975 0.390476
2976 0.1
2977 -0.216216
2978 0.135135
2979 0.486486
2980 -0.3
2981 -0.32381
2982 -0.0857143
2983 0.152381
2984 0.1
2985 -0.114286
2986 0.12381
2987 0.361905
2988 0.5
2989 0.0952381
2990 0.333333
2991 0.571429
2992 0.8
2993 0.027027
2994 0.378378
2995 0.72973
2996 -4.3876e-13
2997 -0.142857
2998 0.0952381
2999 0.333333
3000 0.4
3001 0.0666667
3002 0.304762
3003 0.542857
3004 0.8
3005 0.27619
3006 0.514286
3007 0.752381
3008 1.66667
3009 -0.0357143
3010 0.428571
3011 0.892857
3012 -0.142857
3013 -0.209302
3014 0.0813954
3015 0.372093
3016 0.428571
3017 0.0465116
3018 0.337209
3019 0.627907
3020 1
3021 0.302326
3022 0.593023
3023 0.883721
3024 -0.2
3025 -0.27027
3026 0.0810811
3027 0.432432
3028 -0.4
3029 -0.352381
3030 -0.114286
3031 0.12381
3032 1.92024e-12
3033 -0.142857
3034 0.0952381
3035 0.333333
3036 0.4
3037 0.0666667
3038 0.304762
3039 0.542857
3040 0.5
3041 -0.027027
3042 0.324324
3043 0.675676
3044 -0.1
3045 -0.171429
3046 0.0666667
3047 0.304762
3048 0.3
3049 0.0380952
3050 0.27619
3051 0.514286
3052 0.7
3053 0.247619
3054 0.485714
3055 0.72381
3056 1.2
3057 0.216216
3058 0.567568
3059 0.918919
3060 0.2
3061 0.00952381
3062 0.247619
3063 0.485714
3064 0.6
3065 0.219048
3066 0.457143
3067 0.695238
3068 1
3069 0.428571
3070 0.666667
3071 0.904762
3072 0
3073 0
3074 0
3075 0
3076 0
3077 -0.333333
3078 1.75126e-09
3079 0.333333
3080 0
3081 1.75126e-09
3082 0.333333
3083 0.666667
3084 0
3085 0.333333
3086 0.666667
3087 1
3088 0
3089 -0.473684
3090 -0.0789474
3091 0.315789
3092 -0.692308
3093 -0.5
3094 -0.25
3095 3.14629e-09
3096 -0.230769
3097 -0.25
3098 2.5035e-10
3099 0.25
3100 0.230769
3101 3.14629e-09
3102 0.25
3103 0.5
3104 0
3105 -0.131579
3106 0.263158
3107 0.657895
3108 -0.307692
3109 -0.25
3110 2.5035e-10
3111 0.25
3112 0.153846
3113 2.5035e-10
3114 0.25
3115 0.5
3116 0.615385
3117 0.25
3118 0.5
3119 0.75
3120 0
3121 0.210526
3122 0.605263
3123 1
3124 0.0769231
3125 3.14629e-09
3126 0.25
3127 0.5
3128 0.538462
3129 0.25
3130 0.5
3131 0.75
3132 1
3133 0.5
3134 0.75
3135 1
3136 0
3137 -0.578947
3138 -0.105263
3139 0.368421
3140 -0.833333
3141 -0.59322
3142 -0.305085
3143 -0.0170393
3144 -0.25
3145 -0.322034
3146 -0.0338983
3147 0.254197
3148 0.333333
3149 -0.0508475
3150 0.237209
3151 0.525408
3152 -1.28571
3153 -0.692308
3154 -0.346154
3155 -2.49578e-13
3156 -0.885714
3157 -0.675676
3158 -0.445946
3159 -0.216259
3160 -0.485714
3161 -0.459459
3162 -0.229806
3163 -1.90382e-05
3164 -0.0857143
3165 -0.243243
3166 -0.0135516
3167 0.216209
3168 -0.571429
3169 -0.423077
3170 -0.0769231
3171 0.269231
3172 -0.571429
3173 -0.472973
3174 -0.243243
3175 -0.0135516
3176 -0.171429
3177 -0.256757
3178 -0.0270952
3179 0.202686
3180 0.228571
3181 -0.0405405
3182 0.189155
3183 0.418912
3184 0.142857
3185 -0.153846
3186 0.192308
3187 0.538462
3188 -0.257143
3189 -0.27027
3190 -0.0405405
3191 0.189155
3192 0.142857
3193 -0.0540541
3194 0.175615
3195 0.40539
3196 0.542857
3197 0.162162
3198 0.391861
3199 0.621616
3200 0
3201 -0.263158
3202 0.210526
3203 0.684211
3204 -0.5
3205 -0.355932
3206 -0.0677966
3207 0.220339
3208 0.0833333
3209 -0.0847458
3210 0.20339
3211 0.491456
3212 0.666667
3213 0.186441
3214 0.474576
3215 0.762681
3216 -0.857143
3217 -0.461538
3218 -0.115385
3219 0.230769
3220 -0.657143
3221 -0.486486
3222 -0.256757
3223 -0.0270952
3224 -0.257143
3225 -0.27027
3226 -0.0405405
3227 0.189155
3228 0.142857
3229 -0.0540541
3230 0.175615
3231 0.40539
3232 -0.142857
3233 -0.192308
3234 0.153846
3235 0.5
3236 -0.342857
3237 -0.283784
3238 -0.0540541
3239 0.175615
3240 0.0571429
3241 -0.0675676
3242 0.162162
3243 0.391861
3244 0.457143
3245 0.148649
3246 0.378323
3247 0.608094
3248 0.571429
3249 0.0769231
3250 0.423077
3251 0.769231
3252 -0.0285714
3253 -0.0810811
3254 0.148649
3255 0.378323
3256 0.371429
3257 0.135135
3258 0.364774
3259 0.594567
3260 0.771429
3261 0.351351
3262 0.581031
3263 0.810798
3264 0
3265 0.0526316
3266 0.526316
3267 1
3268 -0.166667
3269 -0.118644
3270 0.169492
3271 0.457627
3272 0.416667
3273 0.152542
3274 0.440678
3275 0.728814
3276 1
3277 0.423729
3278 0.711864
3279 0.999945
3280 -0.428571
3281 -0.230769
3282 0.115385
3283 0.461538
3284 -0.428571
3285 -0.297297
3286 -0.0675676
3287 0.162162
3288 -0.0285714
3289 -0.0810811
3290 0.148649
3291 0.378323
3292 0.371429
3293 0.135135
3294 0.364774
3295 0.594567
3296 0.285714
3297 0.0384615
3298 0.384615
3299 0.730769
3300 -0.114286
3301 -0.0945946
3302 0.135135
3303 0.364774
3304 0.285714
3305 0.121622
3306 0.351351
3307 0.581031
3308 0.685714
3309 0.337838
3310 0.567485
3311 0.797272
3312 1
3313 0.307692
3314 0.653846
3315 1
3316 0.2
3317 0.108108
3318 0.337838
3319 0.567485
3320 0.6
3321 0.324324
3322 0.554054
3323 0.783739
3324 1
3325 0.540541
3326 0.770195
3327 0.999977
3328 0
3329 -0.619048
3330 -0.0714286
3331 0.47619
3332 -0.846154
3333 -0.647059
3334 -0.323529
3335 1.33227e-13
3336 -0.153846
3337 -0.352941
3338 -0.0294118
3339 0.294118
3340 0.538462
3341 -0.0588235
3342 0.264706
3343 0.588235
3344 -1.28571
3345 -0.728814
3346 -0.338983
3347 0.0508475
3348 -0.9
3349 -0.72093
3350 -0.465116
3351 -0.209302
3352 -0.45
3353 -0.488372
3354 -0.232558
3355 0.0232558
3356 -4.61853e-13
3357 -0.255814
3358 1.09246e-13
3359 0.255814
3360 -0.357143
3361 -0.440678
3362 -0.0508475
3363 0.338983
3364 -0.55
3365 -0.511628
3366 -0.255814
3367 -1.45661e-13
3368 -0.1
3369 -0.27907
3370 -0.0232558
3371 0.232558
3372 0.35
3373 -0.0465116
3374 0.209302
3375 0.465116
3376 0.571429
3377 -0.152542
3378 0.237288
3379 0.627119
3380 -0.2
3381 -0.302326
3382 -0.0465116
3383 0.209302
3384 0.25
3385 -0.0697674
3386 0.186047
3387 0.44186
3388 0.7
3389 0.162791
3390 0.418605
3391 0.674419
3392 -2.33333
3393 -0.785714
3394 -0.321429
3395 0.142857
3396 -1
3397 -0.767442
3398 -0.476744
3399 -0.186047
3400 -0.428571
3401 -0.511628
3402 -0.22093
3403 0.0697674
3404 0.142857
3405 -0.255814
3406 0.0348837
3407 0.325581
3408 -1.4
3409 -0.837838
3410 -0.486486
3411 -0.135135
3412 -1
3413 -0.809524
3414 -0.571429
3415 -0.333333
3416 -0.6
3417 -0.6
3418 -0.361905
3419 -0.12381
3420 -0.2
3421 -0.390476
3422 -0.152381
3423 0.0857143
3424 -0.7
3425 -0.594595
3426 -0.243243
3427 0.108108
3428 -0.7
3429 -0.628571
3430 -0.390476
3431 -0.152381
3432 -0.3
3433 -0.419048
3434 -0.180952
3435 0.0571429
3436 0.1
3437 -0.209524
3438 0.0285714
3439 0.266667
3440 -1.87406e-13
3441 -0.351351
3442 -4.31655e-13
3443 0.351351
3444 -0.4
3445 -0.447619
3446 -0.209524
3447 0.0285714
3448 2.04103e-12
3449 -0.238095
3450 -3.90799e-13
3451 0.238095
3452 0.4
3453 -0.0285714
3454 0.209524
3455 0.447619
3456 -1
3457 -0.535714
3458 -0.0714286
3459 0.392857
3460 -0.714286
3461 -0.581395
3462 -0.290698
3463 -1.78524e-13
3464 -0.142857
3465 -0.325581
3466 -0.0348837
3467 0.255814
3468 0.428571
3469 -0.0697674
3470 0.22093
3471 0.511628
3472 -1
3473 -0.648649
3474 -0.297297
3475 0.0540541
3476 -0.8
3477 -0.657143
3478 -0.419048
3479 -0.180952
3480 -0.4
3481 -0.447619
3482 -0.209524
3483 0.0285714
3484 1.46638e-12
3485 -0.238095
3486 -2.70894e-13
3487 0.238095
3488 -0.3
3489 -0.405405
3490 -0.0540541
3491 0.297297
3492 -0.5
3493 -0.47619
3494 -0.238095
3495 -1.72307e-13
3496 -0.1
3497 -0.266667
3498 -0.0285714
3499 0.209524
3500 0.3
3501 -0.0571429
3502 0.180952
3503 0.419048
3504 0.4
3505 -0.162162
3506 0.189189
3507 0.540541
3508 -0.2
3509 -0.295238
3510 -0.0571429
3511 0.180952
3512 0.2
3513 -0.0857143
3514 0.152381
3515 0.390476
3516 0.6
3517 0.12381
3518 0.361905
3519 0.6
3520 0.333333
3521 -0.285714
3522 0.178571
3523 0.642857
3524 -0.428571
3525 -0.395349
3526 -0.104651
3527 0.186047
3528 0.142857
3529 -0.139535
3530 0.151163
3531 0.44186
3532 0.714286
3533 0.116279
3534 0.406977
3535 0.697674
3536 -0.6
3537 -0.459459
3538 -0.108108
3539 0.243243
3540 -0.6
3541 -0.504762
3542 -0.266667
3543 -0.0285714
3544 -0.2
3545 -0.295238
3546 -0.0571429
3547 0.180952
3548 0.2
3549 -0.0857143
3550 0.152381
3551 0.390476
3552 0.1
3553 -0.216216
3554 0.135135
3555 0.486486
3556 -0.3
3557 -0.32381
3558 -0.0857143
3559 0.152381
3560 0.1
3561 -0.114286
3562 0.12381
3563 0.361905
3564 0.5
3565 0.0952381
3566 0.333333
3567 0.571429
3568 0.8
3569 0.027027
3570 0.378378
3571 0.72973
3572 -7.70051e-13
3573 -0.142857
3574 0.0952381
3575 0.333333
3576 0.4
3577 0.0666667
3578 0.304762
3579 0.542857
3580 0.8
3581 0.27619
3582 0.514286
3583 0.752381
3584 0
3585 -0.357143
3586 0.190476
3587 0.738095
3588 -0.615385
3589 -0.441176
3590 -0.117647
3591 0.205882
3592 0.0769231
3593 -0.147059
3594 0.176471
3595 0.5
3596 0.769231
3597 0.147059
3598 0.470588
3599 0.794118
3600 -1.07143
3601 -0.542373
3602 -0.152542
3603 0.237288
3604 -0.75
3605 -0.55814
3606 -0.302326
3607 -0.0465116
3608 -0.3
3609 -0.325581
3610 -0.0697674
3611 0.186047
3612 0.15
3613 -0.0930233
3614 0.162791
3615 0.418605
3616 -0.142857
3617 -0.254237
3618 0.135593
3619 0.525424
3620 -0.4
3621 -0.348837
3622 -0.0930233
3623 0.162791
3624 0.05
3625 -0.116279
3626 0.139535
3627 0.395349
3628 0.5
3629 0.116279
3630 0.372093
3631 0.627907
3632 0.785714
3633 0.0338983
3634 0.423729
3635 0.813559
3636 -0.05
3637 -0.139535
3638 0.116279
3639 0.372093
3640 0.4
3641 0.0930233
3642 0.348837
3643 0.604651
3644 0.85
3645 0.325581
3646 0.581395
3647 0.837209
3648 -2
3649 -0.607143
3650 -0.142857
3651 0.321429
3652 -0.857143
3653 -0.616279
3654 -0.325581
3655 -0.0348837
3656 -0.285714
3657 -0.360465
3658 -0.0697674
3659 0.22093
3660 0.285714
3661 -0.104651
3662 0.186047
3663 0.476744
3664 -1.3
3665 -0.702703
3666 -0.351351
3667 3.73035e-13
3668 -0.9
3669 -0.685714
3670 -0.447619
3671 -0.209524
3672 -0.5
3673 -0.47619
3674 -0.238095
3675 -2.81553e-13
3676 -0.1
3677 -0.266667
3678 -0.0285714
3679 0.209524
3680 -0.6
3681 -0.459459
3682 -0.108108
3683 0.243243
3684 -0.6
3685 -0.504762
3686 -0.266667
3687 -0.0285714
3688 -0.2
3689 -0.295238
3690 -0.0571429
3691 0.180952
3692 0.2
3693 -0.0857143
3694 0.152381
3695 0.390476
3696 0.1
3697 -0.216216
3698 0.135135
3699 0.486486
3700 -0.3
3701 -0.32381
3702 -0.0857143
3703 0.152381
3704 0.1
3705 -0.114286
3706 0.12381
3707 0.361905
3708 0.5
3709 0.0952381
3710 0.333333
3711 0.571429
3712 -0.666667
3713 -0.357143
3714 0.107143
3715 0.571429
3716 -0.571429
3717 -0.430233
3718 -0.139535
3719 0.151163
3720 5.53335e-13
3721 -0.174419
3722 0.116279
3723 0.406977
3724 0.571429
3725 0.0813954
3726 0.372093
3727 0.662791
3728 -0.9
3729 -0.513514
3730 -0.162162
3731 0.189189
3732 -0.7
3733 -0.533333
3734 -0.295238
3735 -0.0571429
3736 -0.3
3737 -0.32381
3738 -0.0857143
3739 0.152381
3740 0.1
3741 -0.114286
3742 0.12381
3743 0.361905
3744 -0.2
3745 -0.27027
3746 0.0810811
3747 0.432432
3748 -0.4
3749 -0.352381
3750 -0.114286
3751 0.12381
3752 1.38467e-12
3753 -0.142857
3754 0.0952381
3755 0.333333
3756 0.4
3757 0.0666667
3758 0.304762
3759 0.542857
3760 0.5
3761 -0.027027
3762 0.324324
3763 0.675676
3764 -0.1
3765 -0.171429
3766 0.0666667
3767 0.304762
3768 0.3
3769 0.0380952
3770 0.27619
3771 0.514286
3772 0.7
3773 0.247619
3774 0.485714
3775 0.72381
3776 0.666667
3777 -0.107143
3778 0.357143
3779 0.821429
3780 -0.285714
3781 -0.244186
3782 0.0465116
3783 0.337209
3784 0.285714
3785 0.0116279
3786 0.302326
3787 0.593023
3788 0.857143
3789 0.267442
3790 0.55814
3791 0.848837
3792 -0.5
3793 -0.324324
3794 0.027027
3795 0.378378
3796 -0.5
3797 -0.380952
3798 -0.142857
3799 0.0952381
3800 -0.1
3801 -0.171429
3802 0.0666667
3803 0.304762
3804 0.3
3805 0.0380952
3806 0.27619
3807 0.514286
3808 0.2
3809 -0.0810811
3810 0.27027
3811 0.621622
3812 -0.2
3813 -0.2
3814 0.0380952
3815 0.27619
3816 0.2
3817 0.00952381
3818 0.247619
3819 0.485714
3820 0.6
3821 0.219048
3822 0.457143
3823 0.695238
3824 0.9
3825 0.162162
3826 0.513514
3827 0.864865
3828 0.1
3829 -0.0190476
3830 0.219048
3831 0.457143
3832 0.5
3833 0.190476
3834 0.428571
3835 0.666667
3836 0.9
3837 0.4
3838 0.638095
3839 0.87619
3840 0
3841 -0.0952381
3842 0.452381
3843 1
3844 -0.384615
3845 -0.235294
3846 0.0882353
3847 0.411765
3848 0.307692
3849 0.0588235
3850 0.382353
3851 0.705882
3852 1
3853 0.352941
3854 0.676471
3855 1
3856 -0.857143
3857 -0.355932
3858 0.0338983
3859 0.423729
3860 -0.6
3861 -0.395349
3862 -0.139535
3863 0.116279
3864 -0.15
3865 -0.162791
3866 0.0930233
3867 0.348837
3868 0.3
3869 0.0697674
3870 0.325581
3871 0.581395
3872 0.0714286
3873 -0.0677966
3874 0.322034
3875 0.711864
3876 -0.25
3877 -0.186047
3878 0.0697674
3879 0.325581
3880 0.2
3881 0.0465116
3882 0.302326
3883 0.55814
3884 0.65
3885 0.27907
3886 0.534884
3887 0.790698
3888 1
3889 0.220339
3890 0.610169
3891 1
3892 0.1
3893 0.0232558
3894 0.27907
3895 0.534884
3896 0.55
3897 0.255814
3898 0.511628
3899 0.767442
3900 1
3901 0.488372
3902 0.744186
3903 1
3904 -1.66667
3905 -0.428571
3906 0.0357143
3907 0.5
3908 -0.714286
3909 -0.465116
3910 -0.174419
3911 0.116279
3912 -0.142857
3913 -0.209302
3914 0.0813954
3915 0.372093
3916 0.428571
3917 0.0465116
3918 0.337209
3919 0.627907
3920 -1.2
3921 -0.567568
3922 -0.216216
3923 0.135135
3924 -0.8
3925 -0.561905
3926 -0.32381
3927 -0.0857143
3928 -0.4
3929 -0.352381
3930 -0.114286
3931 0.12381
3932 -5.87974e-13
3933 -0.142857
3934 0.0952381
3935 0.333333
3936 -0.5
3937 -0.324324
3938 0.027027
3939 0.378378
3940 -0.5
3941 -0.380952
3942 -0.142857
3943 0.0952381
3944 -0.1
3945 -0.171429
3946 0.0666667
3947 0.304762
3948 0.3
3949 0.0380952
3950 0.27619
3951 0.514286
3952 0.2
3953 -0.0810811
3954 0.27027
3955 0.621622
3956 -0.2
3957 -0.2
3958 0.0380952
3959 0.27619
3960 0.2
3961 0.00952381
3962 0.247619
3963 0.485714
3964 0.6
3965 0.219048
3966 0.457143
3967 0.695238
3968 -0.333333
3969 -0.178571
3970 0.285714
3971 0.75
3972 -0.428571
3973 -0.27907
3974 0.0116279
3975 0.302326
3976 0.142857
3977 -0.0232558
3978 0.267442
3979 0.55814
3980 0.714286
3981 0.232558
3982 0.523256
3983 0.813953
3984 -0.8
3985 -0.378378
3986 -0.027027
3987 0.324324
3988 -0.6
3989 -0.409524
3990 -0.171429
3991 0.0666667
3992 -0.2
3993 -0.2
3994 0.0380952
3995 0.27619
3996 0.2
3997 0.00952381
3998 0.247619
3999 0.485714
4000 -0.1
4001 -0.135135
4002 0.216216
4003 0.567568
4004 -0.3
4005 -0.228571
4006 0.00952381
4007 0.247619
4008 0.1
4009 -0.0190476
4010 0.219048
4011 0.457143
4012 0.5
4013 0.190476
4014 0.428571
4015 0.666667
4016 0.6
4017 0.108108
4018 0.459459
4019 0.810811
4020 -1.8936e-12
4021 -0.047619
4022 0.190476
4023 0.428571
4024 0.4
4025 0.161905
4026 0.4
4027 0.638095
4028 0.8
4029 0.371429
4030 0.609524
4031 0.847619
4032 1
4033 0.0714286
4034 0.535714
4035 1
4036 -0.142857
4037 -0.0930233
4038 0.197674
4039 0.488372
4040 0.428571
4041 0.162791
4042 0.453488
4043 0.744186
4044 1
4045 0.418605
4046 0.709302
4047 1
4048 -0.4
4049 -0.189189
4050 0.162162
4051 0.513514
4052 -0.4
4053 -0.257143
4054 -0.0190476
4055 0.219048
4056 -5.44453e-13
4057 -0.047619
4058 0.190476
4059 0.428571
4060 0.4
4061 0.161905
4062 0.4
4063 0.638095
4064 0.3
4065 0.0540541
4066 0.405405
4067 0.756757
4068 -0.1
4069 -0.0761905
4070 0.161905
4071 0.4
4072 0.3
4073 0.133333
4074 0.371429
4075 0.609524
4076 0.7
4077 0.342857
4078 0.580952
4079 0.819048
4080 1
4081 0.297297
4082 0.648649
4083 1
4084 0.2
4085 0.104762
4086 0.342857
4087 0.580952
4088 0.6
4089 0.314286
4090 0.552381
4091 0.790476
4092 1
4093 0.52381
4094 0.761905
4095 1
