#CSC Position Offset LUT
#Structure is comparator code (iCC) -> Stub position offset
#iCC bits: 12
#<header> v1.0 12 32 </header>
0 0
1 0
2 0
3 0
4 0
5 0
6 0
7 0
8 0
9 0
10 0
11 0
12 0
13 0
14 0
15 0
16 0
17 0
18 0
19 0
20 0
21 -1
22 -1.16667
23 -1.33333
24 0
25 -0.666667
26 -0.833333
27 -1
28 0
29 -0.333333
30 -0.5
31 -0.666667
32 0
33 0
34 0
35 0
36 0
37 -0.166667
38 -0.333333
39 -0.5
40 0
41 0.166667
42 -7.66409e-12
43 -0.166667
44 0
45 0.5
46 0.333333
47 0.166667
48 0
49 0
50 0
51 0
52 0
53 0.666667
54 0.5
55 0.333333
56 0
57 1
58 0.833333
59 0.666667
60 0
61 1.33333
62 1.16667
63 1
64 0
65 0
66 0
67 0
68 0
69 -1.57143
70 -1.42857
71 -1.28571
72 0
73 -1.28571
74 -1.14286
75 -1
76 0
77 -1
78 -0.857143
79 -0.714286
80 0
81 -1.42857
82 -1.21429
83 -1
84 -1.33333
85 -1.4
86 -1.3
87 -1.2
88 -1
89 -1.2
90 -1.1
91 -1
92 -0.666667
93 -1
94 -0.9
95 -0.8
96 0
97 -1.07143
98 -0.857143
99 -0.642857
100 -1
101 -1.1
102 -1
103 -0.9
104 -0.666667
105 -0.9
106 -0.8
107 -0.7
108 -0.333333
109 -0.7
110 -0.6
111 -0.5
112 0
113 -0.714286
114 -0.5
115 -0.285714
116 -0.666667
117 -0.8
118 -0.7
119 -0.6
120 -0.333333
121 -0.6
122 -0.5
123 -0.4
124 1.75126e-09
125 -0.4
126 -0.3
127 -0.2
128 0
129 0
130 0
131 0
132 0
133 -1
134 -0.857143
135 -0.714286
136 0
137 -0.714286
138 -0.571429
139 -0.428571
140 0
141 -0.428571
142 -0.285714
143 -0.142857
144 0
145 -0.999971
146 -0.785787
147 -0.571429
148 -1
149 -1
150 -0.9
151 -0.8
152 -0.666667
153 -0.8
154 -0.7
155 -0.6
156 -0.333333
157 -0.6
158 -0.5
159 -0.4
160 0
161 -0.642831
162 -0.428632
163 -0.214286
164 -0.666667
165 -0.7
166 -0.6
167 -0.5
168 -0.333333
169 -0.5
170 -0.4
171 -0.3
172 -6.48931e-09
173 -0.3
174 -0.2
175 -0.1
176 0
177 -0.285691
178 -0.0714796
179 0.142857
180 -0.333333
181 -0.4
182 -0.3
183 -0.2
184 1.75126e-09
185 -0.2
186 -0.1
187 -2.26485e-13
188 0.333333
189 -9.14824e-14
190 0.1
191 0.2
192 0
193 0
194 0
195 0
196 0
197 -0.428571
198 -0.285714
199 -0.142857
200 0
201 -0.142857
202 -5.32019e-13
203 0.142857
204 0
205 0.142857
206 0.285714
207 0.428571
208 0
209 -0.571429
210 -0.357143
211 -0.142857
212 -0.666667
213 -0.6
214 -0.5
215 -0.4
216 -0.333333
217 -0.4
218 -0.3
219 -0.2
220 1.75126e-09
221 -0.2
222 -0.1
223 -4.70735e-14
224 0
225 -0.214286
226 4.76437e-11
227 0.214286
228 -0.333333
229 -0.3
230 -0.2
231 -0.1
232 1.75126e-09
233 -0.1
234 2.78e-13
235 0.1
236 0.333333
237 0.1
238 0.2
239 0.3
240 0
241 0.142857
242 0.357143
243 0.571429
244 4.76057e-09
245 -6.83897e-14
246 0.1
247 0.2
248 0.333333
249 0.2
250 0.3
251 0.4
252 0.666667
253 0.4
254 0.5
255 0.6
256 0
257 0
258 0
259 0
260 0
261 -1.42308
262 -1.15384
263 -0.884622
264 0
265 -1.11538
266 -0.846154
267 -0.576981
268 0
269 -0.80769
270 -0.538467
271 -0.269231
272 0
273 -1.33333
274 -1
275 -0.666667
276 -1.21429
277 -1.31428
278 -1.11428
279 -0.914288
280 -0.785714
281 -1.08571
282 -0.885714
283 -0.685733
284 -0.357143
285 -0.857142
286 -0.657145
287 -0.457212
288 0
289 -1
290 -0.666667
291 -0.333333
292 -0.857143
293 -1.05714
294 -0.857142
295 -0.657145
296 -0.428571
297 -0.828569
298 -0.628571
299 -0.428588
300 -4.34319e-13
301 -0.599999
302 -0.400002
303 -0.20006
304 0
305 -0.666667
306 -0.333333
307 1.75126e-09
308 -0.5
309 -0.799998
310 -0.599999
311 -0.400002
312 -0.0714286
313 -0.571426
314 -0.371429
315 -0.171443
316 0.357143
317 -0.342857
318 -0.142858
319 0.0570899
320 0
321 -1.57692
322 -1.15385
323 -0.730769
324 -1.42857
325 -1.5
326 -1.25
327 -1
328 -0.857143
329 -1.25
330 -1
331 -0.75
332 -0.285714
333 -1
334 -0.75
335 -0.5
336 -1.16667
337 -1.42857
338 -1.11429
339 -0.8
340 -1.3
341 -1.4
342 -1.2
343 -1
344 -0.9
345 -1.2
346 -1
347 -0.8
348 -0.5
349 -1
350 -0.8
351 -0.6
352 -0.333333
353 -1.17143
354 -0.857143
355 -0.542857
356 -1
357 -1.2
358 -1
359 -0.8
360 -0.6
361 -1
362 -0.8
363 -0.6
364 -0.2
365 -0.8
366 -0.6
367 -0.4
368 0.5
369 -0.914286
370 -0.6
371 -0.285714
372 -0.7
373 -1
374 -0.8
375 -0.6
376 -0.3
377 -0.8
378 -0.6
379 -0.4
380 0.1
381 -0.6
382 -0.4
383 -0.2
384 0
385 -1.26923
386 -0.846154
387 -0.423077
388 -1.14286
389 -1.25
390 -1
391 -0.75
392 -0.571429
393 -1
394 -0.75
395 -0.5
396 -3.47278e-13
397 -0.75
398 -0.5
399 -0.25
400 -0.833333
401 -1.2
402 -0.885714
403 -0.571429
404 -1.1
405 -1.2
406 -1
407 -0.8
408 -0.7
409 -1
410 -0.8
411 -0.6
412 -0.3
413 -0.8
414 -0.6
415 -0.4
416 -2.0659e-12
417 -0.942857
418 -0.628571
419 -0.314286
420 -0.8
421 -1
422 -0.8
423 -0.6
424 -0.4
425 -0.8
426 -0.6
427 -0.4
428 -1.15463e-13
429 -0.6
430 -0.4
431 -0.2
432 0.833333
433 -0.685714
434 -0.371429
435 -0.0571429
436 -0.5
437 -0.8
438 -0.6
439 -0.4
440 -0.1
441 -0.6
442 -0.4
443 -0.2
444 0.3
445 -0.4
446 -0.2
447 2.8197e-09
448 0
449 -0.961538
450 -0.538462
451 -0.115385
452 -0.857143
453 -1
454 -0.75
455 -0.5
456 -0.285714
457 -0.75
458 -0.5
459 -0.25
460 0.285714
461 -0.5
462 -0.25
463 2.5083e-10
464 -0.5
465 -0.971429
466 -0.657143
467 -0.342857
468 -0.9
469 -1
470 -0.8
471 -0.6
472 -0.5
473 -0.8
474 -0.6
475 -0.4
476 -0.1
477 -0.6
478 -0.4
479 -0.2
480 0.333333
481 -0.714286
482 -0.4
483 -0.0857143
484 -0.6
485 -0.8
486 -0.6
487 -0.4
488 -0.2
489 -0.6
490 -0.4
491 -0.2
492 0.2
493 -0.4
494 -0.2
495 2.81932e-09
496 1.16667
497 -0.457143
498 -0.142857
499 0.171429
500 -0.3
501 -0.6
502 -0.4
503 -0.2
504 0.1
505 -0.4
506 -0.2
507 -9.6798e-10
508 0.5
509 -0.2
510 1.42306e-09
511 0.2
512 0
513 0
514 0
515 0
516 0
517 -1
518 -0.730769
519 -0.461536
520 0
521 -0.692308
522 -0.423069
523 -0.153846
524 0
525 -0.384615
526 -0.115383
527 0.153842
528 0
529 -1
530 -0.666667
531 -0.333333
532 -1
533 -1
534 -0.799998
535 -0.599999
536 -0.571429
537 -0.771429
538 -0.571426
539 -0.371429
540 -0.142857
541 -0.542856
542 -0.342857
543 -0.142858
544 0
545 -0.666667
546 -0.333333
547 1.75126e-09
548 -0.642857
549 -0.742857
550 -0.542856
551 -0.342857
552 -0.214286
553 -0.514286
554 -0.314283
555 -0.114286
556 0.214286
557 -0.285714
558 -0.0857137
559 0.114285
560 0
561 -0.333333
562 4.76057e-09
563 0.333333
564 -0.285714
565 -0.485714
566 -0.285714
567 -0.0857137
568 0.142857
569 -0.257143
570 -0.0571405
571 0.142857
572 0.571429
573 -0.0285711
574 0.171429
575 0.371428
576 0
577 -1.30769
578 -0.884615
579 -0.461538
580 -1.28571
581 -1.25
582 -1
583 -0.75
584 -0.714286
585 -1
586 -0.75
587 -0.5
588 -0.142857
589 -0.75
590 -0.5
591 -0.25
592 -1.33333
593 -1.22857
594 -0.914286
595 -0.6
596 -1.2
597 -1.2
598 -1
599 -0.8
600 -0.8
601 -1
602 -0.8
603 -0.6
604 -0.4
605 -0.8
606 -0.6
607 -0.4
608 -0.5
609 -0.971429
610 -0.657143
611 -0.342857
612 -0.9
613 -1
614 -0.8
615 -0.6
616 -0.5
617 -0.8
618 -0.6
619 -0.4
620 -0.1
621 -0.6
622 -0.4
623 -0.2
624 0.333333
625 -0.714286
626 -0.4
627 -0.0857143
628 -0.6
629 -0.8
630 -0.6
631 -0.4
632 -0.2
633 -0.6
634 -0.4
635 -0.2
636 0.2
637 -0.4
638 -0.2
639 -9.6798e-10
640 0
641 -1
642 -0.576923
643 -0.153846
644 -1
645 -1
646 -0.75
647 -0.5
648 -0.428571
649 -0.75
650 -0.5
651 -0.25
652 0.142857
653 -0.5
654 -0.25
655 2.5035e-10
656 -1
657 -1
658 -0.685714
659 -0.371429
660 -1
661 -1
662 -0.8
663 -0.6
664 -0.6
665 -0.8
666 -0.6
667 -0.4
668 -0.2
669 -0.6
670 -0.4
671 -0.2
672 -0.166667
673 -0.742857
674 -0.428571
675 -0.114286
676 -0.7
677 -0.8
678 -0.6
679 -0.4
680 -0.3
681 -0.6
682 -0.4
683 -0.2
684 0.1
685 -0.4
686 -0.2
687 -2.85458e-09
688 0.666667
689 -0.485714
690 -0.171429
691 0.142857
692 -0.4
693 -0.6
694 -0.4
695 -0.2
696 3.37508e-13
697 -0.4
698 -0.2
699 -9.6798e-10
700 0.4
701 -0.2
702 1.42306e-09
703 0.2
704 0
705 -0.692308
706 -0.269231
707 0.153846
708 -0.714286
709 -0.75
710 -0.5
711 -0.25
712 -0.142857
713 -0.5
714 -0.25
715 3.14629e-09
716 0.428571
717 -0.25
718 4.19981e-09
719 0.25
720 -0.666667
721 -0.771429
722 -0.457143
723 -0.142857
724 -0.8
725 -0.8
726 -0.6
727 -0.4
728 -0.4
729 -0.6
730 -0.4
731 -0.2
732 1.45661e-13
733 -0.4
734 -0.2
735 -9.6798e-10
736 0.166667
737 -0.514286
738 -0.2
739 0.114286
740 -0.5
741 -0.6
742 -0.4
743 -0.2
744 -0.1
745 -0.4
746 -0.2
747 -9.6798e-10
748 0.3
749 -0.2
750 1.42306e-09
751 0.2
752 1
753 -0.257143
754 0.0571429
755 0.371429
756 -0.2
757 -0.4
758 -0.2
759 2.05105e-10
760 0.2
761 -0.2
762 2.05105e-10
763 0.2
764 0.6
765 3.67019e-09
766 0.2
767 0.4
768 0
769 0
770 0
771 0
772 0
773 -0.576923
774 -0.307692
775 -0.0384603
776 0
777 -0.269231
778 8.88178e-15
779 0.269238
780 0
781 0.0384615
782 0.307693
783 0.576925
784 0
785 -0.666667
786 -0.333333
787 -2.59109e-09
788 -0.785714
789 -0.685714
790 -0.485714
791 -0.285714
792 -0.357143
793 -0.457143
794 -0.257143
795 -0.0571405
796 0.0714286
797 -0.228571
798 -0.0285711
799 0.171429
800 0
801 -0.333333
802 -2.0365e-09
803 0.333333
804 -0.428571
805 -0.428571
806 -0.228571
807 -0.0285711
808 1.42109e-14
809 -0.2
810 5.21141e-06
811 0.200002
812 0.428571
813 0.0285714
814 0.228572
815 0.428572
816 0
817 -1.70766e-09
818 0.333333
819 0.666667
820 -0.0714286
821 -0.171429
822 0.0285714
823 0.228572
824 0.357143
825 0.0571429
826 0.257147
827 0.457145
828 0.785714
829 0.285714
830 0.485714
831 0.685715
832 0
833 -1.03846
834 -0.615385
835 -0.192308
836 -1.14286
837 -1
838 -0.75
839 -0.5
840 -0.571429
841 -0.75
842 -0.5
843 -0.25
844 -4.26326e-13
845 -0.5
846 -0.25
847 4.54512e-10
848 -1.5
849 -1.02857
850 -0.714286
851 -0.4
852 -1.1
853 -1
854 -0.8
855 -0.6
856 -0.7
857 -0.8
858 -0.6
859 -0.4
860 -0.3
861 -0.6
862 -0.4
863 -0.2
864 -0.666667
865 -0.771429
866 -0.457143
867 -0.142857
868 -0.8
869 -0.8
870 -0.6
871 -0.4
872 -0.4
873 -0.6
874 -0.4
875 -0.2
876 -4.3876e-13
877 -0.4
878 -0.2
879 8.612e-10
880 0.166667
881 -0.514286
882 -0.2
883 0.114286
884 -0.5
885 -0.6
886 -0.4
887 -0.2
888 -0.1
889 -0.4
890 -0.2
891 2.05105e-10
892 0.3
893 -0.2
894 -4.46534e-09
895 0.2
896 0
897 -0.730769
898 -0.307692
899 0.115385
900 -0.857143
901 -0.75
902 -0.5
903 -0.25
904 -0.285714
905 -0.5
906 -0.25
907 -3.29173e-09
908 0.285714
909 -0.25
910 -4.36644e-10
911 0.25
912 -1.16667
913 -0.8
914 -0.485714
915 -0.171429
916 -0.9
917 -0.8
918 -0.6
919 -0.4
920 -0.5
921 -0.6
922 -0.4
923 -0.2
924 -0.1
925 -0.4
926 -0.2
927 -2.16981e-09
928 -0.333333
929 -0.542857
930 -0.228571
931 0.0857143
932 -0.6
933 -0.6
934 -0.4
935 -0.2
936 -0.2
937 -0.4
938 -0.2
939 1.42306e-09
940 0.2
941 -0.2
942 -3.48908e-10
943 0.2
944 0.5
945 -0.285714
946 0.0285714
947 0.342857
948 -0.3
949 -0.4
950 -0.2
951 1.96277e-09
952 0.1
953 -0.2
954 1.96277e-09
955 0.2
956 0.5
957 -1.44495e-09
958 0.2
959 0.4
960 0
961 -0.423077
962 7.63833e-14
963 0.423077
964 -0.571429
965 -0.5
966 -0.25
967 6.43273e-10
968 -9.80549e-13
969 -0.25
970 6.43273e-10
971 0.25
972 0.571429
973 5.10866e-09
974 0.25
975 0.5
976 -0.833333
977 -0.571429
978 -0.257143
979 0.0571429
980 -0.7
981 -0.6
982 -0.4
983 -0.2
984 -0.3
985 -0.4
986 -0.2
987 2.05105e-10
988 0.1
989 -0.2
990 -1.52298e-09
991 0.2
992 -2.42117e-12
993 -0.314286
994 1.84741e-13
995 0.314286
996 -0.4
997 -0.4
998 -0.2
999 -1.52298e-09
1000 2.45137e-13
1001 -0.2
1002 -1.52298e-09
1003 0.2
1004 0.4
1005 -1.44495e-09
1006 0.2
1007 0.4
1008 0.833333
1009 -0.0571429
1010 0.257143
1011 0.571429
1012 -0.1
1013 -0.2
1014 1.94149e-09
1015 0.2
1016 0.3
1017 7.83479e-10
1018 0.2
1019 0.4
1020 0.7
1021 0.2
1022 0.4
1023 0.6
1024 0
1025 0
1026 0
1027 0
1028 0
1029 -1.33333
1030 -1
1031 -0.666667
1032 0
1033 -1
1034 -0.666667
1035 -0.333333
1036 0
1037 -0.666667
1038 -0.333333
1039 1.75126e-09
1040 0
1041 -1.26316
1042 -0.868421
1043 -0.473684
1044 -1.15385
1045 -1.25
1046 -1
1047 -0.75
1048 -0.692308
1049 -1
1050 -0.75
1051 -0.5
1052 -0.230769
1053 -0.75
1054 -0.5
1055 -0.25
1056 0
1057 -0.921053
1058 -0.526316
1059 -0.131579
1060 -0.769231
1061 -1
1062 -0.75
1063 -0.5
1064 -0.307692
1065 -0.75
1066 -0.5
1067 -0.25
1068 0.153846
1069 -0.5
1070 -0.25
1071 2.5035e-10
1072 0
1073 -0.578947
1074 -0.184211
1075 0.210526
1076 -0.384615
1077 -0.75
1078 -0.5
1079 -0.25
1080 0.0769231
1081 -0.5
1082 -0.25
1083 3.14629e-09
1084 0.538462
1085 -0.25
1086 4.19981e-09
1087 0.25
1088 0
1089 -1.52632
1090 -1.05263
1091 -0.578947
1092 -1.41667
1093 -1.44068
1094 -1.15254
1095 -0.864407
1096 -0.833333
1097 -1.16949
1098 -0.881356
1099 -0.59322
1100 -0.25
1101 -0.898305
1102 -0.610169
1103 -0.322034
1104 -1.28571
1105 -1.38462
1106 -1.03846
1107 -0.692308
1108 -1.28571
1109 -1.35135
1110 -1.12162
1111 -0.891892
1112 -0.885714
1113 -1.13514
1114 -0.905405
1115 -0.675676
1116 -0.485714
1117 -0.918919
1118 -0.689189
1119 -0.459459
1120 -0.571429
1121 -1.11538
1122 -0.769231
1123 -0.423077
1124 -0.971429
1125 -1.14865
1126 -0.918919
1127 -0.689189
1128 -0.571429
1129 -0.932432
1130 -0.702703
1131 -0.472973
1132 -0.171429
1133 -0.716216
1134 -0.486486
1135 -0.256757
1136 0.142857
1137 -0.846154
1138 -0.5
1139 -0.153846
1140 -0.657143
1141 -0.945946
1142 -0.716216
1143 -0.486486
1144 -0.257143
1145 -0.72973
1146 -0.5
1147 -0.27027
1148 0.142857
1149 -0.513514
1150 -0.283784
1151 -0.0540541
1152 0
1153 -1.21053
1154 -0.736842
1155 -0.263158
1156 -1.08333
1157 -1.20339
1158 -0.915254
1159 -0.627119
1160 -0.5
1161 -0.932203
1162 -0.644068
1163 -0.355932
1164 0.0833333
1165 -0.661017
1166 -0.372881
1167 -0.0847458
1168 -0.857143
1169 -1.15385
1170 -0.807692
1171 -0.461538
1172 -1.05714
1173 -1.16216
1174 -0.932432
1175 -0.702703
1176 -0.657143
1177 -0.945946
1178 -0.716216
1179 -0.486486
1180 -0.257143
1181 -0.72973
1182 -0.5
1183 -0.27027
1184 -0.142857
1185 -0.884615
1186 -0.538462
1187 -0.192308
1188 -0.742857
1189 -0.959459
1190 -0.72973
1191 -0.5
1192 -0.342857
1193 -0.743243
1194 -0.513514
1195 -0.283784
1196 0.0571429
1197 -0.527027
1198 -0.297297
1199 -0.0675676
1200 0.571429
1201 -0.615385
1202 -0.269231
1203 0.0769231
1204 -0.428571
1205 -0.756757
1206 -0.527027
1207 -0.297297
1208 -0.0285714
1209 -0.540541
1210 -0.310811
1211 -0.0810811
1212 0.371429
1213 -0.324324
1214 -0.0945946
1215 0.135135
1216 0
1217 -0.894737
1218 -0.421053
1219 0.0526316
1220 -0.75
1221 -0.966102
1222 -0.677966
1223 -0.38983
1224 -0.166667
1225 -0.694915
1226 -0.40678
1227 -0.118644
1228 0.416667
1229 -0.423729
1230 -0.135593
1231 0.152542
1232 -0.428571
1233 -0.923077
1234 -0.576923
1235 -0.230769
1236 -0.828571
1237 -0.972973
1238 -0.743243
1239 -0.513514
1240 -0.428571
1241 -0.756757
1242 -0.527027
1243 -0.297297
1244 -0.0285714
1245 -0.540541
1246 -0.310811
1247 -0.0810811
1248 0.285714
1249 -0.653846
1250 -0.307692
1251 0.0384615
1252 -0.514286
1253 -0.77027
1254 -0.540541
1255 -0.310811
1256 -0.114286
1257 -0.554054
1258 -0.324324
1259 -0.0945946
1260 0.285714
1261 -0.337838
1262 -0.108108
1263 0.121622
1264 1
1265 -0.384615
1266 -0.0384615
1267 0.307692
1268 -0.2
1269 -0.567568
1270 -0.337838
1271 -0.108108
1272 0.2
1273 -0.351351
1274 -0.121622
1275 0.108108
1276 0.6
1277 -0.135135
1278 0.0945946
1279 0.324324
1280 0
1281 -1.45238
1282 -0.904762
1283 -0.357143
1284 -1.30769
1285 -1.38235
1286 -1.05882
1287 -0.735294
1288 -0.615385
1289 -1.08824
1290 -0.764706
1291 -0.441176
1292 0.0769231
1293 -0.794118
1294 -0.470588
1295 -0.147059
1296 -1.07143
1297 -1.32203
1298 -0.932203
1299 -0.542373
1300 -1.2
1301 -1.30233
1302 -1.04651
1303 -0.790698
1304 -0.75
1305 -1.06977
1306 -0.813953
1307 -0.55814
1308 -0.3
1309 -0.837209
1310 -0.581395
1311 -0.325581
1312 -0.142857
1313 -1.0339
1314 -0.644068
1315 -0.254237
1316 -0.85
1317 -1.09302
1318 -0.837209
1319 -0.581395
1320 -0.4
1321 -0.860465
1322 -0.604651
1323 -0.348837
1324 0.05
1325 -0.627907
1326 -0.372093
1327 -0.116279
1328 0.785714
1329 -0.745763
1330 -0.355932
1331 0.0338983
1332 -0.5
1333 -0.883721
1334 -0.627907
1335 -0.372093
1336 -0.05
1337 -0.651163
1338 -0.395349
1339 -0.139535
1340 0.4
1341 -0.418605
1342 -0.162791
1343 0.0930233
1344 -2
1345 -1.53571
1346 -1.07143
1347 -0.607143
1348 -1.42857
1349 -1.45349
1350 -1.16279
1351 -0.872093
1352 -0.857143
1353 -1.19767
1354 -0.906977
1355 -0.616279
1356 -0.285714
1357 -0.94186
1358 -0.651163
1359 -0.360465
1360 -1.3
1361 -1.40541
1362 -1.05405
1363 -0.702703
1364 -1.3
1365 -1.37143
1366 -1.13333
1367 -0.895238
1368 -0.9
1369 -1.1619
1370 -0.92381
1371 -0.685714
1372 -0.5
1373 -0.952381
1374 -0.714286
1375 -0.47619
1376 -0.6
1377 -1.16216
1378 -0.810811
1379 -0.459459
1380 -1
1381 -1.19048
1382 -0.952381
1383 -0.714286
1384 -0.6
1385 -0.980952
1386 -0.742857
1387 -0.504762
1388 -0.2
1389 -0.771429
1390 -0.533333
1391 -0.295238
1392 0.1
1393 -0.918919
1394 -0.567568
1395 -0.216216
1396 -0.7
1397 -1.00952
1398 -0.771429
1399 -0.533333
1400 -0.3
1401 -0.8
1402 -0.561905
1403 -0.32381
1404 0.1
1405 -0.590476
1406 -0.352381
1407 -0.114286
1408 -0.666667
1409 -1.28571
1410 -0.821429
1411 -0.357143
1412 -1.14286
1413 -1.26744
1414 -0.976744
1415 -0.686047
1416 -0.571429
1417 -1.01163
1418 -0.72093
1419 -0.430233
1420 5.53335e-13
1421 -0.755814
1422 -0.465116
1423 -0.174419
1424 -0.9
1425 -1.21622
1426 -0.864865
1427 -0.513514
1428 -1.1
1429 -1.21905
1430 -0.980952
1431 -0.742857
1432 -0.7
1433 -1.00952
1434 -0.771429
1435 -0.533333
1436 -0.3
1437 -0.8
1438 -0.561905
1439 -0.32381
1440 -0.2
1441 -0.972973
1442 -0.621622
1443 -0.27027
1444 -0.8
1445 -1.0381
1446 -0.8
1447 -0.561905
1448 -0.4
1449 -0.828571
1450 -0.590476
1451 -0.352381
1452 1.38467e-12
1453 -0.619048
1454 -0.380952
1455 -0.142857
1456 0.5
1457 -0.72973
1458 -0.378378
1459 -0.027027
1460 -0.5
1461 -0.857143
1462 -0.619048
1463 -0.380952
1464 -0.1
1465 -0.647619
1466 -0.409524
1467 -0.171429
1468 0.3
1469 -0.438095
1470 -0.2
1471 0.0380952
1472 0.666667
1473 -1.03571
1474 -0.571429
1475 -0.107143
1476 -0.857143
1477 -1.0814
1478 -0.790698
1479 -0.5
1480 -0.285714
1481 -0.825581
1482 -0.534884
1483 -0.244186
1484 0.285714
1485 -0.569767
1486 -0.27907
1487 0.0116279
1488 -0.5
1489 -1.02703
1490 -0.675676
1491 -0.324324
1492 -0.9
1493 -1.06667
1494 -0.828571
1495 -0.590476
1496 -0.5
1497 -0.857143
1498 -0.619048
1499 -0.380952
1500 -0.1
1501 -0.647619
1502 -0.409524
1503 -0.171429
1504 0.2
1505 -0.783784
1506 -0.432432
1507 -0.0810811
1508 -0.6
1509 -0.885714
1510 -0.647619
1511 -0.409524
1512 -0.2
1513 -0.67619
1514 -0.438095
1515 -0.2
1516 0.2
1517 -0.466667
1518 -0.228571
1519 0.00952381
1520 0.9
1521 -0.540541
1522 -0.189189
1523 0.162162
1524 -0.3
1525 -0.704762
1526 -0.466667
1527 -0.228571
1528 0.1
1529 -0.495238
1530 -0.257143
1531 -0.0190476
1532 0.5
1533 -0.285714
1534 -0.047619
1535 0.190476
1536 0
1537 -1.19048
1538 -0.642857
1539 -0.0952381
1540 -1.07692
1541 -1.17647
1542 -0.852941
1543 -0.529412
1544 -0.384615
1545 -0.882353
1546 -0.558824
1547 -0.235294
1548 0.307692
1549 -0.588235
1550 -0.264706
1551 0.0588235
1552 -0.857143
1553 -1.13559
1554 -0.745763
1555 -0.355932
1556 -1.05
1557 -1.13953
1558 -0.883721
1559 -0.627907
1560 -0.6
1561 -0.906977
1562 -0.651163
1563 -0.395349
1564 -0.15
1565 -0.674419
1566 -0.418605
1567 -0.162791
1568 0.0714286
1569 -0.847458
1570 -0.457627
1571 -0.0677966
1572 -0.7
1573 -0.930233
1574 -0.674419
1575 -0.418605
1576 -0.25
1577 -0.697674
1578 -0.44186
1579 -0.186047
1580 0.2
1581 -0.465116
1582 -0.209302
1583 0.0465116
1584 1
1585 -0.559322
1586 -0.169492
1587 0.220339
1588 -0.35
1589 -0.72093
1590 -0.465116
1591 -0.209302
1592 0.1
1593 -0.488372
1594 -0.232558
1595 0.0232558
1596 0.55
1597 -0.255814
1598 2.33591e-13
1599 0.255814
1600 -1.66667
1601 -1.35714
1602 -0.892857
1603 -0.428571
1604 -1.28571
1605 -1.30233
1606 -1.01163
1607 -0.72093
1608 -0.714286
1609 -1.04651
1610 -0.755814
1611 -0.465116
1612 -0.142857
1613 -0.790698
1614 -0.5
1615 -0.209302
1616 -1.2
1617 -1.27027
1618 -0.918919
1619 -0.567568
1620 -1.2
1621 -1.24762
1622 -1.00952
1623 -0.771429
1624 -0.8
1625 -1.0381
1626 -0.8
1627 -0.561905
1628 -0.4
1629 -0.828571
1630 -0.590476
1631 -0.352381
1632 -0.5
1633 -1.02703
1634 -0.675676
1635 -0.324324
1636 -0.9
1637 -1.06667
1638 -0.828571
1639 -0.590476
1640 -0.5
1641 -0.857143
1642 -0.619048
1643 -0.380952
1644 -0.1
1645 -0.647619
1646 -0.409524
1647 -0.171429
1648 0.2
1649 -0.783784
1650 -0.432432
1651 -0.0810811
1652 -0.6
1653 -0.885714
1654 -0.647619
1655 -0.409524
1656 -0.2
1657 -0.67619
1658 -0.438095
1659 -0.2
1660 0.2
1661 -0.466667
1662 -0.228571
1663 0.00952381
1664 -0.333333
1665 -1.10714
1666 -0.642857
1667 -0.178571
1668 -1
1669 -1.11628
1670 -0.825581
1671 -0.534884
1672 -0.428571
1673 -0.860465
1674 -0.569767
1675 -0.27907
1676 0.142857
1677 -0.604651
1678 -0.313953
1679 -0.0232558
1680 -0.8
1681 -1.08108
1682 -0.72973
1683 -0.378378
1684 -1
1685 -1.09524
1686 -0.857143
1687 -0.619048
1688 -0.6
1689 -0.885714
1690 -0.647619
1691 -0.409524
1692 -0.2
1693 -0.67619
1694 -0.438095
1695 -0.2
1696 -0.1
1697 -0.837838
1698 -0.486486
1699 -0.135135
1700 -0.7
1701 -0.914286
1702 -0.67619
1703 -0.438095
1704 -0.3
1705 -0.704762
1706 -0.466667
1707 -0.228571
1708 0.1
1709 -0.495238
1710 -0.257143
1711 -0.0190476
1712 0.6
1713 -0.594595
1714 -0.243243
1715 0.108108
1716 -0.4
1717 -0.733333
1718 -0.495238
1719 -0.257143
1720 -1.8936e-12
1721 -0.52381
1722 -0.285714
1723 -0.047619
1724 0.4
1725 -0.314286
1726 -0.0761905
1727 0.161905
1728 1
1729 -0.857143
1730 -0.392857
1731 0.0714286
1732 -0.714286
1733 -0.930233
1734 -0.639535
1735 -0.348837
1736 -0.142857
1737 -0.674419
1738 -0.383721
1739 -0.0930233
1740 0.428571
1741 -0.418605
1742 -0.127907
1743 0.162791
1744 -0.4
1745 -0.891892
1746 -0.540541
1747 -0.189189
1748 -0.8
1749 -0.942857
1750 -0.704762
1751 -0.466667
1752 -0.4
1753 -0.733333
1754 -0.495238
1755 -0.257143
1756 -5.44453e-13
1757 -0.52381
1758 -0.285714
1759 -0.047619
1760 0.3
1761 -0.648649
1762 -0.297297
1763 0.0540541
1764 -0.5
1765 -0.761905
1766 -0.52381
1767 -0.285714
1768 -0.1
1769 -0.552381
1770 -0.314286
1771 -0.0761905
1772 0.3
1773 -0.342857
1774 -0.104762
1775 0.133333
1776 1
1777 -0.405405
1778 -0.0540541
1779 0.297297
1780 -0.2
1781 -0.580952
1782 -0.342857
1783 -0.104762
1784 0.2
1785 -0.371429
1786 -0.133333
1787 0.104762
1788 0.6
1789 -0.161905
1790 0.0761905
1791 0.314286
1792 0
1793 -0.928571
1794 -0.380952
1795 0.166667
1796 -0.846154
1797 -0.970588
1798 -0.647059
1799 -0.323529
1800 -0.153846
1801 -0.676471
1802 -0.352941
1803 -0.0294118
1804 0.538462
1805 -0.382353
1806 -0.0588235
1807 0.264706
1808 -0.642857
1809 -0.949153
1810 -0.559322
1811 -0.169492
1812 -0.9
1813 -0.976744
1814 -0.72093
1815 -0.465116
1816 -0.45
1817 -0.744186
1818 -0.488372
1819 -0.232558
1820 1.28786e-13
1821 -0.511628
1822 -0.255814
1823 1.22569e-13
1824 0.285714
1825 -0.661017
1826 -0.271186
1827 0.118644
1828 -0.55
1829 -0.767442
1830 -0.511628
1831 -0.255814
1832 -0.1
1833 -0.534884
1834 -0.27907
1835 -0.0232558
1836 0.35
1837 -0.302326
1838 -0.0465116
1839 0.209302
1840 1.21429
1841 -0.372881
1842 0.0169492
1843 0.40678
1844 -0.2
1845 -0.55814
1846 -0.302326
1847 -0.0465116
1848 0.25
1849 -0.325581
1850 -0.0697674
1851 0.186047
1852 0.7
1853 -0.0930233
1854 0.162791
1855 0.418605
1856 -1.33333
1857 -1.17857
1858 -0.714286
1859 -0.25
1860 -1.14286
1861 -1.15116
1862 -0.860465
1863 -0.569767
1864 -0.571429
1865 -0.895349
1866 -0.604651
1867 -0.313953
1868 -4.5528e-12
1869 -0.639535
1870 -0.348837
1871 -0.0581395
1872 -1.1
1873 -1.13514
1874 -0.783784
1875 -0.432432
1876 -1.1
1877 -1.12381
1878 -0.885714
1879 -0.647619
1880 -0.7
1881 -0.914286
1882 -0.67619
1883 -0.438095
1884 -0.3
1885 -0.704762
1886 -0.466667
1887 -0.228571
1888 -0.4
1889 -0.891892
1890 -0.540541
1891 -0.189189
1892 -0.8
1893 -0.942857
1894 -0.704762
1895 -0.466667
1896 -0.4
1897 -0.733333
1898 -0.495238
1899 -0.257143
1900 1.42286e-12
1901 -0.52381
1902 -0.285714
1903 -0.047619
1904 0.3
1905 -0.648649
1906 -0.297297
1907 0.0540541
1908 -0.5
1909 -0.761905
1910 -0.52381
1911 -0.285714
1912 -0.1
1913 -0.552381
1914 -0.314286
1915 -0.0761905
1916 0.3
1917 -0.342857
1918 -0.104762
1919 0.133333
1920 2.42562e-12
1921 -0.928571
1922 -0.464286
1923 -3.17968e-13
1924 -0.857143
1925 -0.965116
1926 -0.674419
1927 -0.383721
1928 -0.285714
1929 -0.709302
1930 -0.418605
1931 -0.127907
1932 0.285714
1933 -0.453488
1934 -0.162791
1935 0.127907
1936 -0.7
1937 -0.945946
1938 -0.594595
1939 -0.243243
1940 -0.9
1941 -0.971429
1942 -0.733333
1943 -0.495238
1944 -0.5
1945 -0.761905
1946 -0.52381
1947 -0.285714
1948 -0.1
1949 -0.552381
1950 -0.314286
1951 -0.0761905
1952 9.41469e-14
1953 -0.702703
1954 -0.351351
1955 -6.29718e-13
1956 -0.6
1957 -0.790476
1958 -0.552381
1959 -0.314286
1960 -0.2
1961 -0.580952
1962 -0.342857
1963 -0.104762
1964 0.2
1965 -0.371429
1966 -0.133333
1967 0.104762
1968 0.7
1969 -0.459459
1970 -0.108108
1971 0.243243
1972 -0.3
1973 -0.609524
1974 -0.371429
1975 -0.133333
1976 0.1
1977 -0.4
1978 -0.161905
1979 0.0761905
1980 0.5
1981 -0.190476
1982 0.047619
1983 0.285714
1984 1.33333
1985 -0.678571
1986 -0.214286
1987 0.25
1988 -0.571429
1989 -0.77907
1990 -0.488372
1991 -0.197674
1992 1.33227e-12
1993 -0.523256
1994 -0.232558
1995 0.0581395
1996 0.571429
1997 -0.267442
1998 0.0232558
1999 0.313953
2000 -0.3
2001 -0.756757
2002 -0.405405
2003 -0.0540541
2004 -0.7
2005 -0.819048
2006 -0.580952
2007 -0.342857
2008 -0.3
2009 -0.609524
2010 -0.371429
2011 -0.133333
2012 0.1
2013 -0.4
2014 -0.161905
2015 0.0761905
2016 0.4
2017 -0.513514
2018 -0.162162
2019 0.189189
2020 -0.4
2021 -0.638095
2022 -0.4
2023 -0.161905
2024 7.4607e-13
2025 -0.428571
2026 -0.190476
2027 0.047619
2028 0.4
2029 -0.219048
2030 0.0190476
2031 0.257143
2032 1.1
2033 -0.27027
2034 0.0810811
2035 0.432432
2036 -0.1
2037 -0.457143
2038 -0.219048
2039 0.0190476
2040 0.3
2041 -0.247619
2042 -0.00952381
2043 0.228571
2044 0.7
2045 -0.0380952
2046 0.2
2047 0.438095
2048 0
2049 0
2050 0
2051 0
2052 0
2053 -1
2054 -0.666667
2055 -0.333333
2056 0
2057 -0.666667
2058 -0.333333
2059 -2.59109e-09
2060 0
2061 -0.333333
2062 -2.0365e-09
2063 0.333333
2064 0
2065 -1
2066 -0.605263
2067 -0.210526
2068 -1
2069 -1
2070 -0.75
2071 -0.5
2072 -0.538462
2073 -0.75
2074 -0.5
2075 -0.25
2076 -0.0769231
2077 -0.5
2078 -0.25
2079 4.54512e-10
2080 0
2081 -0.657895
2082 -0.263158
2083 0.131579
2084 -0.615385
2085 -0.75
2086 -0.5
2087 -0.25
2088 -0.153846
2089 -0.5
2090 -0.25
2091 -3.29173e-09
2092 0.307692
2093 -0.25
2094 -4.36644e-10
2095 0.25
2096 0
2097 -0.315789
2098 0.0789474
2099 0.473684
2100 -0.230769
2101 -0.5
2102 -0.25
2103 6.43273e-10
2104 0.230769
2105 -0.25
2106 6.43273e-10
2107 0.25
2108 0.692308
2109 5.10866e-09
2110 0.25
2111 0.5
2112 0
2113 -1.31579
2114 -0.842105
2115 -0.368421
2116 -1.33333
2117 -1.23729
2118 -0.949153
2119 -0.661017
2120 -0.75
2121 -0.966102
2122 -0.677966
2123 -0.38983
2124 -0.166667
2125 -0.694915
2126 -0.40678
2127 -0.118644
2128 -1.42857
2129 -1.23077
2130 -0.884615
2131 -0.538462
2132 -1.22857
2133 -1.18919
2134 -0.959459
2135 -0.72973
2136 -0.828571
2137 -0.972973
2138 -0.743243
2139 -0.513514
2140 -0.428571
2141 -0.756757
2142 -0.527027
2143 -0.297297
2144 -0.714286
2145 -0.961538
2146 -0.615385
2147 -0.269231
2148 -0.914286
2149 -0.986486
2150 -0.756757
2151 -0.527027
2152 -0.514286
2153 -0.77027
2154 -0.540541
2155 -0.310811
2156 -0.114286
2157 -0.554054
2158 -0.324324
2159 -0.0945946
2160 -5.18607e-12
2161 -0.692308
2162 -0.346154
2163 2.04281e-14
2164 -0.6
2165 -0.783784
2166 -0.554054
2167 -0.324324
2168 -0.2
2169 -0.567568
2170 -0.337838
2171 -0.108108
2172 0.2
2173 -0.351351
2174 -0.121622
2175 0.108108
2176 0
2177 -1
2178 -0.526316
2179 -0.0526316
2180 -1
2181 -1
2182 -0.711864
2183 -0.423729
2184 -0.416667
2185 -0.728814
2186 -0.440678
2187 -0.152542
2188 0.166667
2189 -0.457627
2190 -0.169492
2191 0.118644
2192 -1
2193 -1
2194 -0.653846
2195 -0.307692
2196 -1
2197 -1
2198 -0.77027
2199 -0.540541
2200 -0.6
2201 -0.783784
2202 -0.554054
2203 -0.324324
2204 -0.2
2205 -0.567568
2206 -0.337838
2207 -0.108108
2208 -0.285714
2209 -0.730769
2210 -0.384615
2211 -0.0384615
2212 -0.685714
2213 -0.797297
2214 -0.567568
2215 -0.337838
2216 -0.285714
2217 -0.581081
2218 -0.351351
2219 -0.121622
2220 0.114286
2221 -0.364865
2222 -0.135135
2223 0.0945946
2224 0.428571
2225 -0.461538
2226 -0.115385
2227 0.230769
2228 -0.371429
2229 -0.594595
2230 -0.364865
2231 -0.135135
2232 0.0285714
2233 -0.378378
2234 -0.148649
2235 0.0810811
2236 0.428571
2237 -0.162162
2238 0.0675676
2239 0.297297
2240 0
2241 -0.684211
2242 -0.210526
2243 0.263158
2244 -0.666667
2245 -0.762712
2246 -0.474576
2247 -0.186441
2248 -0.0833333
2249 -0.491525
2250 -0.20339
2251 0.0847458
2252 0.5
2253 -0.220339
2254 0.0677966
2255 0.355932
2256 -0.571429
2257 -0.769231
2258 -0.423077
2259 -0.0769231
2260 -0.771429
2261 -0.810811
2262 -0.581081
2263 -0.351351
2264 -0.371429
2265 -0.594595
2266 -0.364865
2267 -0.135135
2268 0.0285714
2269 -0.378378
2270 -0.148649
2271 0.0810811
2272 0.142857
2273 -0.5
2274 -0.153846
2275 0.192308
2276 -0.457143
2277 -0.608108
2278 -0.378378
2279 -0.148649
2280 -0.0571429
2281 -0.391892
2282 -0.162162
2283 0.0675676
2284 0.342857
2285 -0.175676
2286 0.0540541
2287 0.283784
2288 0.857143
2289 -0.230769
2290 0.115385
2291 0.461538
2292 -0.142857
2293 -0.405405
2294 -0.175676
2295 0.0540541
2296 0.257143
2297 -0.189189
2298 0.0405405
2299 0.27027
2300 0.657143
2301 0.027027
2302 0.256757
2303 0.486486
2304 0
2305 -1.2619
2306 -0.714286
2307 -0.166667
2308 -1.23077
2309 -1.20588
2310 -0.882353
2311 -0.558824
2312 -0.538462
2313 -0.911765
2314 -0.588235
2315 -0.264706
2316 0.153846
2317 -0.617647
2318 -0.294118
2319 0.0294118
2320 -1.21429
2321 -1.18644
2322 -0.79661
2323 -0.40678
2324 -1.15
2325 -1.16279
2326 -0.906977
2327 -0.651163
2328 -0.7
2329 -0.930233
2330 -0.674419
2331 -0.418605
2332 -0.25
2333 -0.697674
2334 -0.44186
2335 -0.186047
2336 -0.285714
2337 -0.898305
2338 -0.508475
2339 -0.118644
2340 -0.8
2341 -0.953488
2342 -0.697674
2343 -0.44186
2344 -0.35
2345 -0.72093
2346 -0.465116
2347 -0.209302
2348 0.1
2349 -0.488372
2350 -0.232558
2351 0.0232558
2352 0.642857
2353 -0.610169
2354 -0.220339
2355 0.169492
2356 -0.45
2357 -0.744186
2358 -0.488372
2359 -0.232558
2360 -4.18332e-13
2361 -0.511628
2362 -0.255814
2363 -1.46549e-13
2364 0.45
2365 -0.27907
2366 -0.0232558
2367 0.232558
2368 -2.66667
2369 -1.42857
2370 -0.964286
2371 -0.5
2372 -1.42857
2373 -1.33721
2374 -1.04651
2375 -0.755814
2376 -0.857143
2377 -1.0814
2378 -0.790698
2379 -0.5
2380 -0.285714
2381 -0.825581
2382 -0.534884
2383 -0.244186
2384 -1.5
2385 -1.32432
2386 -0.972973
2387 -0.621622
2388 -1.3
2389 -1.27619
2390 -1.0381
2391 -0.8
2392 -0.9
2393 -1.06667
2394 -0.828571
2395 -0.590476
2396 -0.5
2397 -0.857143
2398 -0.619048
2399 -0.380952
2400 -0.8
2401 -1.08108
2402 -0.72973
2403 -0.378378
2404 -1
2405 -1.09524
2406 -0.857143
2407 -0.619048
2408 -0.6
2409 -0.885714
2410 -0.647619
2411 -0.409524
2412 -0.2
2413 -0.67619
2414 -0.438095
2415 -0.2
2416 -0.1
2417 -0.837838
2418 -0.486486
2419 -0.135135
2420 -0.7
2421 -0.914286
2422 -0.67619
2423 -0.438095
2424 -0.3
2425 -0.704762
2426 -0.466667
2427 -0.228571
2428 0.1
2429 -0.495238
2430 -0.257143
2431 -0.0190476
2432 -1.33333
2433 -1.17857
2434 -0.714286
2435 -0.25
2436 -1.14286
2437 -1.15116
2438 -0.860465
2439 -0.569767
2440 -0.571429
2441 -0.895349
2442 -0.604651
2443 -0.313953
2444 -3.90088e-12
2445 -0.639535
2446 -0.348837
2447 -0.0581395
2448 -1.1
2449 -1.13514
2450 -0.783784
2451 -0.432432
2452 -1.1
2453 -1.12381
2454 -0.885714
2455 -0.647619
2456 -0.7
2457 -0.914286
2458 -0.67619
2459 -0.438095
2460 -0.3
2461 -0.704762
2462 -0.466667
2463 -0.228571
2464 -0.4
2465 -0.891892
2466 -0.540541
2467 -0.189189
2468 -0.8
2469 -0.942857
2470 -0.704762
2471 -0.466667
2472 -0.4
2473 -0.733333
2474 -0.495238
2475 -0.257143
2476 -3.37508e-14
2477 -0.52381
2478 -0.285714
2479 -0.047619
2480 0.3
2481 -0.648649
2482 -0.297297
2483 0.0540541
2484 -0.5
2485 -0.761905
2486 -0.52381
2487 -0.285714
2488 -0.1
2489 -0.552381
2490 -0.314286
2491 -0.0761905
2492 0.3
2493 -0.342857
2494 -0.104762
2495 0.133333
2496 -5.66658e-13
2497 -0.928571
2498 -0.464286
2499 1.19016e-12
2500 -0.857143
2501 -0.965116
2502 -0.674419
2503 -0.383721
2504 -0.285714
2505 -0.709302
2506 -0.418605
2507 -0.127907
2508 0.285714
2509 -0.453488
2510 -0.162791
2511 0.127907
2512 -0.7
2513 -0.945946
2514 -0.594595
2515 -0.243243
2516 -0.9
2517 -0.971429
2518 -0.733333
2519 -0.495238
2520 -0.5
2521 -0.761905
2522 -0.52381
2523 -0.285714
2524 -0.1
2525 -0.552381
2526 -0.314286
2527 -0.0761905
2528 1.63425e-13
2529 -0.702703
2530 -0.351351
2531 1.50102e-13
2532 -0.6
2533 -0.790476
2534 -0.552381
2535 -0.314286
2536 -0.2
2537 -0.580952
2538 -0.342857
2539 -0.104762
2540 0.2
2541 -0.371429
2542 -0.133333
2543 0.104762
2544 0.7
2545 -0.459459
2546 -0.108108
2547 0.243243
2548 -0.3
2549 -0.609524
2550 -0.371429
2551 -0.133333
2552 0.1
2553 -0.4
2554 -0.161905
2555 0.0761905
2556 0.5
2557 -0.190476
2558 0.047619
2559 0.285714
2560 0
2561 -1
2562 -0.452381
2563 0.0952381
2564 -1
2565 -1
2566 -0.676471
2567 -0.352941
2568 -0.307692
2569 -0.705882
2570 -0.382353
2571 -0.0588235
2572 0.384615
2573 -0.411765
2574 -0.0882353
2575 0.235294
2576 -1
2577 -1
2578 -0.610169
2579 -0.220339
2580 -1
2581 -1
2582 -0.744186
2583 -0.488372
2584 -0.55
2585 -0.767442
2586 -0.511628
2587 -0.255814
2588 -0.1
2589 -0.534884
2590 -0.27907
2591 -0.0232558
2592 -0.0714286
2593 -0.711864
2594 -0.322034
2595 0.0677966
2596 -0.65
2597 -0.790698
2598 -0.534884
2599 -0.27907
2600 -0.2
2601 -0.55814
2602 -0.302326
2603 -0.0465116
2604 0.25
2605 -0.325581
2606 -0.0697674
2607 0.186047
2608 0.857143
2609 -0.423729
2610 -0.0338983
2611 0.355932
2612 -0.3
2613 -0.581395
2614 -0.325581
2615 -0.0697674
2616 0.15
2617 -0.348837
2618 -0.0930233
2619 0.162791
2620 0.6
2621 -0.116279
2622 0.139535
2623 0.395349
2624 -2.33333
2625 -1.25
2626 -0.785714
2627 -0.321429
2628 -1.28571
2629 -1.18605
2630 -0.895349
2631 -0.604651
2632 -0.714286
2633 -0.930233
2634 -0.639535
2635 -0.348837
2636 -0.142857
2637 -0.674419
2638 -0.383721
2639 -0.0930233
2640 -1.4
2641 -1.18919
2642 -0.837838
2643 -0.486486
2644 -1.2
2645 -1.15238
2646 -0.914286
2647 -0.67619
2648 -0.8
2649 -0.942857
2650 -0.704762
2651 -0.466667
2652 -0.4
2653 -0.733333
2654 -0.495238
2655 -0.257143
2656 -0.7
2657 -0.945946
2658 -0.594595
2659 -0.243243
2660 -0.9
2661 -0.971429
2662 -0.733333
2663 -0.495238
2664 -0.5
2665 -0.761905
2666 -0.52381
2667 -0.285714
2668 -0.1
2669 -0.552381
2670 -0.314286
2671 -0.0761905
2672 6.53699e-13
2673 -0.702703
2674 -0.351351
2675 -3.82805e-13
2676 -0.6
2677 -0.790476
2678 -0.552381
2679 -0.314286
2680 -0.2
2681 -0.580952
2682 -0.342857
2683 -0.104762
2684 0.2
2685 -0.371429
2686 -0.133333
2687 0.104762
2688 -1
2689 -1
2690 -0.535714
2691 -0.0714286
2692 -1
2693 -1
2694 -0.709302
2695 -0.418605
2696 -0.428571
2697 -0.744186
2698 -0.453488
2699 -0.162791
2700 0.142857
2701 -0.488372
2702 -0.197674
2703 0.0930233
2704 -1
2705 -1
2706 -0.648649
2707 -0.297297
2708 -1
2709 -1
2710 -0.761905
2711 -0.52381
2712 -0.6
2713 -0.790476
2714 -0.552381
2715 -0.314286
2716 -0.2
2717 -0.580952
2718 -0.342857
2719 -0.104762
2720 -0.3
2721 -0.756757
2722 -0.405405
2723 -0.0540541
2724 -0.7
2725 -0.819048
2726 -0.580952
2727 -0.342857
2728 -0.3
2729 -0.609524
2730 -0.371429
2731 -0.133333
2732 0.1
2733 -0.4
2734 -0.161905
2735 0.0761905
2736 0.4
2737 -0.513514
2738 -0.162162
2739 0.189189
2740 -0.4
2741 -0.638095
2742 -0.4
2743 -0.161905
2744 1.06759e-12
2745 -0.428571
2746 -0.190476
2747 0.047619
2748 0.4
2749 -0.219048
2750 0.0190476
2751 0.257143
2752 0.333333
2753 -0.75
2754 -0.285714
2755 0.178571
2756 -0.714286
2757 -0.813953
2758 -0.523256
2759 -0.232558
2760 -0.142857
2761 -0.55814
2762 -0.267442
2763 0.0232558
2764 0.428571
2765 -0.302326
2766 -0.0116279
2767 0.27907
2768 -0.6
2769 -0.810811
2770 -0.459459
2771 -0.108108
2772 -0.8
2773 -0.847619
2774 -0.609524
2775 -0.371429
2776 -0.4
2777 -0.638095
2778 -0.4
2779 -0.161905
2780 8.36664e-13
2781 -0.428571
2782 -0.190476
2783 0.047619
2784 0.1
2785 -0.567568
2786 -0.216216
2787 0.135135
2788 -0.5
2789 -0.666667
2790 -0.428571
2791 -0.190476
2792 -0.1
2793 -0.457143
2794 -0.219048
2795 0.0190476
2796 0.3
2797 -0.247619
2798 -0.00952381
2799 0.228571
2800 0.8
2801 -0.324324
2802 0.027027
2803 0.378378
2804 -0.2
2805 -0.485714
2806 -0.247619
2807 -0.00952381
2808 0.2
2809 -0.27619
2810 -0.0380952
2811 0.2
2812 0.6
2813 -0.0666667
2814 0.171429
2815 0.409524
2816 0
2817 -0.738095
2818 -0.190476
2819 0.357143
2820 -0.769231
2821 -0.794118
2822 -0.470588
2823 -0.147059
2824 -0.0769231
2825 -0.5
2826 -0.176471
2827 0.147059
2828 0.615385
2829 -0.205882
2830 0.117647
2831 0.441176
2832 -0.785714
2833 -0.813559
2834 -0.423729
2835 -0.0338983
2836 -0.85
2837 -0.837209
2838 -0.581395
2839 -0.325581
2840 -0.4
2841 -0.604651
2842 -0.348837
2843 -0.0930233
2844 0.05
2845 -0.372093
2846 -0.116279
2847 0.139535
2848 0.142857
2849 -0.525424
2850 -0.135593
2851 0.254237
2852 -0.5
2853 -0.627907
2854 -0.372093
2855 -0.116279
2856 -0.05
2857 -0.395349
2858 -0.139535
2859 0.116279
2860 0.4
2861 -0.162791
2862 0.0930233
2863 0.348837
2864 1.07143
2865 -0.237288
2866 0.152542
2867 0.542373
2868 -0.15
2869 -0.418605
2870 -0.162791
2871 0.0930233
2872 0.3
2873 -0.186047
2874 0.0697674
2875 0.325581
2876 0.75
2877 0.0465116
2878 0.302326
2879 0.55814
2880 -2
2881 -1.07143
2882 -0.607143
2883 -0.142857
2884 -1.14286
2885 -1.03488
2886 -0.744186
2887 -0.453488
2888 -0.571429
2889 -0.77907
2890 -0.488372
2891 -0.197674
2892 8.34888e-13
2893 -0.523256
2894 -0.232558
2895 0.0581395
2896 -1.3
2897 -1.05405
2898 -0.702703
2899 -0.351351
2900 -1.1
2901 -1.02857
2902 -0.790476
2903 -0.552381
2904 -0.7
2905 -0.819048
2906 -0.580952
2907 -0.342857
2908 -0.3
2909 -0.609524
2910 -0.371429
2911 -0.133333
2912 -0.6
2913 -0.810811
2914 -0.459459
2915 -0.108108
2916 -0.8
2917 -0.847619
2918 -0.609524
2919 -0.371429
2920 -0.4
2921 -0.638095
2922 -0.4
2923 -0.161905
2924 2.0064e-12
2925 -0.428571
2926 -0.190476
2927 0.047619
2928 0.1
2929 -0.567568
2930 -0.216216
2931 0.135135
2932 -0.5
2933 -0.666667
2934 -0.428571
2935 -0.190476
2936 -0.1
2937 -0.457143
2938 -0.219048
2939 0.0190476
2940 0.3
2941 -0.247619
2942 -0.00952381
2943 0.228571
2944 -0.666667
2945 -0.821429
2946 -0.357143
2947 0.107143
2948 -0.857143
2949 -0.848837
2950 -0.55814
2951 -0.267442
2952 -0.285714
2953 -0.593023
2954 -0.302326
2955 -0.0116279
2956 0.285714
2957 -0.337209
2958 -0.0465116
2959 0.244186
2960 -0.9
2961 -0.864865
2962 -0.513514
2963 -0.162162
2964 -0.9
2965 -0.87619
2966 -0.638095
2967 -0.4
2968 -0.5
2969 -0.666667
2970 -0.428571
2971 -0.190476
2972 -0.1
2973 -0.457143
2974 -0.219048
2975 0.0190476
2976 -0.2
2977 -0.621622
2978 -0.27027
2979 0.0810811
2980 -0.6
2981 -0.695238
2982 -0.457143
2983 -0.219048
2984 -0.2
2985 -0.485714
2986 -0.247619
2987 -0.00952381
2988 0.2
2989 -0.27619
2990 -0.0380952
2991 0.2
2992 0.5
2993 -0.378378
2994 -0.027027
2995 0.324324
2996 -0.3
2997 -0.514286
2998 -0.27619
2999 -0.0380952
3000 0.1
3001 -0.304762
3002 -0.0666667
3003 0.171429
3004 0.5
3005 -0.0952381
3006 0.142857
3007 0.380952
3008 0.666667
3009 -0.571429
3010 -0.107143
3011 0.357143
3012 -0.571429
3013 -0.662791
3014 -0.372093
3015 -0.0813954
3016 2.69296e-12
3017 -0.406977
3018 -0.116279
3019 0.174419
3020 0.571429
3021 -0.151163
3022 0.139535
3023 0.430233
3024 -0.5
3025 -0.675676
3026 -0.324324
3027 0.027027
3028 -0.7
3029 -0.72381
3030 -0.485714
3031 -0.247619
3032 -0.3
3033 -0.514286
3034 -0.27619
3035 -0.0380952
3036 0.1
3037 -0.304762
3038 -0.0666667
3039 0.171429
3040 0.2
3041 -0.432432
3042 -0.0810811
3043 0.27027
3044 -0.4
3045 -0.542857
3046 -0.304762
3047 -0.0666667
3048 1.946e-12
3049 -0.333333
3050 -0.0952381
3051 0.142857
3052 0.4
3053 -0.12381
3054 0.114286
3055 0.352381
3056 0.9
3057 -0.189189
3058 0.162162
3059 0.513514
3060 -0.1
3061 -0.361905
3062 -0.12381
3063 0.114286
3064 0.3
3065 -0.152381
3066 0.0857143
3067 0.32381
3068 0.7
3069 0.0571429
3070 0.295238
3071 0.533333
3072 0
3073 0
3074 0
3075 0
3076 0
3077 -0.666667
3078 -0.333333
3079 1.04523e-09
3080 0
3081 -0.333333
3082 1.04523e-09
3083 0.333333
3084 0
3085 2.44352e-10
3086 0.333333
3087 0.666667
3088 0
3089 -0.736842
3090 -0.342105
3091 0.0526316
3092 -0.846154
3093 -0.75
3094 -0.5
3095 -0.25
3096 -0.384615
3097 -0.5
3098 -0.25
3099 -2.18191e-10
3100 0.0769231
3101 -0.25
3102 8.20509e-10
3103 0.25
3104 0
3105 -0.394737
3106 -1.30562e-13
3107 0.394737
3108 -0.461538
3109 -0.5
3110 -0.25
3111 8.20509e-10
3112 -2.51354e-13
3113 -0.25
3114 8.20509e-10
3115 0.25
3116 0.461538
3117 2.54135e-09
3118 0.25
3119 0.5
3120 0
3121 -0.0526316
3122 0.342105
3123 0.736842
3124 -0.0769231
3125 -0.25
3126 2.5418e-09
3127 0.25
3128 0.384615
3129 1.70631e-09
3130 0.25
3131 0.5
3132 0.846154
3133 0.25
3134 0.5
3135 0.75
3136 0
3137 -1.10526
3138 -0.631579
3139 -0.157895
3140 -1.25
3141 -1.0339
3142 -0.745763
3143 -0.457627
3144 -0.666667
3145 -0.762712
3146 -0.474576
3147 -0.186441
3148 -0.0833333
3149 -0.491525
3150 -0.20339
3151 0.0847458
3152 -1.57143
3153 -1.07692
3154 -0.730769
3155 -0.384615
3156 -1.17143
3157 -1.02703
3158 -0.797297
3159 -0.567568
3160 -0.771429
3161 -0.810811
3162 -0.581081
3163 -0.351351
3164 -0.371429
3165 -0.594595
3166 -0.364865
3167 -0.135135
3168 -0.857143
3169 -0.807692
3170 -0.461538
3171 -0.115385
3172 -0.857143
3173 -0.824324
3174 -0.594595
3175 -0.364865
3176 -0.457143
3177 -0.608108
3178 -0.378378
3179 -0.148649
3180 -0.0571429
3181 -0.391892
3182 -0.162162
3183 0.0675676
3184 -0.142857
3185 -0.538462
3186 -0.192308
3187 0.153846
3188 -0.542857
3189 -0.621622
3190 -0.391892
3191 -0.162162
3192 -0.142857
3193 -0.405405
3194 -0.175676
3195 0.0540541
3196 0.257143
3197 -0.189189
3198 0.0405405
3199 0.27027
3200 0
3201 -0.789474
3202 -0.315789
3203 0.157895
3204 -0.916667
3205 -0.79661
3206 -0.508475
3207 -0.220339
3208 -0.333333
3209 -0.525424
3210 -0.237288
3211 0.0508475
3212 0.25
3213 -0.254237
3214 0.0338983
3215 0.322034
3216 -1.14286
3217 -0.846154
3218 -0.5
3219 -0.153846
3220 -0.942857
3221 -0.837838
3222 -0.608108
3223 -0.378378
3224 -0.542857
3225 -0.621622
3226 -0.391892
3227 -0.162162
3228 -0.142857
3229 -0.405405
3230 -0.175676
3231 0.0540541
3232 -0.428571
3233 -0.576923
3234 -0.230769
3235 0.115385
3236 -0.628571
3237 -0.635135
3238 -0.405405
3239 -0.175676
3240 -0.228571
3241 -0.418919
3242 -0.189189
3243 0.0405405
3244 0.171429
3245 -0.202703
3246 0.027027
3247 0.256757
3248 0.285714
3249 -0.307692
3250 0.0384615
3251 0.384615
3252 -0.314286
3253 -0.432432
3254 -0.202703
3255 0.027027
3256 0.0857143
3257 -0.216216
3258 0.0135135
3259 0.243243
3260 0.485714
3261 1.42109e-14
3262 0.22973
3263 0.459459
3264 0
3265 -0.473684
3266 -1.58096e-13
3267 0.473684
3268 -0.583333
3269 -0.559322
3270 -0.271186
3271 0.0169492
3272 2.03393e-13
3273 -0.288136
3274 6.03073e-13
3275 0.288136
3276 0.583333
3277 -0.0169492
3278 0.271186
3279 0.559322
3280 -0.714286
3281 -0.615385
3282 -0.269231
3283 0.0769231
3284 -0.714286
3285 -0.648649
3286 -0.418919
3287 -0.189189
3288 -0.314286
3289 -0.432432
3290 -0.202703
3291 0.027027
3292 0.0857143
3293 -0.216216
3294 0.0135135
3295 0.243243
3296 -5.99343e-12
3297 -0.346154
3298 6.02185e-13
3299 0.346154
3300 -0.4
3301 -0.445946
3302 -0.216216
3303 0.0135135
3304 -1.19638e-12
3305 -0.22973
3306 -1.0747e-13
3307 0.22973
3308 0.4
3309 -0.0135135
3310 0.216216
3311 0.445946
3312 0.714286
3313 -0.0769231
3314 0.269231
3315 0.615385
3316 -0.0857143
3317 -0.243243
3318 -0.0135135
3319 0.216216
3320 0.314286
3321 -0.027027
3322 0.202703
3323 0.432432
3324 0.714286
3325 0.189189
3326 0.418919
3327 0.648649
3328 0
3329 -1.07143
3330 -0.52381
3331 0.0238095
3332 -1.15385
3333 -1.02941
3334 -0.705882
3335 -0.382353
3336 -0.461538
3337 -0.735294
3338 -0.411765
3339 -0.0882353
3340 0.230769
3341 -0.441176
3342 -0.117647
3343 0.205882
3344 -1.35714
3345 -1.05085
3346 -0.661017
3347 -0.271186
3348 -1.1
3349 -1.02326
3350 -0.767442
3351 -0.511628
3352 -0.65
3353 -0.790698
3354 -0.534884
3355 -0.27907
3356 -0.2
3357 -0.55814
3358 -0.302326
3359 -0.0465116
3360 -0.428571
3361 -0.762712
3362 -0.372881
3363 0.0169492
3364 -0.75
3365 -0.813953
3366 -0.55814
3367 -0.302326
3368 -0.3
3369 -0.581395
3370 -0.325581
3371 -0.0697674
3372 0.15
3373 -0.348837
3374 -0.0930233
3375 0.162791
3376 0.5
3377 -0.474576
3378 -0.0847458
3379 0.305085
3380 -0.4
3381 -0.604651
3382 -0.348837
3383 -0.0930233
3384 0.05
3385 -0.372093
3386 -0.116279
3387 0.139535
3388 0.5
3389 -0.139535
3390 0.116279
3391 0.372093
3392 -3.33333
3393 -1.32143
3394 -0.857143
3395 -0.392857
3396 -1.42857
3397 -1.22093
3398 -0.930233
3399 -0.639535
3400 -0.857143
3401 -0.965116
3402 -0.674419
3403 -0.383721
3404 -0.285714
3405 -0.709302
3406 -0.418605
3407 -0.127907
3408 -1.7
3409 -1.24324
3410 -0.891892
3411 -0.540541
3412 -1.3
3413 -1.18095
3414 -0.942857
3415 -0.704762
3416 -0.9
3417 -0.971429
3418 -0.733333
3419 -0.495238
3420 -0.5
3421 -0.761905
3422 -0.52381
3423 -0.285714
3424 -1
3425 -1
3426 -0.648649
3427 -0.297297
3428 -1
3429 -1
3430 -0.761905
3431 -0.52381
3432 -0.6
3433 -0.790476
3434 -0.552381
3435 -0.314286
3436 -0.2
3437 -0.580952
3438 -0.342857
3439 -0.104762
3440 -0.3
3441 -0.756757
3442 -0.405405
3443 -0.0540541
3444 -0.7
3445 -0.819048
3446 -0.580952
3447 -0.342857
3448 -0.3
3449 -0.609524
3450 -0.371429
3451 -0.133333
3452 0.1
3453 -0.4
3454 -0.161905
3455 0.0761905
3456 -2
3457 -1.07143
3458 -0.607143
3459 -0.142857
3460 -1.14286
3461 -1.03488
3462 -0.744186
3463 -0.453488
3464 -0.571429
3465 -0.77907
3466 -0.488372
3467 -0.197674
3468 -2.54019e-13
3469 -0.523256
3470 -0.232558
3471 0.0581395
3472 -1.3
3473 -1.05405
3474 -0.702703
3475 -0.351351
3476 -1.1
3477 -1.02857
3478 -0.790476
3479 -0.552381
3480 -0.7
3481 -0.819048
3482 -0.580952
3483 -0.342857
3484 -0.3
3485 -0.609524
3486 -0.371429
3487 -0.133333
3488 -0.6
3489 -0.810811
3490 -0.459459
3491 -0.108108
3492 -0.8
3493 -0.847619
3494 -0.609524
3495 -0.371429
3496 -0.4
3497 -0.638095
3498 -0.4
3499 -0.161905
3500 1.43707e-12
3501 -0.428571
3502 -0.190476
3503 0.047619
3504 0.1
3505 -0.567568
3506 -0.216216
3507 0.135135
3508 -0.5
3509 -0.666667
3510 -0.428571
3511 -0.190476
3512 -0.1
3513 -0.457143
3514 -0.219048
3515 0.0190476
3516 0.3
3517 -0.247619
3518 -0.00952381
3519 0.228571
3520 -0.666667
3521 -0.821429
3522 -0.357143
3523 0.107143
3524 -0.857143
3525 -0.848837
3526 -0.55814
3527 -0.267442
3528 -0.285714
3529 -0.593023
3530 -0.302326
3531 -0.0116279
3532 0.285714
3533 -0.337209
3534 -0.0465116
3535 0.244186
3536 -0.9
3537 -0.864865
3538 -0.513514
3539 -0.162162
3540 -0.9
3541 -0.87619
3542 -0.638095
3543 -0.4
3544 -0.5
3545 -0.666667
3546 -0.428571
3547 -0.190476
3548 -0.1
3549 -0.457143
3550 -0.219048
3551 0.0190476
3552 -0.2
3553 -0.621622
3554 -0.27027
3555 0.0810811
3556 -0.6
3557 -0.695238
3558 -0.457143
3559 -0.219048
3560 -0.2
3561 -0.485714
3562 -0.247619
3563 -0.00952381
3564 0.2
3565 -0.27619
3566 -0.0380952
3567 0.2
3568 0.5
3569 -0.378378
3570 -0.027027
3571 0.324324
3572 -0.3
3573 -0.514286
3574 -0.27619
3575 -0.0380952
3576 0.1
3577 -0.304762
3578 -0.0666667
3579 0.171429
3580 0.5
3581 -0.0952381
3582 0.142857
3583 0.380952
3584 0
3585 -0.809524
3586 -0.261905
3587 0.285714
3588 -0.923077
3589 -0.823529
3590 -0.5
3591 -0.176471
3592 -0.230769
3593 -0.529412
3594 -0.205882
3595 0.117647
3596 0.461538
3597 -0.235294
3598 0.0882353
3599 0.411765
3600 -1.14286
3601 -0.864407
3602 -0.474576
3603 -0.0847458
3604 -0.95
3605 -0.860465
3606 -0.604651
3607 -0.348837
3608 -0.5
3609 -0.627907
3610 -0.372093
3611 -0.116279
3612 -0.05
3613 -0.395349
3614 -0.139535
3615 0.116279
3616 -0.214286
3617 -0.576271
3618 -0.186441
3619 0.20339
3620 -0.6
3621 -0.651163
3622 -0.395349
3623 -0.139535
3624 -0.15
3625 -0.418605
3626 -0.162791
3627 0.0930233
3628 0.3
3629 -0.186047
3630 0.0697674
3631 0.325581
3632 0.714286
3633 -0.288136
3634 0.101695
3635 0.491525
3636 -0.25
3637 -0.44186
3638 -0.186047
3639 0.0697674
3640 0.2
3641 -0.209302
3642 0.0465116
3643 0.302326
3644 0.65
3645 0.0232558
3646 0.27907
3647 0.534884
3648 -3
3649 -1.14286
3650 -0.678571
3651 -0.214286
3652 -1.28571
3653 -1.06977
3654 -0.77907
3655 -0.488372
3656 -0.714286
3657 -0.813953
3658 -0.523256
3659 -0.232558
3660 -0.142857
3661 -0.55814
3662 -0.267442
3663 0.0232558
3664 -1.6
3665 -1.10811
3666 -0.756757
3667 -0.405405
3668 -1.2
3669 -1.05714
3670 -0.819048
3671 -0.580952
3672 -0.8
3673 -0.847619
3674 -0.609524
3675 -0.371429
3676 -0.4
3677 -0.638095
3678 -0.4
3679 -0.161905
3680 -0.9
3681 -0.864865
3682 -0.513514
3683 -0.162162
3684 -0.9
3685 -0.87619
3686 -0.638095
3687 -0.4
3688 -0.5
3689 -0.666667
3690 -0.428571
3691 -0.190476
3692 -0.1
3693 -0.457143
3694 -0.219048
3695 0.0190476
3696 -0.2
3697 -0.621622
3698 -0.27027
3699 0.0810811
3700 -0.6
3701 -0.695238
3702 -0.457143
3703 -0.219048
3704 -0.2
3705 -0.485714
3706 -0.247619
3707 -0.00952381
3708 0.2
3709 -0.27619
3710 -0.0380952
3711 0.2
3712 -1.66667
3713 -0.892857
3714 -0.428571
3715 0.0357143
3716 -1
3717 -0.883721
3718 -0.593023
3719 -0.302326
3720 -0.428571
3721 -0.627907
3722 -0.337209
3723 -0.0465116
3724 0.142857
3725 -0.372093
3726 -0.0813954
3727 0.209302
3728 -1.2
3729 -0.918919
3730 -0.567568
3731 -0.216216
3732 -1
3733 -0.904762
3734 -0.666667
3735 -0.428571
3736 -0.6
3737 -0.695238
3738 -0.457143
3739 -0.219048
3740 -0.2
3741 -0.485714
3742 -0.247619
3743 -0.00952381
3744 -0.5
3745 -0.675676
3746 -0.324324
3747 0.027027
3748 -0.7
3749 -0.72381
3750 -0.485714
3751 -0.247619
3752 -0.3
3753 -0.514286
3754 -0.27619
3755 -0.0380952
3756 0.1
3757 -0.304762
3758 -0.0666667
3759 0.171429
3760 0.2
3761 -0.432432
3762 -0.0810811
3763 0.27027
3764 -0.4
3765 -0.542857
3766 -0.304762
3767 -0.0666667
3768 -1.51879e-13
3769 -0.333333
3770 -0.0952381
3771 0.142857
3772 0.4
3773 -0.12381
3774 0.114286
3775 0.352381
3776 -0.333333
3777 -0.642857
3778 -0.178571
3779 0.285714
3780 -0.714286
3781 -0.697674
3782 -0.406977
3783 -0.116279
3784 -0.142857
3785 -0.44186
3786 -0.151163
3787 0.139535
3788 0.428571
3789 -0.186047
3790 0.104651
3791 0.395349
3792 -0.8
3793 -0.72973
3794 -0.378378
3795 -0.027027
3796 -0.8
3797 -0.752381
3798 -0.514286
3799 -0.27619
3800 -0.4
3801 -0.542857
3802 -0.304762
3803 -0.0666667
3804 1.22302e-12
3805 -0.333333
3806 -0.0952381
3807 0.142857
3808 -0.1
3809 -0.486486
3810 -0.135135
3811 0.216216
3812 -0.5
3813 -0.571429
3814 -0.333333
3815 -0.0952381
3816 -0.1
3817 -0.361905
3818 -0.12381
3819 0.114286
3820 0.3
3821 -0.152381
3822 0.0857143
3823 0.32381
3824 0.6
3825 -0.243243
3826 0.108108
3827 0.459459
3828 -0.2
3829 -0.390476
3830 -0.152381
3831 0.0857143
3832 0.2
3833 -0.180952
3834 0.0571429
3835 0.295238
3836 0.6
3837 0.0285714
3838 0.266667
3839 0.504762
3840 0
3841 -0.547619
3842 5.95968e-13
3843 0.547619
3844 -0.692308
3845 -0.617647
3846 -0.294118
3847 0.0294118
3848 -2.1636e-12
3849 -0.323529
3850 3.1708e-13
3851 0.323529
3852 0.692308
3853 -0.0294118
3854 0.294118
3855 0.617647
3856 -0.928571
3857 -0.677966
3858 -0.288136
3859 0.101695
3860 -0.8
3861 -0.697674
3862 -0.44186
3863 -0.186047
3864 -0.35
3865 -0.465116
3866 -0.209302
3867 0.0465116
3868 0.1
3869 -0.232558
3870 0.0232558
3871 0.27907
3872 -3.55271e-15
3873 -0.38983
3874 1.58984e-13
3875 0.38983
3876 -0.45
3877 -0.488372
3878 -0.232558
3879 0.0232558
3880 -5.41789e-14
3881 -0.255814
3882 -3.37508e-14
3883 0.255814
3884 0.45
3885 -0.0232558
3886 0.232558
3887 0.488372
3888 0.928571
3889 -0.101695
3890 0.288136
3891 0.677966
3892 -0.1
3893 -0.27907
3894 -0.0232558
3895 0.232558
3896 0.35
3897 -0.0465116
3898 0.209302
3899 0.465116
3900 0.8
3901 0.186047
3902 0.44186
3903 0.697674
3904 -2.66667
3905 -0.964286
3906 -0.5
3907 -0.0357143
3908 -1.14286
3909 -0.918605
3910 -0.627907
3911 -0.337209
3912 -0.571429
3913 -0.662791
3914 -0.372093
3915 -0.0813954
3916 1.11555e-12
3917 -0.406977
3918 -0.116279
3919 0.174419
3920 -1.5
3921 -0.972973
3922 -0.621622
3923 -0.27027
3924 -1.1
3925 -0.933333
3926 -0.695238
3927 -0.457143
3928 -0.7
3929 -0.72381
3930 -0.485714
3931 -0.247619
3932 -0.3
3933 -0.514286
3934 -0.27619
3935 -0.0380952
3936 -0.8
3937 -0.72973
3938 -0.378378
3939 -0.027027
3940 -0.8
3941 -0.752381
3942 -0.514286
3943 -0.27619
3944 -0.4
3945 -0.542857
3946 -0.304762
3947 -0.0666667
3948 1.09068e-12
3949 -0.333333
3950 -0.0952381
3951 0.142857
3952 -0.1
3953 -0.486486
3954 -0.135135
3955 0.216216
3956 -0.5
3957 -0.571429
3958 -0.333333
3959 -0.0952381
3960 -0.1
3961 -0.361905
3962 -0.12381
3963 0.114286
3964 0.3
3965 -0.152381
3966 0.0857143
3967 0.32381
3968 -1.33333
3969 -0.714286
3970 -0.25
3971 0.214286
3972 -0.857143
3973 -0.732558
3974 -0.44186
3975 -0.151163
3976 -0.285714
3977 -0.476744
3978 -0.186047
3979 0.104651
3980 0.285714
3981 -0.22093
3982 0.0697674
3983 0.360465
3984 -1.1
3985 -0.783784
3986 -0.432432
3987 -0.0810811
3988 -0.9
3989 -0.780952
3990 -0.542857
3991 -0.304762
3992 -0.5
3993 -0.571429
3994 -0.333333
3995 -0.0952381
3996 -0.1
3997 -0.361905
3998 -0.12381
3999 0.114286
4000 -0.4
4001 -0.540541
4002 -0.189189
4003 0.162162
4004 -0.6
4005 -0.6
4006 -0.361905
4007 -0.12381
4008 -0.2
4009 -0.390476
4010 -0.152381
4011 0.0857143
4012 0.2
4013 -0.180952
4014 0.0571429
4015 0.295238
4016 0.3
4017 -0.297297
4018 0.0540541
4019 0.405405
4020 -0.3
4021 -0.419048
4022 -0.180952
4023 0.0571429
4024 0.1
4025 -0.209524
4026 0.0285714
4027 0.266667
4028 0.5
4029 2.80664e-13
4030 0.238095
4031 0.47619
4032 -1.07558e-12
4033 -0.464286
4034 -4.70735e-14
4035 0.464286
4036 -0.571429
4037 -0.546512
4038 -0.255814
4039 0.0348837
4040 2.80664e-13
4041 -0.290698
4042 -2.80664e-13
4043 0.290698
4044 0.571429
4045 -0.0348837
4046 0.255814
4047 0.546512
4048 -0.7
4049 -0.594595
4050 -0.243243
4051 0.108108
4052 -0.7
4053 -0.628571
4054 -0.390476
4055 -0.152381
4056 -0.3
4057 -0.419048
4058 -0.180952
4059 0.0571429
4060 0.1
4061 -0.209524
4062 0.0285714
4063 0.266667
4064 -4.17444e-14
4065 -0.351351
4066 -6.8745e-13
4067 0.351351
4068 -0.4
4069 -0.447619
4070 -0.209524
4071 0.0285714
4072 4.06786e-13
4073 -0.238095
4074 2.86882e-13
4075 0.238095
4076 0.4
4077 -0.0285714
4078 0.209524
4079 0.447619
4080 0.7
4081 -0.108108
4082 0.243243
4083 0.594595
4084 -0.1
4085 -0.266667
4086 -0.0285714
4087 0.209524
4088 0.3
4089 -0.0571429
4090 0.180952
4091 0.419048
4092 0.7
4093 0.152381
4094 0.390476
4095 0.628571
