#CSC Position Offset LUT
#Structure is comparator code (iCC) -> Stub position offset
#iCC bits: 12
#<header> v1.0 12 32 </header>
0 0
1 0
2 0
3 0
4 0
5 0
6 0
7 0
8 0
9 0
10 0
11 0
12 0
13 0
14 0
15 0
16 0
17 0
18 0
19 0
20 0
21 -2.16667
22 -2.33333
23 -2.5
24 0
25 -1.83333
26 -2
27 -2.16667
28 0
29 -1.5
30 -1.66667
31 -1.83333
32 0
33 0
34 0
35 0
36 0
37 -1.33333
38 -1.5
39 -1.66667
40 0
41 -1
42 -1.16667
43 -1.33333
44 0
45 -0.666667
46 -0.833333
47 -1
48 0
49 0
50 0
51 0
52 0
53 -0.5
54 -0.666667
55 -0.833333
56 0
57 -0.166667
58 -0.333333
59 -0.5
60 0
61 0.166667
62 -1.5925e-12
63 -0.166667
64 0
65 0
66 0
67 0
68 0
69 -1.85714
70 -1.71429
71 -1.57143
72 0
73 -1.57143
74 -1.42857
75 -1.28571
76 0
77 -1.28571
78 -1.14286
79 -1
80 0
81 -1.78571
82 -1.57143
83 -1.35711
84 -2
85 -1.9
86 -1.8
87 -1.7
88 -1.66667
89 -1.7
90 -1.6
91 -1.5
92 -1.33333
93 -1.5
94 -1.4
95 -1.3
96 0
97 -1.42857
98 -1.21429
99 -0.999971
100 -1.66667
101 -1.6
102 -1.5
103 -1.4
104 -1.33333
105 -1.4
106 -1.3
107 -1.2
108 -1
109 -1.2
110 -1.1
111 -1
112 0
113 -1.07143
114 -0.857143
115 -0.642831
116 -1.33333
117 -1.3
118 -1.2
119 -1.1
120 -1
121 -1.1
122 -1
123 -0.9
124 -0.666667
125 -0.9
126 -0.8
127 -0.7
128 0
129 0
130 0
131 0
132 0
133 -1.28571
134 -1.14286
135 -1
136 0
137 -1
138 -0.857143
139 -0.714286
140 0
141 -0.714286
142 -0.571429
143 -0.428571
144 0
145 -1.35714
146 -1.14286
147 -0.928571
148 -1.66667
149 -1.5
150 -1.4
151 -1.3
152 -1.33333
153 -1.3
154 -1.2
155 -1.1
156 -1
157 -1.1
158 -1
159 -0.9
160 0
161 -1
162 -0.785714
163 -0.571429
164 -1.33333
165 -1.2
166 -1.1
167 -1
168 -1
169 -1
170 -0.9
171 -0.8
172 -0.666667
173 -0.8
174 -0.7
175 -0.6
176 0
177 -0.642857
178 -0.428571
179 -0.214286
180 -1
181 -0.9
182 -0.8
183 -0.7
184 -0.666667
185 -0.7
186 -0.6
187 -0.5
188 -0.333333
189 -0.5
190 -0.4
191 -0.3
192 0
193 0
194 0
195 0
196 0
197 -0.714286
198 -0.571429
199 -0.428571
200 0
201 -0.428571
202 -0.285714
203 -0.142857
204 0
205 -0.142857
206 7.54063e-13
207 0.142857
208 0
209 -0.928571
210 -0.714286
211 -0.5
212 -1.33333
213 -1.1
214 -1
215 -0.9
216 -1
217 -0.9
218 -0.8
219 -0.7
220 -0.666667
221 -0.7
222 -0.6
223 -0.5
224 0
225 -0.571429
226 -0.357143
227 -0.142857
228 -1
229 -0.8
230 -0.7
231 -0.6
232 -0.666667
233 -0.6
234 -0.5
235 -0.4
236 -0.333333
237 -0.4
238 -0.3
239 -0.2
240 0
241 -0.214286
242 -1.40332e-13
243 0.214286
244 -0.666667
245 -0.5
246 -0.4
247 -0.3
248 -0.333333
249 -0.3
250 -0.2
251 -0.1
252 -2.0365e-09
253 -0.1
254 -3.53495e-13
255 0.1
256 0
257 0
258 0
259 0
260 0
261 -1.73077
262 -1.46154
263 -1.19231
264 0
265 -1.42308
266 -1.15385
267 -0.884615
268 0
269 -1.11538
270 -0.846154
271 -0.576923
272 0
273 -1.66667
274 -1.33333
275 -1
276 -2
277 -1.8
278 -1.6
279 -1.4
280 -1.57143
281 -1.57143
282 -1.37143
283 -1.17143
284 -1.14286
285 -1.34286
286 -1.14286
287 -0.942857
288 0
289 -1.33333
290 -1
291 -0.666667
292 -1.64286
293 -1.54286
294 -1.34286
295 -1.14286
296 -1.21429
297 -1.31429
298 -1.11429
299 -0.914286
300 -0.785714
301 -1.08571
302 -0.885714
303 -0.685714
304 0
305 -1
306 -0.666667
307 -0.333333
308 -1.28571
309 -1.28571
310 -1.08571
311 -0.885714
312 -0.857143
313 -1.05714
314 -0.857143
315 -0.657143
316 -0.428571
317 -0.828571
318 -0.628571
319 -0.428571
320 0
321 -1.57692
322 -1.15385
323 -0.730769
324 -2
325 -1.75
326 -1.5
327 -1.25
328 -1.42857
329 -1.5
330 -1.25
331 -1
332 -0.857143
333 -1.25
334 -1
335 -0.75
336 -2
337 -1.68571
338 -1.37143
339 -1.05714
340 -2
341 -1.8
342 -1.6
343 -1.4
344 -1.6
345 -1.6
346 -1.4
347 -1.2
348 -1.2
349 -1.4
350 -1.2
351 -1
352 -1.16667
353 -1.42857
354 -1.11429
355 -0.8
356 -1.7
357 -1.6
358 -1.4
359 -1.2
360 -1.3
361 -1.4
362 -1.2
363 -1
364 -0.9
365 -1.2
366 -1
367 -0.8
368 -0.333333
369 -1.17143
370 -0.857143
371 -0.542857
372 -1.4
373 -1.4
374 -1.2
375 -1
376 -1
377 -1.2
378 -1
379 -0.8
380 -0.6
381 -1
382 -0.8
383 -0.6
384 0
385 -1.26923
386 -0.846154
387 -0.423077
388 -1.71429
389 -1.5
390 -1.25
391 -1
392 -1.14286
393 -1.25
394 -1
395 -0.75
396 -0.571429
397 -1
398 -0.75
399 -0.5
400 -1.66667
401 -1.45714
402 -1.14286
403 -0.828571
404 -1.8
405 -1.6
406 -1.4
407 -1.2
408 -1.4
409 -1.4
410 -1.2
411 -1
412 -1
413 -1.2
414 -1
415 -0.8
416 -0.833333
417 -1.2
418 -0.885714
419 -0.571429
420 -1.5
421 -1.4
422 -1.2
423 -1
424 -1.1
425 -1.2
426 -1
427 -0.8
428 -0.7
429 -1
430 -0.8
431 -0.6
432 -2.42117e-12
433 -0.942857
434 -0.628571
435 -0.314286
436 -1.2
437 -1.2
438 -1
439 -0.8
440 -0.8
441 -1
442 -0.8
443 -0.6
444 -0.4
445 -0.8
446 -0.6
447 -0.4
448 0
449 -0.961538
450 -0.538462
451 -0.115385
452 -1.42857
453 -1.25
454 -1
455 -0.75
456 -0.857143
457 -1
458 -0.75
459 -0.5
460 -0.285714
461 -0.75
462 -0.5
463 -0.25
464 -1.33333
465 -1.22857
466 -0.914286
467 -0.6
468 -1.6
469 -1.4
470 -1.2
471 -1
472 -1.2
473 -1.2
474 -1
475 -0.8
476 -0.8
477 -1
478 -0.8
479 -0.6
480 -0.5
481 -0.971429
482 -0.657143
483 -0.342857
484 -1.3
485 -1.2
486 -1
487 -0.8
488 -0.9
489 -1
490 -0.8
491 -0.6
492 -0.5
493 -0.8
494 -0.6
495 -0.4
496 0.333333
497 -0.714286
498 -0.4
499 -0.0857143
500 -1
501 -1
502 -0.8
503 -0.6
504 -0.6
505 -0.8
506 -0.6
507 -0.4
508 -0.2
509 -0.6
510 -0.4
511 -0.2
512 0
513 0
514 0
515 0
516 0
517 -1.30769
518 -1.03846
519 -0.769231
520 0
521 -1
522 -0.730769
523 -0.461538
524 0
525 -0.692308
526 -0.423077
527 -0.153846
528 0
529 -1.33333
530 -1
531 -0.666667
532 -1.78571
533 -1.48571
534 -1.28571
535 -1.08571
536 -1.35714
537 -1.25714
538 -1.05714
539 -0.857143
540 -0.928571
541 -1.02857
542 -0.828571
543 -0.628571
544 0
545 -1
546 -0.666667
547 -0.333333
548 -1.42857
549 -1.22857
550 -1.02857
551 -0.828571
552 -1
553 -1
554 -0.8
555 -0.6
556 -0.571429
557 -0.771429
558 -0.571429
559 -0.371429
560 0
561 -0.666667
562 -0.333333
563 2.44352e-10
564 -1.07143
565 -0.971429
566 -0.771429
567 -0.571429
568 -0.642857
569 -0.742857
570 -0.542857
571 -0.342857
572 -0.214286
573 -0.514286
574 -0.314286
575 -0.114286
576 0
577 -1.30769
578 -0.884615
579 -0.461538
580 -1.85714
581 -1.5
582 -1.25
583 -1
584 -1.28571
585 -1.25
586 -1
587 -0.75
588 -0.714286
589 -1
590 -0.75
591 -0.5
592 -2.16667
593 -1.48571
594 -1.17143
595 -0.857143
596 -1.9
597 -1.6
598 -1.4
599 -1.2
600 -1.5
601 -1.4
602 -1.2
603 -1
604 -1.1
605 -1.2
606 -1
607 -0.8
608 -1.33333
609 -1.22857
610 -0.914286
611 -0.6
612 -1.6
613 -1.4
614 -1.2
615 -1
616 -1.2
617 -1.2
618 -1
619 -0.8
620 -0.8
621 -1
622 -0.8
623 -0.6
624 -0.5
625 -0.971429
626 -0.657143
627 -0.342857
628 -1.3
629 -1.2
630 -1
631 -0.8
632 -0.9
633 -1
634 -0.8
635 -0.6
636 -0.5
637 -0.8
638 -0.6
639 -0.4
640 0
641 -1
642 -0.576923
643 -0.153846
644 -1.57143
645 -1.25
646 -1
647 -0.75
648 -1
649 -1
650 -0.75
651 -0.5
652 -0.428571
653 -0.75
654 -0.5
655 -0.25
656 -1.83333
657 -1.25714
658 -0.942857
659 -0.628571
660 -1.7
661 -1.4
662 -1.2
663 -1
664 -1.3
665 -1.2
666 -1
667 -0.8
668 -0.9
669 -1
670 -0.8
671 -0.6
672 -1
673 -1
674 -0.685714
675 -0.371429
676 -1.4
677 -1.2
678 -1
679 -0.8
680 -1
681 -1
682 -0.8
683 -0.6
684 -0.6
685 -0.8
686 -0.6
687 -0.4
688 -0.166667
689 -0.742857
690 -0.428571
691 -0.114286
692 -1.1
693 -1
694 -0.8
695 -0.6
696 -0.7
697 -0.8
698 -0.6
699 -0.4
700 -0.3
701 -0.6
702 -0.4
703 -0.2
704 0
705 -0.692308
706 -0.269231
707 0.153846
708 -1.28571
709 -1
710 -0.75
711 -0.5
712 -0.714286
713 -0.75
714 -0.5
715 -0.25
716 -0.142857
717 -0.5
718 -0.25
719 2.01114e-09
720 -1.5
721 -1.02857
722 -0.714286
723 -0.4
724 -1.5
725 -1.2
726 -1
727 -0.8
728 -1.1
729 -1
730 -0.8
731 -0.6
732 -0.7
733 -0.8
734 -0.6
735 -0.4
736 -0.666667
737 -0.771429
738 -0.457143
739 -0.142857
740 -1.2
741 -1
742 -0.8
743 -0.6
744 -0.8
745 -0.8
746 -0.6
747 -0.4
748 -0.4
749 -0.6
750 -0.4
751 -0.2
752 0.166667
753 -0.514286
754 -0.2
755 0.114286
756 -0.9
757 -0.8
758 -0.6
759 -0.4
760 -0.5
761 -0.6
762 -0.4
763 -0.2
764 -0.1
765 -0.4
766 -0.2
767 2.28704e-10
768 0
769 0
770 0
771 0
772 0
773 -0.884615
774 -0.615385
775 -0.346154
776 0
777 -0.576923
778 -0.307692
779 -0.0384615
780 0
781 -0.269231
782 4.33431e-13
783 0.269231
784 0
785 -1
786 -0.666667
787 -0.333333
788 -1.57143
789 -1.17143
790 -0.971429
791 -0.771429
792 -1.14286
793 -0.942857
794 -0.742857
795 -0.542857
796 -0.714286
797 -0.714286
798 -0.514286
799 -0.314286
800 0
801 -0.666667
802 -0.333333
803 5.19037e-09
804 -1.21429
805 -0.914286
806 -0.714286
807 -0.514286
808 -0.785714
809 -0.685714
810 -0.485714
811 -0.285714
812 -0.357143
813 -0.457143
814 -0.257143
815 -0.0571429
816 0
817 -0.333333
818 4.34823e-09
819 0.333333
820 -0.857143
821 -0.657143
822 -0.457143
823 -0.257143
824 -0.428571
825 -0.428571
826 -0.228571
827 -0.0285714
828 -9.54792e-13
829 -0.2
830 -6.39488e-14
831 0.2
832 0
833 -1.03846
834 -0.615385
835 -0.192308
836 -1.71429
837 -1.25
838 -1
839 -0.75
840 -1.14286
841 -1
842 -0.75
843 -0.5
844 -0.571429
845 -0.75
846 -0.5
847 -0.25
848 -2.33333
849 -1.28571
850 -0.971429
851 -0.657143
852 -1.8
853 -1.4
854 -1.2
855 -1
856 -1.4
857 -1.2
858 -1
859 -0.8
860 -1
861 -1
862 -0.8
863 -0.6
864 -1.5
865 -1.02857
866 -0.714286
867 -0.4
868 -1.5
869 -1.2
870 -1
871 -0.8
872 -1.1
873 -1
874 -0.8
875 -0.6
876 -0.7
877 -0.8
878 -0.6
879 -0.4
880 -0.666667
881 -0.771429
882 -0.457143
883 -0.142857
884 -1.2
885 -1
886 -0.8
887 -0.6
888 -0.8
889 -0.8
890 -0.6
891 -0.4
892 -0.4
893 -0.6
894 -0.4
895 -0.2
896 0
897 -0.730769
898 -0.307692
899 0.115385
900 -1.42857
901 -1
902 -0.75
903 -0.5
904 -0.857143
905 -0.75
906 -0.5
907 -0.25
908 -0.285714
909 -0.5
910 -0.25
911 4.24567e-09
912 -2
913 -1.05714
914 -0.742857
915 -0.428571
916 -1.6
917 -1.2
918 -1
919 -0.8
920 -1.2
921 -1
922 -0.8
923 -0.6
924 -0.8
925 -0.8
926 -0.6
927 -0.4
928 -1.16667
929 -0.8
930 -0.485714
931 -0.171429
932 -1.3
933 -1
934 -0.8
935 -0.6
936 -0.9
937 -0.8
938 -0.6
939 -0.4
940 -0.5
941 -0.6
942 -0.4
943 -0.2
944 -0.333333
945 -0.542857
946 -0.228571
947 0.0857143
948 -1
949 -0.8
950 -0.6
951 -0.4
952 -0.6
953 -0.6
954 -0.4
955 -0.2
956 -0.2
957 -0.4
958 -0.2
959 1.67932e-09
960 0
961 -0.423077
962 -5.25802e-13
963 0.423077
964 -1.14286
965 -0.75
966 -0.5
967 -0.25
968 -0.571429
969 -0.5
970 -0.25
971 1.18484e-10
972 2.17604e-13
973 -0.25
974 1.61573e-09
975 0.25
976 -1.66667
977 -0.828571
978 -0.514286
979 -0.2
980 -1.4
981 -1
982 -0.8
983 -0.6
984 -1
985 -0.8
986 -0.6
987 -0.4
988 -0.6
989 -0.6
990 -0.4
991 -0.2
992 -0.833333
993 -0.571429
994 -0.257143
995 0.0571429
996 -1.1
997 -0.8
998 -0.6
999 -0.4
1000 -0.7
1001 -0.6
1002 -0.4
1003 -0.2
1004 -0.3
1005 -0.4
1006 -0.2
1007 1.20563e-09
1008 2.63434e-12
1009 -0.314286
1010 -2.75335e-13
1011 0.314286
1012 -0.8
1013 -0.6
1014 -0.4
1015 -0.2
1016 -0.4
1017 -0.4
1018 -0.2
1019 1.6567e-09
1020 -1.62537e-13
1021 -0.2
1022 -1.2902e-09
1023 0.2
1024 0
1025 0
1026 0
1027 0
1028 0
1029 -2
1030 -1.66667
1031 -1.33333
1032 0
1033 -1.66667
1034 -1.33333
1035 -1
1036 0
1037 -1.33333
1038 -1
1039 -0.666667
1040 0
1041 -1.86842
1042 -1.47368
1043 -1.07895
1044 -2.15385
1045 -2
1046 -1.75
1047 -1.5
1048 -1.69231
1049 -1.75
1050 -1.5
1051 -1.25
1052 -1.23077
1053 -1.5
1054 -1.25
1055 -1
1056 0
1057 -1.52632
1058 -1.13158
1059 -0.736842
1060 -1.76923
1061 -1.75
1062 -1.5
1063 -1.25
1064 -1.30769
1065 -1.5
1066 -1.25
1067 -1
1068 -0.846154
1069 -1.25
1070 -1
1071 -0.75
1072 0
1073 -1.18421
1074 -0.789474
1075 -0.394737
1076 -1.38462
1077 -1.5
1078 -1.25
1079 -1
1080 -0.923077
1081 -1.25
1082 -1
1083 -0.75
1084 -0.461538
1085 -1
1086 -0.75
1087 -0.5
1088 0
1089 -1.73684
1090 -1.26316
1091 -0.789474
1092 -2.08333
1093 -1.91525
1094 -1.62712
1095 -1.33898
1096 -1.5
1097 -1.64407
1098 -1.35593
1099 -1.0678
1100 -0.916667
1101 -1.37288
1102 -1.08475
1103 -0.79661
1104 -1.85714
1105 -1.80769
1106 -1.46154
1107 -1.11538
1108 -2.05714
1109 -1.93243
1110 -1.7027
1111 -1.47297
1112 -1.65714
1113 -1.71622
1114 -1.48649
1115 -1.25676
1116 -1.25714
1117 -1.5
1118 -1.27027
1119 -1.04054
1120 -1.14286
1121 -1.53846
1122 -1.19231
1123 -0.846154
1124 -1.74286
1125 -1.72973
1126 -1.5
1127 -1.27027
1128 -1.34286
1129 -1.51351
1130 -1.28378
1131 -1.05405
1132 -0.942857
1133 -1.2973
1134 -1.06757
1135 -0.837838
1136 -0.428571
1137 -1.26923
1138 -0.923077
1139 -0.576923
1140 -1.42857
1141 -1.52703
1142 -1.2973
1143 -1.06757
1144 -1.02857
1145 -1.31081
1146 -1.08108
1147 -0.851351
1148 -0.628571
1149 -1.09459
1150 -0.864865
1151 -0.635135
1152 0
1153 -1.42105
1154 -0.947368
1155 -0.473684
1156 -1.75
1157 -1.67797
1158 -1.38983
1159 -1.10169
1160 -1.16667
1161 -1.40678
1162 -1.11864
1163 -0.830508
1164 -0.583333
1165 -1.13559
1166 -0.847458
1167 -0.559322
1168 -1.42857
1169 -1.57692
1170 -1.23077
1171 -0.884615
1172 -1.82857
1173 -1.74324
1174 -1.51351
1175 -1.28378
1176 -1.42857
1177 -1.52703
1178 -1.2973
1179 -1.06757
1180 -1.02857
1181 -1.31081
1182 -1.08108
1183 -0.851351
1184 -0.714286
1185 -1.30769
1186 -0.961538
1187 -0.615385
1188 -1.51429
1189 -1.54054
1190 -1.31081
1191 -1.08108
1192 -1.11429
1193 -1.32432
1194 -1.09459
1195 -0.864865
1196 -0.714286
1197 -1.10811
1198 -0.878378
1199 -0.648649
1200 -5.99343e-12
1201 -1.03846
1202 -0.692308
1203 -0.346154
1204 -1.2
1205 -1.33784
1206 -1.10811
1207 -0.878378
1208 -0.8
1209 -1.12162
1210 -0.891892
1211 -0.662162
1212 -0.4
1213 -0.905405
1214 -0.675676
1215 -0.445946
1216 0
1217 -1.10526
1218 -0.631579
1219 -0.157895
1220 -1.41667
1221 -1.44068
1222 -1.15254
1223 -0.864407
1224 -0.833333
1225 -1.16949
1226 -0.881356
1227 -0.59322
1228 -0.25
1229 -0.898305
1230 -0.610169
1231 -0.322034
1232 -1
1233 -1.34615
1234 -1
1235 -0.653846
1236 -1.6
1237 -1.55405
1238 -1.32432
1239 -1.09459
1240 -1.2
1241 -1.33784
1242 -1.10811
1243 -0.878378
1244 -0.8
1245 -1.12162
1246 -0.891892
1247 -0.662162
1248 -0.285714
1249 -1.07692
1250 -0.730769
1251 -0.384615
1252 -1.28571
1253 -1.35135
1254 -1.12162
1255 -0.891892
1256 -0.885714
1257 -1.13514
1258 -0.905405
1259 -0.675676
1260 -0.485714
1261 -0.918919
1262 -0.689189
1263 -0.459459
1264 0.428571
1265 -0.807692
1266 -0.461538
1267 -0.115385
1268 -0.971429
1269 -1.14865
1270 -0.918919
1271 -0.689189
1272 -0.571429
1273 -0.932432
1274 -0.702703
1275 -0.472973
1276 -0.171429
1277 -0.716216
1278 -0.486486
1279 -0.256757
1280 0
1281 -1.64286
1282 -1.09524
1283 -0.547619
1284 -2.07692
1285 -1.85294
1286 -1.52941
1287 -1.20588
1288 -1.38462
1289 -1.55882
1290 -1.23529
1291 -0.911765
1292 -0.692308
1293 -1.26471
1294 -0.941176
1295 -0.617647
1296 -1.85714
1297 -1.74576
1298 -1.35593
1299 -0.966102
1300 -2.05
1301 -1.88372
1302 -1.62791
1303 -1.37209
1304 -1.6
1305 -1.65116
1306 -1.39535
1307 -1.13953
1308 -1.15
1309 -1.4186
1310 -1.16279
1311 -0.906977
1312 -0.928571
1313 -1.45763
1314 -1.0678
1315 -0.677966
1316 -1.7
1317 -1.67442
1318 -1.4186
1319 -1.16279
1320 -1.25
1321 -1.44186
1322 -1.18605
1323 -0.930233
1324 -0.8
1325 -1.2093
1326 -0.953488
1327 -0.697674
1328 -3.55271e-15
1329 -1.16949
1330 -0.779661
1331 -0.38983
1332 -1.35
1333 -1.46512
1334 -1.2093
1335 -0.953488
1336 -0.9
1337 -1.23256
1338 -0.976744
1339 -0.72093
1340 -0.45
1341 -1
1342 -0.744186
1343 -0.488372
1344 -1.33333
1345 -1.64286
1346 -1.17857
1347 -0.714286
1348 -2
1349 -1.82558
1350 -1.53488
1351 -1.24419
1352 -1.42857
1353 -1.56977
1354 -1.27907
1355 -0.988372
1356 -0.857143
1357 -1.31395
1358 -1.02326
1359 -0.732558
1360 -1.80008
1361 -1.72973
1362 -1.37838
1363 -1.02703
1364 -2
1365 -1.85714
1366 -1.61905
1367 -1.38095
1368 -1.6
1369 -1.64762
1370 -1.40952
1371 -1.17143
1372 -1.2
1373 -1.4381
1374 -1.2
1375 -0.961905
1376 -1.1
1377 -1.48649
1378 -1.13514
1379 -0.783784
1380 -1.7
1381 -1.67619
1382 -1.4381
1383 -1.2
1384 -1.3
1385 -1.46667
1386 -1.22857
1387 -0.990476
1388 -0.9
1389 -1.25714
1390 -1.01905
1391 -0.780952
1392 -0.4
1393 -1.24324
1394 -0.891892
1395 -0.540541
1396 -1.4
1397 -1.49524
1398 -1.25714
1399 -1.01905
1400 -1
1401 -1.28571
1402 -1.04762
1403 -0.809524
1404 -0.6
1405 -1.07619
1406 -0.838095
1407 -0.6
1408 -1.07558e-12
1409 -1.39286
1410 -0.928571
1411 -0.464286
1412 -1.71429
1413 -1.63953
1414 -1.34884
1415 -1.05814
1416 -1.14286
1417 -1.38372
1418 -1.09302
1419 -0.802326
1420 -0.571429
1421 -1.12791
1422 -0.837209
1423 -0.546512
1424 -1.4
1425 -1.54054
1426 -1.18919
1427 -0.837838
1428 -1.8
1429 -1.70476
1430 -1.46667
1431 -1.22857
1432 -1.4
1433 -1.49524
1434 -1.25714
1435 -1.01905
1436 -1
1437 -1.28571
1438 -1.04762
1439 -0.809524
1440 -0.7
1441 -1.2973
1442 -0.945946
1443 -0.594595
1444 -1.5
1445 -1.52381
1446 -1.28571
1447 -1.04762
1448 -1.1
1449 -1.31429
1450 -1.07619
1451 -0.838095
1452 -0.7
1453 -1.10476
1454 -0.866667
1455 -0.628571
1456 -4.17444e-14
1457 -1.05405
1458 -0.702703
1459 -0.351351
1460 -1.2
1461 -1.34286
1462 -1.10476
1463 -0.866667
1464 -0.8
1465 -1.13333
1466 -0.895238
1467 -0.657143
1468 -0.4
1469 -0.92381
1470 -0.685714
1471 -0.447619
1472 1.33333
1473 -1.14286
1474 -0.678571
1475 -0.214286
1476 -1.42857
1477 -1.45349
1478 -1.16279
1479 -0.872093
1480 -0.857143
1481 -1.19767
1482 -0.906977
1483 -0.616279
1484 -0.285714
1485 -0.94186
1486 -0.651163
1487 -0.360465
1488 -1
1489 -1.35135
1490 -1
1491 -0.648649
1492 -1.6
1493 -1.55238
1494 -1.31429
1495 -1.07619
1496 -1.2
1497 -1.34286
1498 -1.10476
1499 -0.866667
1500 -0.8
1501 -1.13333
1502 -0.895238
1503 -0.657143
1504 -0.3
1505 -1.10811
1506 -0.756757
1507 -0.405405
1508 -1.3
1509 -1.37143
1510 -1.13333
1511 -0.895238
1512 -0.9
1513 -1.1619
1514 -0.92381
1515 -0.685714
1516 -0.5
1517 -0.952381
1518 -0.714286
1519 -0.47619
1520 0.4
1521 -0.864865
1522 -0.513514
1523 -0.162162
1524 -1
1525 -1.19048
1526 -0.952381
1527 -0.714286
1528 -0.6
1529 -0.980952
1530 -0.742857
1531 -0.504762
1532 -0.2
1533 -0.771429
1534 -0.533333
1535 -0.295238
1536 0
1537 -1.38095
1538 -0.833333
1539 -0.285714
1540 -1.84615
1541 -1.64706
1542 -1.32353
1543 -1
1544 -1.15385
1545 -1.35294
1546 -1.02941
1547 -0.705882
1548 -0.461538
1549 -1.05882
1550 -0.735294
1551 -0.411765
1552 -1.64286
1553 -1.55932
1554 -1.16949
1555 -0.779661
1556 -1.9
1557 -1.72093
1558 -1.46512
1559 -1.2093
1560 -1.45
1561 -1.48837
1562 -1.23256
1563 -0.976744
1564 -1
1565 -1.25581
1566 -1
1567 -0.744186
1568 -0.714286
1569 -1.27119
1570 -0.881356
1571 -0.491525
1572 -1.55
1573 -1.51163
1574 -1.25581
1575 -1
1576 -1.1
1577 -1.27907
1578 -1.02326
1579 -0.767442
1580 -0.65
1581 -1.04651
1582 -0.790698
1583 -0.534884
1584 0.214286
1585 -0.983051
1586 -0.59322
1587 -0.20339
1588 -1.2
1589 -1.30233
1590 -1.04651
1591 -0.790698
1592 -0.75
1593 -1.06977
1594 -0.813953
1595 -0.55814
1596 -0.3
1597 -0.837209
1598 -0.581395
1599 -0.325581
1600 -1
1601 -1.46429
1602 -1
1603 -0.535714
1604 -1.85714
1605 -1.67442
1606 -1.38372
1607 -1.09302
1608 -1.28571
1609 -1.4186
1610 -1.12791
1611 -0.837209
1612 -0.714286
1613 -1.16279
1614 -0.872093
1615 -0.581395
1616 -1.69973
1617 -1.59459
1618 -1.24324
1619 -0.891892
1620 -1.9
1621 -1.73333
1622 -1.49524
1623 -1.25714
1624 -1.5
1625 -1.52381
1626 -1.28571
1627 -1.04762
1628 -1.1
1629 -1.31429
1630 -1.07619
1631 -0.838095
1632 -1
1633 -1.35135
1634 -1
1635 -0.648649
1636 -1.6
1637 -1.55238
1638 -1.31429
1639 -1.07619
1640 -1.2
1641 -1.34286
1642 -1.10476
1643 -0.866667
1644 -0.8
1645 -1.13333
1646 -0.895238
1647 -0.657143
1648 -0.3
1649 -1.10811
1650 -0.756757
1651 -0.405405
1652 -1.3
1653 -1.37143
1654 -1.13333
1655 -0.895238
1656 -0.9
1657 -1.1619
1658 -0.92381
1659 -0.685714
1660 -0.5
1661 -0.952381
1662 -0.714286
1663 -0.47619
1664 0.333333
1665 -1.21429
1666 -0.75
1667 -0.285714
1668 -1.57143
1669 -1.48837
1670 -1.19767
1671 -0.906977
1672 -1
1673 -1.23256
1674 -0.94186
1675 -0.651163
1676 -0.428571
1677 -0.976744
1678 -0.686047
1679 -0.395349
1680 -1.3
1681 -1.40541
1682 -1.05405
1683 -0.702703
1684 -1.7
1685 -1.58095
1686 -1.34286
1687 -1.10476
1688 -1.3
1689 -1.37143
1690 -1.13333
1691 -0.895238
1692 -0.9
1693 -1.1619
1694 -0.92381
1695 -0.685714
1696 -0.6
1697 -1.16216
1698 -0.810811
1699 -0.459459
1700 -1.4
1701 -1.4
1702 -1.1619
1703 -0.92381
1704 -1
1705 -1.19048
1706 -0.952381
1707 -0.714286
1708 -0.6
1709 -0.980952
1710 -0.742857
1711 -0.504762
1712 0.1
1713 -0.918919
1714 -0.567568
1715 -0.216216
1716 -1.1
1717 -1.21905
1718 -0.980952
1719 -0.742857
1720 -0.7
1721 -1.00952
1722 -0.771429
1723 -0.533333
1724 -0.3
1725 -0.8
1726 -0.561905
1727 -0.32381
1728 1.66667
1729 -0.964286
1730 -0.5
1731 -0.0357143
1732 -1.28571
1733 -1.30233
1734 -1.01163
1735 -0.72093
1736 -0.714286
1737 -1.04651
1738 -0.755814
1739 -0.465116
1740 -0.142857
1741 -0.790698
1742 -0.5
1743 -0.209302
1744 -0.9
1745 -1.21622
1746 -0.864865
1747 -0.513514
1748 -1.5
1749 -1.42857
1750 -1.19048
1751 -0.952381
1752 -1.1
1753 -1.21905
1754 -0.980952
1755 -0.742857
1756 -0.7
1757 -1.00952
1758 -0.771429
1759 -0.533333
1760 -0.2
1761 -0.972973
1762 -0.621622
1763 -0.27027
1764 -1.2
1765 -1.24762
1766 -1.00952
1767 -0.771429
1768 -0.8
1769 -1.0381
1770 -0.8
1771 -0.561905
1772 -0.4
1773 -0.828571
1774 -0.590476
1775 -0.352381
1776 0.5
1777 -0.72973
1778 -0.378378
1779 -0.027027
1780 -0.9
1781 -1.06667
1782 -0.828571
1783 -0.590476
1784 -0.5
1785 -0.857143
1786 -0.619048
1787 -0.380952
1788 -0.1
1789 -0.647619
1790 -0.409524
1791 -0.171429
1792 0
1793 -1.11905
1794 -0.571429
1795 -0.0238095
1796 -1.61538
1797 -1.44118
1798 -1.11765
1799 -0.794118
1800 -0.923077
1801 -1.14706
1802 -0.823529
1803 -0.5
1804 -0.230769
1805 -0.852941
1806 -0.529412
1807 -0.205882
1808 -1.42857
1809 -1.37288
1810 -0.983051
1811 -0.59322
1812 -1.75
1813 -1.55814
1814 -1.30233
1815 -1.04651
1816 -1.3
1817 -1.32558
1818 -1.06977
1819 -0.813953
1820 -0.85
1821 -1.09302
1822 -0.837209
1823 -0.581395
1824 -0.5
1825 -1.08475
1826 -0.694915
1827 -0.305085
1828 -1.4
1829 -1.34884
1830 -1.09302
1831 -0.837209
1832 -0.95
1833 -1.11628
1834 -0.860465
1835 -0.604651
1836 -0.5
1837 -0.883721
1838 -0.627907
1839 -0.372093
1840 0.428571
1841 -0.79661
1842 -0.40678
1843 -0.0169492
1844 -1.05
1845 -1.13953
1846 -0.883721
1847 -0.627907
1848 -0.6
1849 -0.906977
1850 -0.651163
1851 -0.395349
1852 -0.15
1853 -0.674419
1854 -0.418605
1855 -0.162791
1856 -0.666667
1857 -1.28571
1858 -0.821429
1859 -0.357143
1860 -1.71429
1861 -1.52326
1862 -1.23256
1863 -0.94186
1864 -1.14286
1865 -1.26744
1866 -0.976744
1867 -0.686047
1868 -0.571429
1869 -1.01163
1870 -0.72093
1871 -0.430233
1872 -1.6
1873 -1.45946
1874 -1.10811
1875 -0.756757
1876 -1.8
1877 -1.60952
1878 -1.37143
1879 -1.13333
1880 -1.4
1881 -1.4
1882 -1.1619
1883 -0.92381
1884 -1
1885 -1.19048
1886 -0.952381
1887 -0.714286
1888 -0.9
1889 -1.21622
1890 -0.864865
1891 -0.513514
1892 -1.5
1893 -1.42857
1894 -1.19048
1895 -0.952381
1896 -1.1
1897 -1.21905
1898 -0.980952
1899 -0.742857
1900 -0.7
1901 -1.00952
1902 -0.771429
1903 -0.533333
1904 -0.2
1905 -0.972973
1906 -0.621622
1907 -0.27027
1908 -1.2
1909 -1.24762
1910 -1.00952
1911 -0.771429
1912 -0.8
1913 -1.0381
1914 -0.8
1915 -0.561905
1916 -0.4
1917 -0.828571
1918 -0.590476
1919 -0.352381
1920 0.666667
1921 -1.03571
1922 -0.571429
1923 -0.107143
1924 -1.42857
1925 -1.33721
1926 -1.04651
1927 -0.755814
1928 -0.857143
1929 -1.0814
1930 -0.790698
1931 -0.5
1932 -0.285714
1933 -0.825581
1934 -0.534884
1935 -0.244186
1936 -1.2
1937 -1.27027
1938 -0.918919
1939 -0.567568
1940 -1.6
1941 -1.45714
1942 -1.21905
1943 -0.980952
1944 -1.2
1945 -1.24762
1946 -1.00952
1947 -0.771429
1948 -0.8
1949 -1.0381
1950 -0.8
1951 -0.561905
1952 -0.5
1953 -1.02703
1954 -0.675676
1955 -0.324324
1956 -1.3
1957 -1.27619
1958 -1.0381
1959 -0.8
1960 -0.9
1961 -1.06667
1962 -0.828571
1963 -0.590476
1964 -0.5
1965 -0.857143
1966 -0.619048
1967 -0.380952
1968 0.2
1969 -0.783784
1970 -0.432432
1971 -0.0810811
1972 -1
1973 -1.09524
1974 -0.857143
1975 -0.619048
1976 -0.6
1977 -0.885714
1978 -0.647619
1979 -0.409524
1980 -0.2
1981 -0.67619
1982 -0.438095
1983 -0.2
1984 2
1985 -0.785714
1986 -0.321429
1987 0.142857
1988 -1.14286
1989 -1.15116
1990 -0.860465
1991 -0.569767
1992 -0.571429
1993 -0.895349
1994 -0.604651
1995 -0.313953
1996 -4.08562e-14
1997 -0.639535
1998 -0.348837
1999 -0.0581395
2000 -0.8
2001 -1.08108
2002 -0.72973
2003 -0.378378
2004 -1.4
2005 -1.30476
2006 -1.06667
2007 -0.828571
2008 -1
2009 -1.09524
2010 -0.857143
2011 -0.619048
2012 -0.6
2013 -0.885714
2014 -0.647619
2015 -0.409524
2016 -0.1
2017 -0.837838
2018 -0.486486
2019 -0.135135
2020 -1.1
2021 -1.12381
2022 -0.885714
2023 -0.647619
2024 -0.7
2025 -0.914286
2026 -0.67619
2027 -0.438095
2028 -0.3
2029 -0.704762
2030 -0.466667
2031 -0.228571
2032 0.6
2033 -0.594595
2034 -0.243243
2035 0.108108
2036 -0.8
2037 -0.942857
2038 -0.704762
2039 -0.466667
2040 -0.4
2041 -0.733333
2042 -0.495238
2043 -0.257143
2044 1.98419e-12
2045 -0.52381
2046 -0.285714
2047 -0.047619
2048 0
2049 0
2050 0
2051 0
2052 0
2053 -1.66667
2054 -1.33333
2055 -1
2056 0
2057 -1.33333
2058 -1
2059 -0.666667
2060 0
2061 -1
2062 -0.666667
2063 -0.333333
2064 0
2065 -1.60526
2066 -1.21053
2067 -0.815789
2068 -2
2069 -1.75
2070 -1.5
2071 -1.25
2072 -1.53846
2073 -1.5
2074 -1.25
2075 -1
2076 -1.07692
2077 -1.25
2078 -1
2079 -0.75
2080 0
2081 -1.26316
2082 -0.868421
2083 -0.473684
2084 -1.61538
2085 -1.5
2086 -1.25
2087 -1
2088 -1.15385
2089 -1.25
2090 -1
2091 -0.75
2092 -0.692308
2093 -1
2094 -0.75
2095 -0.5
2096 0
2097 -0.921053
2098 -0.526316
2099 -0.131579
2100 -1.23077
2101 -1.25
2102 -1
2103 -0.75
2104 -0.769231
2105 -1
2106 -0.75
2107 -0.5
2108 -0.307692
2109 -0.75
2110 -0.5
2111 -0.25
2112 0
2113 -1.52632
2114 -1.05263
2115 -0.578947
2116 -2
2117 -1.71186
2118 -1.42373
2119 -1.13559
2120 -1.41667
2121 -1.44068
2122 -1.15254
2123 -0.864407
2124 -0.833333
2125 -1.16949
2126 -0.881356
2127 -0.59322
2128 -2
2129 -1.65385
2130 -1.30769
2131 -0.961538
2132 -2
2133 -1.77027
2134 -1.54054
2135 -1.31081
2136 -1.6
2137 -1.55405
2138 -1.32432
2139 -1.09459
2140 -1.2
2141 -1.33784
2142 -1.10811
2143 -0.878378
2144 -1.28571
2145 -1.38462
2146 -1.03846
2147 -0.692308
2148 -1.68571
2149 -1.56757
2150 -1.33784
2151 -1.10811
2152 -1.28571
2153 -1.35135
2154 -1.12162
2155 -0.891892
2156 -0.885714
2157 -1.13514
2158 -0.905405
2159 -0.675676
2160 -0.571429
2161 -1.11538
2162 -0.769231
2163 -0.423077
2164 -1.37143
2165 -1.36486
2166 -1.13514
2167 -0.905405
2168 -0.971429
2169 -1.14865
2170 -0.918919
2171 -0.689189
2172 -0.571429
2173 -0.932432
2174 -0.702703
2175 -0.472973
2176 0
2177 -1.21053
2178 -0.736842
2179 -0.263158
2180 -1.66667
2181 -1.47458
2182 -1.18644
2183 -0.898305
2184 -1.08333
2185 -1.20339
2186 -0.915254
2187 -0.627119
2188 -0.5
2189 -0.932203
2190 -0.644068
2191 -0.355932
2192 -1.57143
2193 -1.42308
2194 -1.07692
2195 -0.730769
2196 -1.77143
2197 -1.58108
2198 -1.35135
2199 -1.12162
2200 -1.37143
2201 -1.36486
2202 -1.13514
2203 -0.905405
2204 -0.971429
2205 -1.14865
2206 -0.918919
2207 -0.689189
2208 -0.857143
2209 -1.15385
2210 -0.807692
2211 -0.461538
2212 -1.45714
2213 -1.37838
2214 -1.14865
2215 -0.918919
2216 -1.05714
2217 -1.16216
2218 -0.932432
2219 -0.702703
2220 -0.657143
2221 -0.945946
2222 -0.716216
2223 -0.486486
2224 -0.142857
2225 -0.884615
2226 -0.538462
2227 -0.192308
2228 -1.14286
2229 -1.17568
2230 -0.945946
2231 -0.716216
2232 -0.742857
2233 -0.959459
2234 -0.72973
2235 -0.5
2236 -0.342857
2237 -0.743243
2238 -0.513514
2239 -0.283784
2240 0
2241 -0.894737
2242 -0.421053
2243 0.0526316
2244 -1.33333
2245 -1.23729
2246 -0.949153
2247 -0.661017
2248 -0.75
2249 -0.966102
2250 -0.677966
2251 -0.38983
2252 -0.166667
2253 -0.694915
2254 -0.40678
2255 -0.118644
2256 -1.14286
2257 -1.19231
2258 -0.846154
2259 -0.5
2260 -1.54286
2261 -1.39189
2262 -1.16216
2263 -0.932432
2264 -1.14286
2265 -1.17568
2266 -0.945946
2267 -0.716216
2268 -0.742857
2269 -0.959459
2270 -0.72973
2271 -0.5
2272 -0.428571
2273 -0.923077
2274 -0.576923
2275 -0.230769
2276 -1.22857
2277 -1.18919
2278 -0.959459
2279 -0.72973
2280 -0.828571
2281 -0.972973
2282 -0.743243
2283 -0.513514
2284 -0.428571
2285 -0.756757
2286 -0.527027
2287 -0.297297
2288 0.285714
2289 -0.653846
2290 -0.307692
2291 0.0384615
2292 -0.914286
2293 -0.986486
2294 -0.756757
2295 -0.527027
2296 -0.514286
2297 -0.77027
2298 -0.540541
2299 -0.310811
2300 -0.114286
2301 -0.554054
2302 -0.324324
2303 -0.0945946
2304 0
2305 -1.45238
2306 -0.904762
2307 -0.357143
2308 -2
2309 -1.67647
2310 -1.35294
2311 -1.02941
2312 -1.30769
2313 -1.38235
2314 -1.05882
2315 -0.735294
2316 -0.615385
2317 -1.08824
2318 -0.764706
2319 -0.441176
2320 -2
2321 -1.61017
2322 -1.22034
2323 -0.830508
2324 -2
2325 -1.74419
2326 -1.48837
2327 -1.23256
2328 -1.55
2329 -1.51163
2330 -1.25581
2331 -1
2332 -1.1
2333 -1.27907
2334 -1.02326
2335 -0.767442
2336 -1.07143
2337 -1.32203
2338 -0.932203
2339 -0.542373
2340 -1.65
2341 -1.53488
2342 -1.27907
2343 -1.02326
2344 -1.2
2345 -1.30233
2346 -1.04651
2347 -0.790698
2348 -0.75
2349 -1.06977
2350 -0.813953
2351 -0.55814
2352 -0.142857
2353 -1.0339
2354 -0.644068
2355 -0.254237
2356 -1.3
2357 -1.32558
2358 -1.06977
2359 -0.813953
2360 -0.85
2361 -1.09302
2362 -0.837209
2363 -0.581395
2364 -0.4
2365 -0.860465
2366 -0.604651
2367 -0.348837
2368 -2
2369 -1.53571
2370 -1.07143
2371 -0.607143
2372 -2
2373 -1.7093
2374 -1.4186
2375 -1.12791
2376 -1.42857
2377 -1.45349
2378 -1.16279
2379 -0.872093
2380 -0.857143
2381 -1.19767
2382 -0.906977
2383 -0.616279
2384 -2
2385 -1.64865
2386 -1.2973
2387 -0.945946
2388 -2
2389 -1.7619
2390 -1.52381
2391 -1.28571
2392 -1.6
2393 -1.55238
2394 -1.31429
2395 -1.07619
2396 -1.2
2397 -1.34286
2398 -1.10476
2399 -0.866667
2400 -1.3
2401 -1.40541
2402 -1.05405
2403 -0.702703
2404 -1.7
2405 -1.58095
2406 -1.34286
2407 -1.10476
2408 -1.3
2409 -1.37143
2410 -1.13333
2411 -0.895238
2412 -0.9
2413 -1.1619
2414 -0.92381
2415 -0.685714
2416 -0.6
2417 -1.16216
2418 -0.810811
2419 -0.459459
2420 -1.4
2421 -1.4
2422 -1.1619
2423 -0.92381
2424 -1
2425 -1.19048
2426 -0.952381
2427 -0.714286
2428 -0.6
2429 -0.980952
2430 -0.742857
2431 -0.504762
2432 -0.666667
2433 -1.28571
2434 -0.821429
2435 -0.357143
2436 -1.71429
2437 -1.52326
2438 -1.23256
2439 -0.94186
2440 -1.14286
2441 -1.26744
2442 -0.976744
2443 -0.686047
2444 -0.571429
2445 -1.01163
2446 -0.72093
2447 -0.430233
2448 -1.6
2449 -1.45946
2450 -1.10811
2451 -0.756757
2452 -1.8
2453 -1.60952
2454 -1.37143
2455 -1.13333
2456 -1.4
2457 -1.4
2458 -1.1619
2459 -0.92381
2460 -1
2461 -1.19048
2462 -0.952381
2463 -0.714286
2464 -0.9
2465 -1.21622
2466 -0.864865
2467 -0.513514
2468 -1.5
2469 -1.42857
2470 -1.19048
2471 -0.952381
2472 -1.1
2473 -1.21905
2474 -0.980952
2475 -0.742857
2476 -0.7
2477 -1.00952
2478 -0.771429
2479 -0.533333
2480 -0.2
2481 -0.972973
2482 -0.621622
2483 -0.27027
2484 -1.2
2485 -1.24762
2486 -1.00952
2487 -0.771429
2488 -0.8
2489 -1.0381
2490 -0.8
2491 -0.561905
2492 -0.4
2493 -0.828571
2494 -0.590476
2495 -0.352381
2496 0.666667
2497 -1.03571
2498 -0.571429
2499 -0.107143
2500 -1.42857
2501 -1.33721
2502 -1.04651
2503 -0.755814
2504 -0.857143
2505 -1.0814
2506 -0.790698
2507 -0.5
2508 -0.285714
2509 -0.825581
2510 -0.534884
2511 -0.244186
2512 -1.2
2513 -1.27027
2514 -0.918919
2515 -0.567568
2516 -1.6
2517 -1.45714
2518 -1.21905
2519 -0.980952
2520 -1.2
2521 -1.24762
2522 -1.00952
2523 -0.771429
2524 -0.8
2525 -1.0381
2526 -0.8
2527 -0.561905
2528 -0.5
2529 -1.02703
2530 -0.675676
2531 -0.324324
2532 -1.3
2533 -1.27619
2534 -1.0381
2535 -0.8
2536 -0.9
2537 -1.06667
2538 -0.828571
2539 -0.590476
2540 -0.5
2541 -0.857143
2542 -0.619048
2543 -0.380952
2544 0.2
2545 -0.783784
2546 -0.432432
2547 -0.0810811
2548 -1
2549 -1.09524
2550 -0.857143
2551 -0.619048
2552 -0.6
2553 -0.885714
2554 -0.647619
2555 -0.409524
2556 -0.2
2557 -0.67619
2558 -0.438095
2559 -0.2
2560 0
2561 -1.19048
2562 -0.642857
2563 -0.0952381
2564 -1.76923
2565 -1.47059
2566 -1.14706
2567 -0.823529
2568 -1.07692
2569 -1.17647
2570 -0.852941
2571 -0.529412
2572 -0.384615
2573 -0.882353
2574 -0.558824
2575 -0.235294
2576 -1.78571
2577 -1.42373
2578 -1.0339
2579 -0.644068
2580 -1.85
2581 -1.5814
2582 -1.32558
2583 -1.06977
2584 -1.4
2585 -1.34884
2586 -1.09302
2587 -0.837209
2588 -0.95
2589 -1.11628
2590 -0.860465
2591 -0.604651
2592 -0.857143
2593 -1.13559
2594 -0.745763
2595 -0.355932
2596 -1.5
2597 -1.37209
2598 -1.11628
2599 -0.860465
2600 -1.05
2601 -1.13953
2602 -0.883721
2603 -0.627907
2604 -0.6
2605 -0.906977
2606 -0.651163
2607 -0.395349
2608 0.0714286
2609 -0.847458
2610 -0.457627
2611 -0.0677966
2612 -1.15
2613 -1.16279
2614 -0.906977
2615 -0.651163
2616 -0.7
2617 -0.930233
2618 -0.674419
2619 -0.418605
2620 -0.25
2621 -0.697674
2622 -0.44186
2623 -0.186047
2624 -1.66667
2625 -1.35714
2626 -0.892857
2627 -0.428571
2628 -1.85714
2629 -1.55814
2630 -1.26744
2631 -0.976744
2632 -1.28571
2633 -1.30233
2634 -1.01163
2635 -0.72093
2636 -0.714286
2637 -1.04651
2638 -0.755814
2639 -0.465116
2640 -1.9
2641 -1.51351
2642 -1.16216
2643 -0.810811
2644 -1.9
2645 -1.6381
2646 -1.4
2647 -1.1619
2648 -1.5
2649 -1.42857
2650 -1.19048
2651 -0.952381
2652 -1.1
2653 -1.21905
2654 -0.980952
2655 -0.742857
2656 -1.2
2657 -1.27027
2658 -0.918919
2659 -0.567568
2660 -1.6
2661 -1.45714
2662 -1.21905
2663 -0.980952
2664 -1.2
2665 -1.24762
2666 -1.00952
2667 -0.771429
2668 -0.8
2669 -1.0381
2670 -0.8
2671 -0.561905
2672 -0.5
2673 -1.02703
2674 -0.675676
2675 -0.324324
2676 -1.3
2677 -1.27619
2678 -1.0381
2679 -0.8
2680 -0.9
2681 -1.06667
2682 -0.828571
2683 -0.590476
2684 -0.5
2685 -0.857143
2686 -0.619048
2687 -0.380952
2688 -0.333333
2689 -1.10714
2690 -0.642857
2691 -0.178571
2692 -1.57143
2693 -1.37209
2694 -1.0814
2695 -0.790698
2696 -1
2697 -1.11628
2698 -0.825581
2699 -0.534884
2700 -0.428571
2701 -0.860465
2702 -0.569767
2703 -0.27907
2704 -1.5
2705 -1.32432
2706 -0.972973
2707 -0.621622
2708 -1.7
2709 -1.48571
2710 -1.24762
2711 -1.00952
2712 -1.3
2713 -1.27619
2714 -1.0381
2715 -0.8
2716 -0.9
2717 -1.06667
2718 -0.828571
2719 -0.590476
2720 -0.8
2721 -1.08108
2722 -0.72973
2723 -0.378378
2724 -1.4
2725 -1.30476
2726 -1.06667
2727 -0.828571
2728 -1
2729 -1.09524
2730 -0.857143
2731 -0.619048
2732 -0.6
2733 -0.885714
2734 -0.647619
2735 -0.409524
2736 -0.1
2737 -0.837838
2738 -0.486486
2739 -0.135135
2740 -1.1
2741 -1.12381
2742 -0.885714
2743 -0.647619
2744 -0.7
2745 -0.914286
2746 -0.67619
2747 -0.438095
2748 -0.3
2749 -0.704762
2750 -0.466667
2751 -0.228571
2752 1
2753 -0.857143
2754 -0.392857
2755 0.0714286
2756 -1.28571
2757 -1.18605
2758 -0.895349
2759 -0.604651
2760 -0.714286
2761 -0.930233
2762 -0.639535
2763 -0.348837
2764 -0.142857
2765 -0.674419
2766 -0.383721
2767 -0.0930233
2768 -1.1
2769 -1.13514
2770 -0.783784
2771 -0.432432
2772 -1.5
2773 -1.33333
2774 -1.09524
2775 -0.857143
2776 -1.1
2777 -1.12381
2778 -0.885714
2779 -0.647619
2780 -0.7
2781 -0.914286
2782 -0.67619
2783 -0.438095
2784 -0.4
2785 -0.891892
2786 -0.540541
2787 -0.189189
2788 -1.2
2789 -1.15238
2790 -0.914286
2791 -0.67619
2792 -0.8
2793 -0.942857
2794 -0.704762
2795 -0.466667
2796 -0.4
2797 -0.733333
2798 -0.495238
2799 -0.257143
2800 0.3
2801 -0.648649
2802 -0.297297
2803 0.0540541
2804 -0.9
2805 -0.971429
2806 -0.733333
2807 -0.495238
2808 -0.5
2809 -0.761905
2810 -0.52381
2811 -0.285714
2812 -0.1
2813 -0.552381
2814 -0.314286
2815 -0.0761905
2816 0
2817 -0.928571
2818 -0.380952
2819 0.166667
2820 -1.53846
2821 -1.26471
2822 -0.941176
2823 -0.617647
2824 -0.846154
2825 -0.970588
2826 -0.647059
2827 -0.323529
2828 -0.153846
2829 -0.676471
2830 -0.352941
2831 -0.0294118
2832 -1.57143
2833 -1.23729
2834 -0.847458
2835 -0.457627
2836 -1.7
2837 -1.4186
2838 -1.16279
2839 -0.906977
2840 -1.25
2841 -1.18605
2842 -0.930233
2843 -0.674419
2844 -0.8
2845 -0.953488
2846 -0.697674
2847 -0.44186
2848 -0.642857
2849 -0.949153
2850 -0.559322
2851 -0.169492
2852 -1.35
2853 -1.2093
2854 -0.953488
2855 -0.697674
2856 -0.9
2857 -0.976744
2858 -0.72093
2859 -0.465116
2860 -0.45
2861 -0.744186
2862 -0.488372
2863 -0.232558
2864 0.285714
2865 -0.661017
2866 -0.271186
2867 0.118644
2868 -1
2869 -1
2870 -0.744186
2871 -0.488372
2872 -0.55
2873 -0.767442
2874 -0.511628
2875 -0.255814
2876 -0.1
2877 -0.534884
2878 -0.27907
2879 -0.0232558
2880 -1.33333
2881 -1.17857
2882 -0.714286
2883 -0.25
2884 -1.71429
2885 -1.40698
2886 -1.11628
2887 -0.825581
2888 -1.14286
2889 -1.15116
2890 -0.860465
2891 -0.569767
2892 -0.571429
2893 -0.895349
2894 -0.604651
2895 -0.313953
2896 -1.8
2897 -1.37838
2898 -1.02703
2899 -0.675676
2900 -1.8
2901 -1.51429
2902 -1.27619
2903 -1.0381
2904 -1.4
2905 -1.30476
2906 -1.06667
2907 -0.828571
2908 -1
2909 -1.09524
2910 -0.857143
2911 -0.619048
2912 -1.1
2913 -1.13514
2914 -0.783784
2915 -0.432432
2916 -1.5
2917 -1.33333
2918 -1.09524
2919 -0.857143
2920 -1.1
2921 -1.12381
2922 -0.885714
2923 -0.647619
2924 -0.7
2925 -0.914286
2926 -0.67619
2927 -0.438095
2928 -0.4
2929 -0.891892
2930 -0.540541
2931 -0.189189
2932 -1.2
2933 -1.15238
2934 -0.914286
2935 -0.67619
2936 -0.8
2937 -0.942857
2938 -0.704762
2939 -0.466667
2940 -0.4
2941 -0.733333
2942 -0.495238
2943 -0.257143
2944 1.96021e-12
2945 -0.928571
2946 -0.464286
2947 -1.50191e-12
2948 -1.42857
2949 -1.22093
2950 -0.930233
2951 -0.639535
2952 -0.857143
2953 -0.965116
2954 -0.674419
2955 -0.383721
2956 -0.285714
2957 -0.709302
2958 -0.418605
2959 -0.127907
2960 -1.4
2961 -1.18919
2962 -0.837838
2963 -0.486486
2964 -1.6
2965 -1.3619
2966 -1.12381
2967 -0.885714
2968 -1.2
2969 -1.15238
2970 -0.914286
2971 -0.67619
2972 -0.8
2973 -0.942857
2974 -0.704762
2975 -0.466667
2976 -0.7
2977 -0.945946
2978 -0.594595
2979 -0.243243
2980 -1.3
2981 -1.18095
2982 -0.942857
2983 -0.704762
2984 -0.9
2985 -0.971429
2986 -0.733333
2987 -0.495238
2988 -0.5
2989 -0.761905
2990 -0.52381
2991 -0.285714
2992 9.30811e-13
2993 -0.702703
2994 -0.351351
2995 8.6775e-13
2996 -1
2997 -1
2998 -0.761905
2999 -0.52381
3000 -0.6
3001 -0.790476
3002 -0.552381
3003 -0.314286
3004 -0.2
3005 -0.580952
3006 -0.342857
3007 -0.104762
3008 1.33333
3009 -0.678571
3010 -0.214286
3011 0.25
3012 -1.14286
3013 -1.03488
3014 -0.744186
3015 -0.453488
3016 -0.571429
3017 -0.77907
3018 -0.488372
3019 -0.197674
3020 -1.05782e-11
3021 -0.523256
3022 -0.232558
3023 0.0581395
3024 -1
3025 -1
3026 -0.648649
3027 -0.297297
3028 -1.4
3029 -1.20952
3030 -0.971429
3031 -0.733333
3032 -1
3033 -1
3034 -0.761905
3035 -0.52381
3036 -0.6
3037 -0.790476
3038 -0.552381
3039 -0.314286
3040 -0.3
3041 -0.756757
3042 -0.405405
3043 -0.0540541
3044 -1.1
3045 -1.02857
3046 -0.790476
3047 -0.552381
3048 -0.7
3049 -0.819048
3050 -0.580952
3051 -0.342857
3052 -0.3
3053 -0.609524
3054 -0.371429
3055 -0.133333
3056 0.4
3057 -0.513514
3058 -0.162162
3059 0.189189
3060 -0.8
3061 -0.847619
3062 -0.609524
3063 -0.371429
3064 -0.4
3065 -0.638095
3066 -0.4
3067 -0.161905
3068 9.5568e-13
3069 -0.428571
3070 -0.190476
3071 0.047619
3072 0
3073 0
3074 0
3075 0
3076 0
3077 -1.33333
3078 -1
3079 -0.666667
3080 0
3081 -1
3082 -0.666667
3083 -0.333333
3084 0
3085 -0.666667
3086 -0.333333
3087 1.42759e-09
3088 0
3089 -1.34211
3090 -0.947368
3091 -0.552632
3092 -1.84615
3093 -1.5
3094 -1.25
3095 -1
3096 -1.38462
3097 -1.25
3098 -1
3099 -0.75
3100 -0.923077
3101 -1
3102 -0.75
3103 -0.5
3104 0
3105 -1
3106 -0.605263
3107 -0.210526
3108 -1.46154
3109 -1.25
3110 -1
3111 -0.75
3112 -1
3113 -1
3114 -0.75
3115 -0.5
3116 -0.538462
3117 -0.75
3118 -0.5
3119 -0.25
3120 0
3121 -0.657895
3122 -0.263158
3123 0.131579
3124 -1.07692
3125 -1
3126 -0.75
3127 -0.5
3128 -0.615385
3129 -0.75
3130 -0.5
3131 -0.25
3132 -0.153846
3133 -0.5
3134 -0.25
3135 1.18072e-10
3136 0
3137 -1.31579
3138 -0.842105
3139 -0.368421
3140 -1.91667
3141 -1.50847
3142 -1.22034
3143 -0.932203
3144 -1.33333
3145 -1.23729
3146 -0.949153
3147 -0.661017
3148 -0.75
3149 -0.966102
3150 -0.677966
3151 -0.38983
3152 -2.14286
3153 -1.5
3154 -1.15385
3155 -0.807692
3156 -1.94286
3157 -1.60811
3158 -1.37838
3159 -1.14865
3160 -1.54286
3161 -1.39189
3162 -1.16216
3163 -0.932432
3164 -1.14286
3165 -1.17568
3166 -0.945946
3167 -0.716216
3168 -1.42857
3169 -1.23077
3170 -0.884615
3171 -0.538462
3172 -1.62857
3173 -1.40541
3174 -1.17568
3175 -0.945946
3176 -1.22857
3177 -1.18919
3178 -0.959459
3179 -0.72973
3180 -0.828571
3181 -0.972973
3182 -0.743243
3183 -0.513514
3184 -0.714286
3185 -0.961538
3186 -0.615385
3187 -0.269231
3188 -1.31429
3189 -1.2027
3190 -0.972973
3191 -0.743243
3192 -0.914286
3193 -0.986486
3194 -0.756757
3195 -0.527027
3196 -0.514286
3197 -0.77027
3198 -0.540541
3199 -0.310811
3200 0
3201 -1
3202 -0.526316
3203 -0.0526316
3204 -1.58333
3205 -1.27119
3206 -0.983051
3207 -0.694915
3208 -1
3209 -1
3210 -0.711864
3211 -0.423729
3212 -0.416667
3213 -0.728814
3214 -0.440678
3215 -0.152542
3216 -1.71429
3217 -1.26923
3218 -0.923077
3219 -0.576923
3220 -1.71429
3221 -1.41892
3222 -1.18919
3223 -0.959459
3224 -1.31429
3225 -1.2027
3226 -0.972973
3227 -0.743243
3228 -0.914286
3229 -0.986486
3230 -0.756757
3231 -0.527027
3232 -1
3233 -1
3234 -0.653846
3235 -0.307692
3236 -1.4
3237 -1.21622
3238 -0.986486
3239 -0.756757
3240 -1
3241 -1
3242 -0.77027
3243 -0.540541
3244 -0.6
3245 -0.783784
3246 -0.554054
3247 -0.324324
3248 -0.285714
3249 -0.730769
3250 -0.384615
3251 -0.0384615
3252 -1.08571
3253 -1.01351
3254 -0.783784
3255 -0.554054
3256 -0.685714
3257 -0.797297
3258 -0.567568
3259 -0.337838
3260 -0.285714
3261 -0.581081
3262 -0.351351
3263 -0.121622
3264 0
3265 -0.684211
3266 -0.210526
3267 0.263158
3268 -1.25
3269 -1.0339
3270 -0.745763
3271 -0.457627
3272 -0.666667
3273 -0.762712
3274 -0.474576
3275 -0.186441
3276 -0.0833333
3277 -0.491525
3278 -0.20339
3279 0.0847458
3280 -1.28571
3281 -1.03846
3282 -0.692308
3283 -0.346154
3284 -1.48571
3285 -1.22973
3286 -1
3287 -0.77027
3288 -1.08571
3289 -1.01351
3290 -0.783784
3291 -0.554054
3292 -0.685714
3293 -0.797297
3294 -0.567568
3295 -0.337838
3296 -0.571429
3297 -0.769231
3298 -0.423077
3299 -0.0769231
3300 -1.17143
3301 -1.02703
3302 -0.797297
3303 -0.567568
3304 -0.771429
3305 -0.810811
3306 -0.581081
3307 -0.351351
3308 -0.371429
3309 -0.594595
3310 -0.364865
3311 -0.135135
3312 0.142857
3313 -0.5
3314 -0.153846
3315 0.192308
3316 -0.857143
3317 -0.824324
3318 -0.594595
3319 -0.364865
3320 -0.457143
3321 -0.608108
3322 -0.378378
3323 -0.148649
3324 -0.0571429
3325 -0.391892
3326 -0.162162
3327 0.0675676
3328 0
3329 -1.2619
3330 -0.714286
3331 -0.166667
3332 -1.92308
3333 -1.5
3334 -1.17647
3335 -0.852941
3336 -1.23077
3337 -1.20588
3338 -0.882353
3339 -0.558824
3340 -0.538462
3341 -0.911765
3342 -0.588235
3343 -0.264706
3344 -2.14286
3345 -1.47458
3346 -1.08475
3347 -0.694915
3348 -1.95
3349 -1.60465
3350 -1.34884
3351 -1.09302
3352 -1.5
3353 -1.37209
3354 -1.11628
3355 -0.860465
3356 -1.05
3357 -1.13953
3358 -0.883721
3359 -0.627907
3360 -1.21396
3361 -1.18644
3362 -0.79661
3363 -0.40678
3364 -1.6
3365 -1.39535
3366 -1.13953
3367 -0.883721
3368 -1.15
3369 -1.16279
3370 -0.906977
3371 -0.651163
3372 -0.7
3373 -0.930233
3374 -0.674419
3375 -0.418605
3376 -0.285714
3377 -0.898305
3378 -0.508475
3379 -0.118644
3380 -1.25
3381 -1.18605
3382 -0.930233
3383 -0.674419
3384 -0.8
3385 -0.953488
3386 -0.697674
3387 -0.44186
3388 -0.35
3389 -0.72093
3390 -0.465116
3391 -0.209302
3392 -2.66667
3393 -1.42857
3394 -0.964286
3395 -0.5
3396 -2
3397 -1.59302
3398 -1.30233
3399 -1.01163
3400 -1.42857
3401 -1.33721
3402 -1.04651
3403 -0.755814
3404 -0.857143
3405 -1.0814
3406 -0.790698
3407 -0.5
3408 -2.2
3409 -1.56757
3410 -1.21622
3411 -0.864865
3412 -2
3413 -1.66667
3414 -1.42857
3415 -1.19048
3416 -1.6
3417 -1.45714
3418 -1.21905
3419 -0.980952
3420 -1.2
3421 -1.24762
3422 -1.00952
3423 -0.771429
3424 -1.5
3425 -1.32432
3426 -0.972973
3427 -0.621622
3428 -1.7
3429 -1.48571
3430 -1.24762
3431 -1.00952
3432 -1.3
3433 -1.27619
3434 -1.0381
3435 -0.8
3436 -0.9
3437 -1.06667
3438 -0.828571
3439 -0.590476
3440 -0.8
3441 -1.08108
3442 -0.72973
3443 -0.378378
3444 -1.4
3445 -1.30476
3446 -1.06667
3447 -0.828571
3448 -1
3449 -1.09524
3450 -0.857143
3451 -0.619048
3452 -0.6
3453 -0.885714
3454 -0.647619
3455 -0.409524
3456 -1.33333
3457 -1.17857
3458 -0.714286
3459 -0.25
3460 -1.71429
3461 -1.40698
3462 -1.11628
3463 -0.825581
3464 -1.14286
3465 -1.15116
3466 -0.860465
3467 -0.569767
3468 -0.571429
3469 -0.895349
3470 -0.604651
3471 -0.313953
3472 -1.8
3473 -1.37838
3474 -1.02703
3475 -0.675676
3476 -1.8
3477 -1.51429
3478 -1.27619
3479 -1.0381
3480 -1.4
3481 -1.30476
3482 -1.06667
3483 -0.828571
3484 -1
3485 -1.09524
3486 -0.857143
3487 -0.619048
3488 -1.1
3489 -1.13514
3490 -0.783784
3491 -0.432432
3492 -1.5
3493 -1.33333
3494 -1.09524
3495 -0.857143
3496 -1.1
3497 -1.12381
3498 -0.885714
3499 -0.647619
3500 -0.7
3501 -0.914286
3502 -0.67619
3503 -0.438095
3504 -0.4
3505 -0.891892
3506 -0.540541
3507 -0.189189
3508 -1.2
3509 -1.15238
3510 -0.914286
3511 -0.67619
3512 -0.8
3513 -0.942857
3514 -0.704762
3515 -0.466667
3516 -0.4
3517 -0.733333
3518 -0.495238
3519 -0.257143
3520 1.71241e-12
3521 -0.928571
3522 -0.464286
3523 3.21521e-13
3524 -1.42857
3525 -1.22093
3526 -0.930233
3527 -0.639535
3528 -0.857143
3529 -0.965116
3530 -0.674419
3531 -0.383721
3532 -0.285714
3533 -0.709302
3534 -0.418605
3535 -0.127907
3536 -1.4
3537 -1.18919
3538 -0.837838
3539 -0.486486
3540 -1.6
3541 -1.3619
3542 -1.12381
3543 -0.885714
3544 -1.2
3545 -1.15238
3546 -0.914286
3547 -0.67619
3548 -0.8
3549 -0.942857
3550 -0.704762
3551 -0.466667
3552 -0.7
3553 -0.945946
3554 -0.594595
3555 -0.243243
3556 -1.3
3557 -1.18095
3558 -0.942857
3559 -0.704762
3560 -0.9
3561 -0.971429
3562 -0.733333
3563 -0.495238
3564 -0.5
3565 -0.761905
3566 -0.52381
3567 -0.285714
3568 8.41993e-13
3569 -0.702703
3570 -0.351351
3571 1.15996e-12
3572 -1
3573 -1
3574 -0.761905
3575 -0.52381
3576 -0.6
3577 -0.790476
3578 -0.552381
3579 -0.314286
3580 -0.2
3581 -0.580952
3582 -0.342857
3583 -0.104762
3584 0
3585 -1
3586 -0.452381
3587 0.0952381
3588 -1.69231
3589 -1.29412
3590 -0.970588
3591 -0.647059
3592 -1
3593 -1
3594 -0.676471
3595 -0.352941
3596 -0.307692
3597 -0.705882
3598 -0.382353
3599 -0.0588235
3600 -1.92857
3601 -1.28814
3602 -0.898305
3603 -0.508475
3604 -1.8
3605 -1.44186
3606 -1.18605
3607 -0.930233
3608 -1.35
3609 -1.2093
3610 -0.953488
3611 -0.697674
3612 -0.9
3613 -0.976744
3614 -0.72093
3615 -0.465116
3616 -0.999767
3617 -1
3618 -0.610169
3619 -0.220339
3620 -1.45
3621 -1.23256
3622 -0.976744
3623 -0.72093
3624 -1
3625 -1
3626 -0.744186
3627 -0.488372
3628 -0.55
3629 -0.767442
3630 -0.511628
3631 -0.255814
3632 -0.0714286
3633 -0.711864
3634 -0.322034
3635 0.0677966
3636 -1.1
3637 -1.02326
3638 -0.767442
3639 -0.511628
3640 -0.65
3641 -0.790698
3642 -0.534884
3643 -0.27907
3644 -0.2
3645 -0.55814
3646 -0.302326
3647 -0.0465116
3648 -2.33333
3649 -1.25
3650 -0.785714
3651 -0.321429
3652 -1.85714
3653 -1.44186
3654 -1.15116
3655 -0.860465
3656 -1.28571
3657 -1.18605
3658 -0.895349
3659 -0.604651
3660 -0.714286
3661 -0.930233
3662 -0.639535
3663 -0.348837
3664 -2.1
3665 -1.43243
3666 -1.08108
3667 -0.72973
3668 -1.9
3669 -1.54286
3670 -1.30476
3671 -1.06667
3672 -1.5
3673 -1.33333
3674 -1.09524
3675 -0.857143
3676 -1.1
3677 -1.12381
3678 -0.885714
3679 -0.647619
3680 -1.4
3681 -1.18919
3682 -0.837838
3683 -0.486486
3684 -1.6
3685 -1.3619
3686 -1.12381
3687 -0.885714
3688 -1.2
3689 -1.15238
3690 -0.914286
3691 -0.67619
3692 -0.8
3693 -0.942857
3694 -0.704762
3695 -0.466667
3696 -0.7
3697 -0.945946
3698 -0.594595
3699 -0.243243
3700 -1.3
3701 -1.18095
3702 -0.942857
3703 -0.704762
3704 -0.9
3705 -0.971429
3706 -0.733333
3707 -0.495238
3708 -0.5
3709 -0.761905
3710 -0.52381
3711 -0.285714
3712 -1
3713 -1
3714 -0.535714
3715 -0.0714286
3716 -1.57143
3717 -1.25581
3718 -0.965116
3719 -0.674419
3720 -1
3721 -1
3722 -0.709302
3723 -0.418605
3724 -0.428571
3725 -0.744186
3726 -0.453488
3727 -0.162791
3728 -1.7
3729 -1.24324
3730 -0.891892
3731 -0.540541
3732 -1.7
3733 -1.39048
3734 -1.15238
3735 -0.914286
3736 -1.3
3737 -1.18095
3738 -0.942857
3739 -0.704762
3740 -0.9
3741 -0.971429
3742 -0.733333
3743 -0.495238
3744 -1
3745 -1
3746 -0.648649
3747 -0.297297
3748 -1.4
3749 -1.20952
3750 -0.971429
3751 -0.733333
3752 -1
3753 -1
3754 -0.761905
3755 -0.52381
3756 -0.6
3757 -0.790476
3758 -0.552381
3759 -0.314286
3760 -0.3
3761 -0.756757
3762 -0.405405
3763 -0.0540541
3764 -1.1
3765 -1.02857
3766 -0.790476
3767 -0.552381
3768 -0.7
3769 -0.819048
3770 -0.580952
3771 -0.342857
3772 -0.3
3773 -0.609524
3774 -0.371429
3775 -0.133333
3776 0.333333
3777 -0.75
3778 -0.285714
3779 0.178571
3780 -1.28571
3781 -1.06977
3782 -0.77907
3783 -0.488372
3784 -0.714286
3785 -0.813953
3786 -0.523256
3787 -0.232558
3788 -0.142857
3789 -0.55814
3790 -0.267442
3791 0.0232558
3792 -1.3
3793 -1.05405
3794 -0.702703
3795 -0.351351
3796 -1.5
3797 -1.2381
3798 -1
3799 -0.761905
3800 -1.1
3801 -1.02857
3802 -0.790476
3803 -0.552381
3804 -0.7
3805 -0.819048
3806 -0.580952
3807 -0.342857
3808 -0.6
3809 -0.810811
3810 -0.459459
3811 -0.108108
3812 -1.2
3813 -1.05714
3814 -0.819048
3815 -0.580952
3816 -0.8
3817 -0.847619
3818 -0.609524
3819 -0.371429
3820 -0.4
3821 -0.638095
3822 -0.4
3823 -0.161905
3824 0.1
3825 -0.567568
3826 -0.216216
3827 0.135135
3828 -0.9
3829 -0.87619
3830 -0.638095
3831 -0.4
3832 -0.5
3833 -0.666667
3834 -0.428571
3835 -0.190476
3836 -0.1
3837 -0.457143
3838 -0.219048
3839 0.0190476
3840 0
3841 -0.738095
3842 -0.190476
3843 0.357143
3844 -1.46154
3845 -1.08824
3846 -0.764706
3847 -0.441176
3848 -0.769231
3849 -0.794118
3850 -0.470588
3851 -0.147059
3852 -0.0769231
3853 -0.5
3854 -0.176471
3855 0.147059
3856 -1.71429
3857 -1.10169
3858 -0.711864
3859 -0.322034
3860 -1.65
3861 -1.27907
3862 -1.02326
3863 -0.767442
3864 -1.2
3865 -1.04651
3866 -0.790698
3867 -0.534884
3868 -0.75
3869 -0.813953
3870 -0.55814
3871 -0.302326
3872 -0.785575
3873 -0.813559
3874 -0.423729
3875 -0.0338983
3876 -1.3
3877 -1.06977
3878 -0.813953
3879 -0.55814
3880 -0.85
3881 -0.837209
3882 -0.581395
3883 -0.325581
3884 -0.4
3885 -0.604651
3886 -0.348837
3887 -0.0930233
3888 0.142857
3889 -0.525424
3890 -0.135593
3891 0.254237
3892 -0.95
3893 -0.860465
3894 -0.604651
3895 -0.348837
3896 -0.5
3897 -0.627907
3898 -0.372093
3899 -0.116279
3900 -0.05
3901 -0.395349
3902 -0.139535
3903 0.116279
3904 -2
3905 -1.07143
3906 -0.607143
3907 -0.142857
3908 -1.71429
3909 -1.2907
3910 -1
3911 -0.709302
3912 -1.14286
3913 -1.03488
3914 -0.744186
3915 -0.453488
3916 -0.571429
3917 -0.77907
3918 -0.488372
3919 -0.197674
3920 -2
3921 -1.2973
3922 -0.945946
3923 -0.594595
3924 -1.8
3925 -1.41905
3926 -1.18095
3927 -0.942857
3928 -1.4
3929 -1.20952
3930 -0.971429
3931 -0.733333
3932 -1
3933 -1
3934 -0.761905
3935 -0.52381
3936 -1.3
3937 -1.05405
3938 -0.702703
3939 -0.351351
3940 -1.5
3941 -1.2381
3942 -1
3943 -0.761905
3944 -1.1
3945 -1.02857
3946 -0.790476
3947 -0.552381
3948 -0.7
3949 -0.819048
3950 -0.580952
3951 -0.342857
3952 -0.6
3953 -0.810811
3954 -0.459459
3955 -0.108108
3956 -1.2
3957 -1.05714
3958 -0.819048
3959 -0.580952
3960 -0.8
3961 -0.847619
3962 -0.609524
3963 -0.371429
3964 -0.4
3965 -0.638095
3966 -0.4
3967 -0.161905
3968 -0.666667
3969 -0.821429
3970 -0.357143
3971 0.107143
3972 -1.42857
3973 -1.10465
3974 -0.813953
3975 -0.523256
3976 -0.857143
3977 -0.848837
3978 -0.55814
3979 -0.267442
3980 -0.285714
3981 -0.593023
3982 -0.302326
3983 -0.0116279
3984 -1.6
3985 -1.10811
3986 -0.756757
3987 -0.405405
3988 -1.6
3989 -1.26667
3990 -1.02857
3991 -0.790476
3992 -1.2
3993 -1.05714
3994 -0.819048
3995 -0.580952
3996 -0.8
3997 -0.847619
3998 -0.609524
3999 -0.371429
4000 -0.9
4001 -0.864865
4002 -0.513514
4003 -0.162162
4004 -1.3
4005 -1.08571
4006 -0.847619
4007 -0.609524
4008 -0.9
4009 -0.87619
4010 -0.638095
4011 -0.4
4012 -0.5
4013 -0.666667
4014 -0.428571
4015 -0.190476
4016 -0.2
4017 -0.621622
4018 -0.27027
4019 0.0810811
4020 -1
4021 -0.904762
4022 -0.666667
4023 -0.428571
4024 -0.6
4025 -0.695238
4026 -0.457143
4027 -0.219048
4028 -0.2
4029 -0.485714
4030 -0.247619
4031 -0.00952381
4032 0.666667
4033 -0.571429
4034 -0.107143
4035 0.357143
4036 -1.14286
4037 -0.918605
4038 -0.627907
4039 -0.337209
4040 -0.571429
4041 -0.662791
4042 -0.372093
4043 -0.0813954
4044 -6.64357e-13
4045 -0.406977
4046 -0.116279
4047 0.174419
4048 -1.2
4049 -0.918919
4050 -0.567568
4051 -0.216216
4052 -1.4
4053 -1.11429
4054 -0.87619
4055 -0.638095
4056 -1
4057 -0.904762
4058 -0.666667
4059 -0.428571
4060 -0.6
4061 -0.695238
4062 -0.457143
4063 -0.219048
4064 -0.5
4065 -0.675676
4066 -0.324324
4067 0.027027
4068 -1.1
4069 -0.933333
4070 -0.695238
4071 -0.457143
4072 -0.7
4073 -0.72381
4074 -0.485714
4075 -0.247619
4076 -0.3
4077 -0.514286
4078 -0.27619
4079 -0.0380952
4080 0.2
4081 -0.432432
4082 -0.0810811
4083 0.27027
4084 -0.8
4085 -0.752381
4086 -0.514286
4087 -0.27619
4088 -0.4
4089 -0.542857
4090 -0.304762
4091 -0.0666667
4092 -6.19949e-13
4093 -0.333333
4094 -0.0952381
4095 0.142857
