#CSC Position Offset LUT
#Structure is comparator code (iCC) -> Stub position offset
#iCC bits: 12
#<header> v1.0 12 32 </header>
0 0
1 0
2 0
3 0
4 0
5 0
6 0
7 0
8 0
9 0
10 0
11 0
12 0
13 0
14 0
15 0
16 0
17 0
18 0
19 0
20 0
21 -1
22 -1.16667
23 -1.33333
24 0
25 -0.666667
26 -0.833333
27 -1
28 0
29 -0.333333
30 -0.5
31 -0.666667
32 0
33 0
34 0
35 0
36 0
37 -0.166667
38 -0.333333
39 -0.5
40 0
41 0.166667
42 -9.93872e-13
43 -0.166667
44 0
45 0.5
46 0.333333
47 0.166667
48 0
49 0
50 0
51 0
52 0
53 0.666667
54 0.5
55 0.333333
56 0
57 1
58 0.833333
59 0.666667
60 0
61 1.33333
62 1.16667
63 1
64 0
65 0
66 0
67 0
68 0
69 -0.428571
70 -0.285714
71 -0.142857
72 0
73 -0.142857
74 -9.22817e-13
75 0.142857
76 0
77 0.142857
78 0.285714
79 0.428571
80 0
81 -0.571429
82 -0.357143
83 -0.142857
84 -0.666667
85 -0.6
86 -0.5
87 -0.4
88 -0.333333
89 -0.4
90 -0.3
91 -0.2
92 -2.59109e-09
93 -0.2
94 -0.1
95 1.03295e-12
96 0
97 -0.214286
98 -3.13527e-13
99 0.214286
100 -0.333333
101 -0.3
102 -0.2
103 -0.1
104 1.75126e-09
105 -0.1
106 1.01519e-12
107 0.1
108 0.333333
109 0.1
110 0.2
111 0.3
112 0
113 0.142857
114 0.357143
115 0.571429
116 1.75126e-09
117 3.37508e-13
118 0.1
119 0.2
120 0.333333
121 0.2
122 0.3
123 0.4
124 0.666667
125 0.4
126 0.5
127 0.6
128 0
129 0
130 0
131 0
132 0
133 0.142857
134 0.285714
135 0.428571
136 0
137 0.428571
138 0.571429
139 0.714286
140 0
141 0.714286
142 0.857143
143 1
144 0
145 -0.142857
146 0.0714286
147 0.285714
148 -0.333333
149 -0.2
150 -0.1
151 7.24754e-13
152 1.75126e-09
153 -8.79297e-14
154 0.1
155 0.2
156 0.333333
157 0.2
158 0.3
159 0.4
160 0
161 0.214286
162 0.428571
163 0.642857
164 -6.48931e-09
165 0.1
166 0.2
167 0.3
168 0.333333
169 0.3
170 0.4
171 0.5
172 0.666667
173 0.5
174 0.6
175 0.7
176 0
177 0.571429
178 0.785714
179 1
180 0.333333
181 0.4
182 0.5
183 0.6
184 0.666667
185 0.6
186 0.7
187 0.8
188 1
189 0.8
190 0.9
191 1
192 0
193 0
194 0
195 0
196 0
197 0.714286
198 0.857143
199 1
200 0
201 1
202 1.14286
203 1.28571
204 0
205 1.28571
206 1.42857
207 1.57143
208 0
209 0.285714
210 0.5
211 0.714286
212 1.75126e-09
213 0.2
214 0.3
215 0.4
216 0.333333
217 0.4
218 0.5
219 0.6
220 0.666667
221 0.6
222 0.7
223 0.8
224 0
225 0.642857
226 0.857143
227 1.07143
228 0.333333
229 0.5
230 0.6
231 0.7
232 0.666667
233 0.7
234 0.8
235 0.9
236 1
237 0.9
238 1
239 1.1
240 0
241 1
242 1.21429
243 1.42857
244 0.666667
245 0.8
246 0.9
247 1
248 1
249 1
250 1.1
251 1.2
252 1.33333
253 1.2
254 1.3
255 1.4
256 0
257 0
258 0
259 0
260 0
261 -0.576923
262 -0.307692
263 -0.0384615
264 0
265 -0.269231
266 1.22569e-13
267 0.269231
268 0
269 0.0384615
270 0.307692
271 0.576923
272 0
273 -0.666667
274 -0.333333
275 1.04523e-09
276 -0.785787
277 -0.685714
278 -0.485714
279 -0.285714
280 -0.357143
281 -0.457143
282 -0.257143
283 -0.0571429
284 0.07145
285 -0.228571
286 -0.0285714
287 0.171429
288 0
289 -0.333333
290 -3.69044e-09
291 0.333333
292 -0.428632
293 -0.428571
294 -0.228571
295 -0.0285714
296 -6.88631e-11
297 -0.2
298 4.9738e-14
299 0.2
300 0.428591
301 0.0285714
302 0.228571
303 0.428571
304 0
305 4.75994e-09
306 0.333333
307 0.666667
308 -0.0714796
309 -0.171429
310 0.0285714
311 0.228571
312 0.357143
313 0.0571429
314 0.257143
315 0.457143
316 0.785732
317 0.285714
318 0.485714
319 0.685714
320 0
321 -0.423069
322 2.30926e-14
323 0.423077
324 -0.571429
325 -0.5
326 -0.25
327 -2.66305e-09
328 -1.74971e-13
329 -0.25
330 6.43273e-10
331 0.25
332 0.571429
333 6.43273e-10
334 0.25
335 0.5
336 -0.833333
337 -0.571426
338 -0.257143
339 0.0571429
340 -0.7
341 -0.6
342 -0.4
343 -0.2
344 -0.3
345 -0.4
346 -0.2
347 7.83114e-10
348 0.1
349 -0.2
350 -9.15165e-10
351 0.2
352 5.32907e-15
353 -0.314283
354 5.21141e-06
355 0.314286
356 -0.4
357 -0.4
358 -0.2
359 4.79888e-09
360 -2.6823e-13
361 -0.2
362 4.90402e-09
363 0.2
364 0.4
365 4.90402e-09
366 0.2
367 0.4
368 0.833333
369 -0.0571405
370 0.257147
371 0.571429
372 -0.1
373 -0.2
374 4.90477e-09
375 0.2
376 0.3
377 3.74269e-09
378 0.2
379 0.4
380 0.7
381 0.2
382 0.4
383 0.6
384 0
385 -0.115383
386 0.307693
387 0.730769
388 -0.285714
389 -0.25
390 -4.35711e-10
391 0.25
392 0.285714
393 1.3218e-09
394 0.25
395 0.5
396 0.857143
397 0.25
398 0.5
399 0.75
400 -0.5
401 -0.342857
402 -0.0285711
403 0.285714
404 -0.5
405 -0.4
406 -0.2
407 1.94186e-09
408 -0.1
409 -0.2
410 1.41752e-09
411 0.2
412 0.3
413 1.41752e-09
414 0.2
415 0.4
416 0.333333
417 -0.0857137
418 0.228572
419 0.542857
420 -0.2
421 -0.2
422 -9.01418e-10
423 0.2
424 0.2
425 5.01592e-09
426 0.2
427 0.4
428 0.6
429 0.2
430 0.4
431 0.6
432 1.16667
433 0.171429
434 0.485714
435 0.8
436 0.1
437 5.01592e-09
438 0.2
439 0.4
440 0.5
441 0.2
442 0.4
443 0.6
444 0.9
445 0.4
446 0.6
447 0.8
448 0
449 0.192308
450 0.615392
451 1.03846
452 -1.01341e-12
453 1.3218e-09
454 0.25
455 0.5
456 0.571429
457 0.25
458 0.5
459 0.75
460 1.14286
461 0.5
462 0.75
463 1
464 -0.166667
465 -0.114286
466 0.200002
467 0.514288
468 -0.3
469 -0.2
470 4.90477e-09
471 0.2
472 0.1
473 3.74307e-09
474 0.2
475 0.4
476 0.5
477 0.2
478 0.4
479 0.6
480 0.666667
481 0.142857
482 0.457145
483 0.77143
484 -1.48326e-13
485 5.01592e-09
486 0.2
487 0.4
488 0.4
489 0.2
490 0.4
491 0.6
492 0.8
493 0.4
494 0.6
495 0.8
496 1.5
497 0.4
498 0.714288
499 1.02857
500 0.3
501 0.2
502 0.4
503 0.6
504 0.7
505 0.4
506 0.6
507 0.8
508 1.1
509 0.6
510 0.8
511 1
512 0
513 0
514 0
515 0
516 0
517 -0.153846
518 0.115385
519 0.384615
520 0
521 0.153846
522 0.423077
523 0.692308
524 0
525 0.461538
526 0.730769
527 1
528 0
529 -0.333333
530 -2.59109e-09
531 0.333333
532 -0.571429
533 -0.371429
534 -0.171429
535 0.0285714
536 -0.142857
537 -0.142857
538 0.0571429
539 0.257143
540 0.285671
541 0.0857143
542 0.285714
543 0.485714
544 0
545 1.75126e-09
546 0.333333
547 0.666667
548 -0.214286
549 -0.114286
550 0.0857143
551 0.285714
552 0.214286
553 0.114286
554 0.314286
555 0.514286
556 0.64282
557 0.342857
558 0.542857
559 0.742857
560 0
561 0.333333
562 0.666667
563 1
564 0.142857
565 0.142857
566 0.342857
567 0.542857
568 0.571429
569 0.371429
570 0.571429
571 0.771429
572 0.999967
573 0.6
574 0.8
575 1
576 0
577 -0.153846
578 0.269238
579 0.692308
580 -0.428571
581 -0.25
582 -3.29173e-09
583 0.25
584 0.142857
585 3.14629e-09
586 0.25
587 0.5
588 0.714286
589 0.25
590 0.5
591 0.75
592 -1
593 -0.371429
594 -0.0571405
595 0.257147
596 -0.6
597 -0.4
598 -0.2
599 7.70747e-10
600 -0.2
601 -0.2
602 -3.88725e-09
603 0.2
604 0.2
605 -3.88725e-09
606 0.2
607 0.4
608 -0.166667
609 -0.114286
610 0.200002
611 0.514288
612 -0.3
613 -0.2
614 -2.16905e-09
615 0.2
616 0.1
617 2.10999e-09
618 0.2
619 0.4
620 0.5
621 0.2
622 0.4
623 0.6
624 0.666667
625 0.142857
626 0.457145
627 0.77143
628 1.10134e-13
629 2.10961e-09
630 0.2
631 0.4
632 0.4
633 0.2
634 0.4
635 0.6
636 0.8
637 0.4
638 0.6
639 0.8
640 0
641 0.153842
642 0.576925
643 1
644 -0.142857
645 5.04326e-09
646 0.25
647 0.5
648 0.428571
649 0.25
650 0.5
651 0.75
652 1
653 0.5
654 0.75
655 1
656 -0.666667
657 -0.142858
658 0.171429
659 0.485714
660 -0.4
661 -0.2
662 -2.16905e-09
663 0.2
664 2.4869e-14
665 2.68028e-09
666 0.2
667 0.4
668 0.4
669 0.2
670 0.4
671 0.6
672 0.166667
673 0.114285
674 0.428572
675 0.742857
676 -0.1
677 3.97756e-09
678 0.2
679 0.4
680 0.3
681 0.2
682 0.4
683 0.6
684 0.7
685 0.4
686 0.6
687 0.8
688 1
689 0.371428
690 0.685715
691 1
692 0.2
693 0.2
694 0.4
695 0.6
696 0.6
697 0.4
698 0.6
699 0.8
700 1
701 0.6
702 0.8
703 1
704 0
705 0.461504
706 0.884615
707 1.3077
708 0.142857
709 0.25
710 0.5
711 0.75
712 0.714286
713 0.5
714 0.75
715 1
716 1.28571
717 0.75
718 1
719 1.25
720 -0.333333
721 0.0857017
722 0.4
723 0.714288
724 -0.2
725 -9.6798e-10
726 0.2
727 0.4
728 0.2
729 0.2
730 0.4
731 0.6
732 0.6
733 0.4
734 0.6
735 0.8
736 0.5
737 0.342846
738 0.657143
739 0.971431
740 0.1
741 0.2
742 0.4
743 0.6
744 0.5
745 0.4
746 0.6
747 0.8
748 0.9
749 0.6
750 0.8
751 1
752 1.33333
753 0.59999
754 0.914286
755 1.22857
756 0.4
757 0.4
758 0.6
759 0.8
760 0.8
761 0.6
762 0.8
763 1
764 1.2
765 0.8
766 1
767 1.2
768 0
769 0
770 0
771 0
772 0
773 0.269231
774 0.538462
775 0.807692
776 0
777 0.576923
778 0.846154
779 1.11538
780 0
781 0.884615
782 1.15385
783 1.42308
784 0
785 1.75126e-09
786 0.333333
787 0.666667
788 -0.357143
789 -0.0571429
790 0.142857
791 0.342857
792 0.0714286
793 0.171429
794 0.371429
795 0.571429
796 0.5
797 0.4
798 0.6
799 0.8
800 0
801 0.333333
802 0.666667
803 1
804 -4.34319e-13
805 0.2
806 0.4
807 0.6
808 0.428571
809 0.428571
810 0.628571
811 0.828571
812 0.857143
813 0.657143
814 0.857143
815 1.05714
816 0
817 0.666667
818 1
819 1.33333
820 0.357143
821 0.457143
822 0.657143
823 0.857143
824 0.785714
825 0.685714
826 0.885714
827 1.08571
828 1.21429
829 0.914286
830 1.11429
831 1.31429
832 0
833 0.115344
834 0.538462
835 0.961545
836 -0.285714
837 2.5035e-10
838 0.25
839 0.5
840 0.285714
841 0.25
842 0.5
843 0.75
844 0.857143
845 0.5
846 0.75
847 1
848 -1.16667
849 -0.171443
850 0.142857
851 0.457145
852 -0.5
853 -0.2
854 1.42344e-09
855 0.2
856 -0.1
857 2.11075e-09
858 0.2
859 0.4
860 0.3
861 0.2
862 0.4
863 0.6
864 -0.333333
865 0.0857017
866 0.4
867 0.714288
868 -0.2
869 2.71832e-10
870 0.2
871 0.4
872 0.2
873 0.2
874 0.4
875 0.6
876 0.6
877 0.4
878 0.6
879 0.8
880 0.5
881 0.342846
882 0.657143
883 0.971431
884 0.1
885 0.2
886 0.4
887 0.6
888 0.5
889 0.4
890 0.6
891 0.8
892 0.9
893 0.6
894 0.8
895 1
896 0
897 0.423077
898 0.846151
899 1.26923
900 -3.47278e-13
901 0.25
902 0.5
903 0.75
904 0.571429
905 0.5
906 0.75
907 1
908 1.14286
909 0.75
910 1
911 1.25
912 -0.833333
913 0.0570899
914 0.371428
915 0.685715
916 -0.3
917 2.8197e-09
918 0.2
919 0.4
920 0.1
921 0.2
922 0.4
923 0.6
924 0.5
925 0.4
926 0.6
927 0.8
928 -2.0659e-12
929 0.314239
930 0.62857
931 0.942858
932 -1.15463e-13
933 0.2
934 0.4
935 0.6
936 0.4
937 0.4
938 0.6
939 0.8
940 0.8
941 0.6
942 0.8
943 1
944 0.833333
945 0.571387
946 0.885713
947 1.2
948 0.3
949 0.4
950 0.6
951 0.8
952 0.7
953 0.6
954 0.8
955 1
956 1.1
957 0.8
958 1
959 1.2
960 0
961 0.730769
962 1.15382
963 1.57692
964 0.285714
965 0.5
966 0.75
967 1
968 0.857143
969 0.75
970 1
971 1.25
972 1.42857
973 1
974 1.25
975 1.5
976 -0.5
977 0.285714
978 0.59999
979 0.914286
980 -0.1
981 0.2
982 0.4
983 0.6
984 0.3
985 0.4
986 0.6
987 0.8
988 0.7
989 0.6
990 0.8
991 1
992 0.333333
993 0.542857
994 0.857134
995 1.17143
996 0.2
997 0.4
998 0.6
999 0.8
1000 0.6
1001 0.6
1002 0.8
1003 1
1004 1
1005 0.8
1006 1
1007 1.2
1008 1.16667
1009 0.799896
1010 1.11428
1011 1.42857
1012 0.5
1013 0.6
1014 0.8
1015 1
1016 0.9
1017 0.8
1018 1
1019 1.2
1020 1.3
1021 1
1022 1.2
1023 1.4
1024 0
1025 0
1026 0
1027 0
1028 0
1029 -0.666667
1030 -0.333333
1031 4.51384e-09
1032 0
1033 -0.333333
1034 -3.31514e-10
1035 0.333333
1036 0
1037 -3.31514e-10
1038 0.333333
1039 0.666667
1040 0
1041 -0.736842
1042 -0.342105
1043 0.0526316
1044 -0.846154
1045 -0.75
1046 -0.5
1047 -0.25
1048 -0.384615
1049 -0.5
1050 -0.25
1051 4.24949e-09
1052 0.0770011
1053 -0.25
1054 -1.6016e-09
1055 0.25
1056 0
1057 -0.394737
1058 -7.37188e-14
1059 0.394737
1060 -0.461538
1061 -0.5
1062 -0.25
1063 2.54224e-09
1064 -1.73008e-09
1065 -0.25
1066 2.43242e-09
1067 0.25
1068 0.461607
1069 2.43242e-09
1070 0.25
1071 0.5
1072 0
1073 -0.0526316
1074 0.342105
1075 0.736842
1076 -0.0769231
1077 -0.25
1078 5.10866e-09
1079 0.25
1080 0.384615
1081 7.69317e-09
1082 0.25
1083 0.5
1084 0.846215
1085 0.25
1086 0.5
1087 0.75
1088 0
1089 -0.473567
1090 -2.25597e-13
1091 0.473684
1092 -0.583333
1093 -0.559322
1094 -0.271186
1095 0.0169492
1096 -1.79412e-13
1097 -0.288136
1098 2.66454e-15
1099 0.288136
1100 0.583333
1101 -0.0169492
1102 0.271186
1103 0.559322
1104 -0.714286
1105 -0.61535
1106 -0.269231
1107 0.0769231
1108 -0.714286
1109 -0.648629
1110 -0.418919
1111 -0.189189
1112 -0.314286
1113 -0.4324
1114 -0.202703
1115 0.027027
1116 0.0857143
1117 -0.216216
1118 0.0135135
1119 0.243243
1120 3.29869e-12
1121 -0.346121
1122 -1.77636e-14
1123 0.346154
1124 -0.4
1125 -0.44593
1126 -0.216216
1127 0.0135135
1128 -5.32907e-14
1129 -0.229703
1130 3.10862e-14
1131 0.22973
1132 0.4
1133 -0.0135135
1134 0.216216
1135 0.445946
1136 0.714286
1137 -0.076893
1138 0.269231
1139 0.615385
1140 -0.0857143
1141 -0.24323
1142 -0.0135135
1143 0.216216
1144 0.314286
1145 -0.0270046
1146 0.202703
1147 0.432432
1148 0.714286
1149 0.189224
1150 0.418919
1151 0.648649
1152 0
1153 -0.157877
1154 0.315789
1155 0.789474
1156 -0.25
1157 -0.32202
1158 -0.0338983
1159 0.254237
1160 0.333333
1161 -0.0508214
1162 0.237288
1163 0.525424
1164 0.916667
1165 0.220339
1166 0.508475
1167 0.79661
1168 -0.285714
1169 -0.38461
1170 -0.0383895
1171 0.307692
1172 -0.485714
1173 -0.459453
1174 -0.229703
1175 -8.88178e-15
1176 -0.0857143
1177 -0.24323
1178 -0.0135135
1179 0.216216
1180 0.314286
1181 -0.0270046
1182 0.202703
1183 0.432432
1184 0.428571
1185 -0.11538
1186 0.230838
1187 0.576923
1188 -0.171429
1189 -0.256751
1190 -0.0270046
1191 0.202703
1192 0.228571
1193 -0.0405297
1194 0.189224
1195 0.418919
1196 0.628571
1197 0.175694
1198 0.405405
1199 0.635135
1200 1.14286
1201 0.153851
1202 0.500065
1203 0.846154
1204 0.142857
1205 -0.0540496
1206 0.175694
1207 0.405405
1208 0.542857
1209 0.162171
1210 0.391921
1211 0.621622
1212 0.942857
1213 0.378394
1214 0.608152
1215 0.837838
1216 0
1217 0.157895
1218 0.631666
1219 1.10526
1220 0.0833333
1221 -0.0847422
1222 0.20341
1223 0.491525
1224 0.666667
1225 0.186449
1226 0.474576
1227 0.762712
1228 1.25
1229 0.457644
1230 0.745763
1231 1.0339
1232 0.142857
1233 -0.153846
1234 0.192336
1235 0.538462
1236 -0.257143
1237 -0.270268
1238 -0.0405297
1239 0.189224
1240 0.142857
1241 -0.0540496
1242 0.175694
1243 0.405405
1244 0.542857
1245 0.162171
1246 0.391921
1247 0.621622
1248 0.857143
1249 0.115385
1250 0.461564
1251 0.807692
1252 0.0571429
1253 -0.0675662
1254 0.162171
1255 0.391921
1256 0.457143
1257 0.148652
1258 0.378394
1259 0.608152
1260 0.857143
1261 0.364872
1262 0.59462
1263 0.824324
1264 1.57143
1265 0.384615
1266 0.730793
1267 1.07692
1268 0.371429
1269 0.135136
1270 0.364872
1271 0.59462
1272 0.771429
1273 0.351354
1274 0.581094
1275 0.810848
1276 1.17143
1277 0.567574
1278 0.797319
1279 1.02703
1280 0
1281 -0.547619
1282 -2.65565e-13
1283 0.547619
1284 -0.692308
1285 -0.617647
1286 -0.294118
1287 0.0294118
1288 -4.14779e-13
1289 -0.323529
1290 2.75335e-14
1291 0.323529
1292 0.692308
1293 -0.0294118
1294 0.294118
1295 0.617647
1296 -0.928571
1297 -0.677966
1298 -0.288136
1299 0.101695
1300 -0.8
1301 -0.697674
1302 -0.44186
1303 -0.186047
1304 -0.35
1305 -0.465116
1306 -0.209302
1307 0.0465116
1308 0.1
1309 -0.232558
1310 0.0232558
1311 0.27907
1312 8.03801e-13
1313 -0.38983
1314 8.88178e-16
1315 0.38983
1316 -0.45
1317 -0.488372
1318 -0.232558
1319 0.0232558
1320 -2.40696e-13
1321 -0.255814
1322 1.59872e-14
1323 0.255814
1324 0.45
1325 -0.0232558
1326 0.232558
1327 0.488372
1328 0.928571
1329 -0.101695
1330 0.288136
1331 0.677966
1332 -0.1
1333 -0.27907
1334 -0.0232558
1335 0.232558
1336 0.35
1337 -0.0465116
1338 0.209302
1339 0.465116
1340 0.8
1341 0.186047
1342 0.44186
1343 0.697674
1344 5.25802e-13
1345 -0.464286
1346 4.37872e-13
1347 0.464286
1348 -0.571429
1349 -0.546505
1350 -0.255814
1351 0.0348837
1352 2.83329e-13
1353 -0.290658
1354 1.64313e-13
1355 0.290698
1356 0.571429
1357 -0.0348837
1358 0.255814
1359 0.546512
1360 -0.7
1361 -0.594595
1362 -0.243243
1363 0.108108
1364 -0.7
1365 -0.628568
1366 -0.390426
1367 -0.152381
1368 -0.3
1369 -0.419029
1370 -0.180952
1371 0.0571429
1372 0.1
1373 -0.209476
1374 0.0285714
1375 0.266667
1376 -1.77636e-14
1377 -0.351351
1378 -2.66454e-15
1379 0.351351
1380 -0.4
1381 -0.447616
1382 -0.209476
1383 0.0285714
1384 -4.35207e-13
1385 -0.238078
1386 0
1387 0.238095
1388 0.4
1389 -0.0285257
1390 0.209524
1391 0.447619
1392 0.7
1393 -0.108108
1394 0.243243
1395 0.594595
1396 -0.1
1397 -0.266664
1398 -0.0285257
1399 0.209524
1400 0.3
1401 -0.0571263
1402 0.181036
1403 0.419048
1404 0.7
1405 0.152424
1406 0.390476
1407 0.628571
1408 1.33333
1409 -0.214286
1410 0.25
1411 0.714286
1412 -0.285714
1413 -0.360465
1414 -0.0697302
1415 0.22093
1416 0.285714
1417 -0.104646
1418 0.186047
1419 0.476744
1420 0.857143
1421 0.151197
1422 0.44186
1423 0.732558
1424 -0.3
1425 -0.405405
1426 -0.0540541
1427 0.297247
1428 -0.5
1429 -0.47619
1430 -0.238078
1431 -1.13687e-13
1432 -0.1
1433 -0.266664
1434 -0.0285257
1435 0.209524
1436 0.3
1437 -0.0571263
1438 0.181036
1439 0.419048
1440 0.4
1441 -0.162162
1442 0.189189
1443 0.540495
1444 -0.2
1445 -0.295238
1446 -0.0571263
1447 0.181036
1448 0.2
1449 -0.0857118
1450 0.152424
1451 0.390476
1452 0.6
1453 0.123825
1454 0.361985
1455 0.6
1456 1.1
1457 0.0810811
1458 0.432432
1459 0.783742
1460 0.1
1461 -0.114286
1462 0.123825
1463 0.361985
1464 0.5
1465 0.0952404
1466 0.333375
1467 0.571429
1468 0.9
1469 0.304777
1470 0.542934
1471 0.780952
1472 2.66667
1473 0.0357143
1474 0.5
1475 0.964286
1476 2.65121e-12
1477 -0.174426
1478 0.116284
1479 0.407067
1480 0.571429
1481 0.0813954
1482 0.372125
1483 0.662791
1484 1.14286
1485 0.337214
1486 0.627992
1487 0.918605
1488 0.1
1489 -0.216216
1490 0.135135
1491 0.486486
1492 -0.3
1493 -0.323813
1494 -0.0857118
1495 0.152424
1496 0.1
1497 -0.114286
1498 0.123825
1499 0.361985
1500 0.5
1501 0.0952404
1502 0.333375
1503 0.571429
1504 0.8
1505 0.027027
1506 0.378378
1507 0.72973
1508 2.55795e-13
1509 -0.14286
1510 0.0952404
1511 0.333375
1512 0.4
1513 0.0666667
1514 0.304777
1515 0.542934
1516 0.8
1517 0.276193
1518 0.514325
1519 0.752381
1520 1.5
1521 0.27027
1522 0.621622
1523 0.972973
1524 0.3
1525 0.0380922
1526 0.276193
1527 0.514325
1528 0.7
1529 0.247619
1530 0.485728
1531 0.723884
1532 1.1
1533 0.457145
1534 0.695276
1535 0.933333
1536 0
1537 -0.285714
1538 0.261905
1539 0.809524
1540 -0.461538
1541 -0.411738
1542 -0.0882353
1543 0.235294
1544 0.230769
1545 -0.117647
1546 0.205882
1547 0.529412
1548 0.923077
1549 0.176471
1550 0.5
1551 0.823529
1552 -0.714286
1553 -0.491525
1554 -0.101695
1555 0.288136
1556 -0.65
1557 -0.534873
1558 -0.27907
1559 -0.0232558
1560 -0.2
1561 -0.302309
1562 -0.0465116
1563 0.209302
1564 0.25
1565 -0.0697674
1566 0.186047
1567 0.44186
1568 0.214286
1569 -0.20339
1570 0.186441
1571 0.576271
1572 -0.3
1573 -0.325571
1574 -0.0697674
1575 0.186047
1576 0.15
1577 -0.093007
1578 0.162791
1579 0.418605
1580 0.6
1581 0.139535
1582 0.395349
1583 0.651163
1584 1.14286
1585 0.0847458
1586 0.474576
1587 0.864407
1588 0.05
1589 -0.116269
1590 0.139535
1591 0.395349
1592 0.5
1593 0.116295
1594 0.372093
1595 0.627907
1596 0.95
1597 0.348858
1598 0.604651
1599 0.860465
1600 0.333333
1601 -0.285714
1602 0.178571
1603 0.642857
1604 -0.428571
1605 -0.395357
1606 -0.104646
1607 0.186047
1608 0.142857
1609 -0.139535
1610 0.151197
1611 0.44186
1612 0.714286
1613 0.116284
1614 0.407067
1615 0.697674
1616 -0.6
1617 -0.459459
1618 -0.108108
1619 0.243243
1620 -0.6
1621 -0.504766
1622 -0.266664
1623 -0.0285257
1624 -0.2
1625 -0.295238
1626 -0.0571263
1627 0.181036
1628 0.2
1629 -0.0857118
1630 0.152424
1631 0.390476
1632 0.1
1633 -0.216216
1634 0.135135
1635 0.486486
1636 -0.3
1637 -0.323813
1638 -0.0857118
1639 0.152424
1640 0.1
1641 -0.114286
1642 0.123825
1643 0.361985
1644 0.5
1645 0.0952404
1646 0.333375
1647 0.571429
1648 0.8
1649 0.027027
1650 0.378378
1651 0.72973
1652 5.24025e-13
1653 -0.14286
1654 0.0952404
1655 0.333375
1656 0.4
1657 0.0666667
1658 0.304777
1659 0.542934
1660 0.8
1661 0.276193
1662 0.514325
1663 0.752381
1664 1.66667
1665 -0.0357143
1666 0.428571
1667 0.892857
1668 -0.142857
1669 -0.209371
1670 0.0813954
1671 0.372125
1672 0.428571
1673 0.0465047
1674 0.337214
1675 0.627992
1676 1
1677 0.302326
1678 0.593053
1679 0.883721
1680 -0.2
1681 -0.27027
1682 0.0810811
1683 0.432432
1684 -0.4
1685 -0.352414
1686 -0.114286
1687 0.123825
1688 -8.08242e-14
1689 -0.14286
1690 0.0952404
1691 0.333375
1692 0.4
1693 0.0666667
1694 0.304777
1695 0.542934
1696 0.5
1697 -0.027027
1698 0.324324
1699 0.675676
1700 -0.1
1701 -0.171459
1702 0.0666667
1703 0.304777
1704 0.3
1705 0.0380922
1706 0.276193
1707 0.514325
1708 0.7
1709 0.247619
1710 0.485728
1711 0.723884
1712 1.2
1713 0.216216
1714 0.567568
1715 0.918919
1716 0.2
1717 0.0094961
1718 0.247619
1719 0.485728
1720 0.6
1721 0.219045
1722 0.457145
1723 0.695276
1724 1
1725 0.428571
1726 0.66668
1727 0.904833
1728 3
1729 0.214286
1730 0.678571
1731 1.14286
1732 0.142857
1733 -0.0232558
1734 0.267436
1735 0.558144
1736 0.714286
1737 0.232502
1738 0.523256
1739 0.813982
1740 1.28571
1741 0.488366
1742 0.779074
1743 1.06984
1744 0.2
1745 -0.0810811
1746 0.27027
1747 0.621622
1748 -0.2
1749 -0.2
1750 0.0380922
1751 0.276193
1752 0.2
1753 0.0094961
1754 0.247619
1755 0.485728
1756 0.6
1757 0.219045
1758 0.457145
1759 0.695276
1760 0.9
1761 0.162162
1762 0.513514
1763 0.864865
1764 0.1
1765 -0.0190476
1766 0.219045
1767 0.457145
1768 0.5
1769 0.190451
1770 0.428571
1771 0.66668
1772 0.9
1773 0.399997
1774 0.638097
1775 0.876226
1776 1.6
1777 0.405405
1778 0.756757
1779 1.10811
1780 0.4
1781 0.161905
1782 0.399997
1783 0.638097
1784 0.8
1785 0.371405
1786 0.609524
1787 0.847632
1788 1.2
1789 0.58095
1790 0.819049
1791 1.05718
1792 0
1793 -0.0238095
1794 0.52381
1795 1.07143
1796 -0.230769
1797 -0.205881
1798 0.117671
1799 0.441176
1800 0.461538
1801 0.0882451
1802 0.411804
1803 0.735294
1804 1.15385
1805 0.382376
1806 0.705882
1807 1.02941
1808 -0.500285
1809 -0.305085
1810 0.0847458
1811 0.474576
1812 -0.5
1813 -0.372092
1814 -0.116269
1815 0.139535
1816 -0.05
1817 -0.139531
1818 0.116295
1819 0.372093
1820 0.4
1821 0.0930328
1822 0.348858
1823 0.604651
1824 0.428571
1825 -0.0169492
1826 0.372881
1827 0.762712
1828 -0.15
1829 -0.16279
1830 0.0930328
1831 0.348858
1832 0.3
1833 0.0697713
1834 0.325597
1835 0.581395
1836 0.75
1837 0.302335
1838 0.55816
1839 0.813953
1840 1.35714
1841 0.271186
1842 0.661017
1843 1.05085
1844 0.2
1845 0.0465122
1846 0.302335
1847 0.55816
1848 0.65
1849 0.279073
1850 0.534899
1851 0.790698
1852 1.1
1853 0.511637
1854 0.767462
1855 1.02326
1856 0.666667
1857 -0.107143
1858 0.357143
1859 0.821429
1860 -0.285714
1861 -0.244186
1862 0.0465047
1863 0.337214
1864 0.285714
1865 0.0115658
1866 0.302326
1867 0.593053
1868 0.857143
1869 0.267436
1870 0.558144
1871 0.848918
1872 -0.5
1873 -0.324324
1874 0.027027
1875 0.378378
1876 -0.5
1877 -0.380952
1878 -0.14286
1879 0.0952404
1880 -0.1
1881 -0.171459
1882 0.0666667
1883 0.304777
1884 0.3
1885 0.0380922
1886 0.276193
1887 0.514325
1888 0.2
1889 -0.0810811
1890 0.27027
1891 0.621622
1892 -0.2
1893 -0.2
1894 0.0380922
1895 0.276193
1896 0.2
1897 0.0094961
1898 0.247619
1899 0.485728
1900 0.6
1901 0.219045
1902 0.457145
1903 0.695276
1904 0.9
1905 0.162162
1906 0.513514
1907 0.864865
1908 0.1
1909 -0.0190476
1910 0.219045
1911 0.457145
1912 0.5
1913 0.190451
1914 0.428571
1915 0.66668
1916 0.9
1917 0.399997
1918 0.638097
1919 0.876226
1920 2
1921 0.142857
1922 0.607143
1923 1.07143
1924 -3.90799e-13
1925 -0.0581395
1926 0.232502
1927 0.523256
1928 0.571429
1929 0.197674
1930 0.488366
1931 0.779074
1932 1.14286
1933 0.453437
1934 0.744186
1935 1.03491
1936 -0.1
1937 -0.135135
1938 0.216216
1939 0.567568
1940 -0.3
1941 -0.228571
1942 0.0094961
1943 0.247619
1944 0.1
1945 -0.0190476
1946 0.219045
1947 0.457145
1948 0.5
1949 0.190451
1950 0.428571
1951 0.66668
1952 0.6
1953 0.108108
1954 0.459459
1955 0.810811
1956 2.40252e-12
1957 -0.047619
1958 0.190451
1959 0.428571
1960 0.4
1961 0.161905
1962 0.399997
1963 0.638097
1964 0.8
1965 0.371405
1966 0.609524
1967 0.847632
1968 1.3
1969 0.351351
1970 0.702703
1971 1.05405
1972 0.3
1973 0.133333
1974 0.371405
1975 0.609524
1976 0.7
1977 0.342857
1978 0.58095
1979 0.819049
1980 1.1
1981 0.552359
1982 0.790476
1983 1.02858
1984 3.33333
1985 0.392857
1986 0.857143
1987 1.32143
1988 0.285714
1989 0.127907
1990 0.418605
1991 0.709297
1992 0.857143
1993 0.383721
1994 0.674371
1995 0.965116
1996 1.42857
1997 0.639535
1998 0.930228
1999 1.22093
2000 0.3
2001 0.0540541
2002 0.405405
2003 0.756757
2004 -0.1
2005 -0.0761905
2006 0.161905
2007 0.399997
2008 0.3
2009 0.133333
2010 0.371405
2011 0.609524
2012 0.7
2013 0.342857
2014 0.58095
2015 0.819049
2016 1
2017 0.297297
2018 0.648649
2019 1
2020 0.2
2021 0.104762
2022 0.342857
2023 0.58095
2024 0.6
2025 0.314286
2026 0.552359
2027 0.790476
2028 1
2029 0.523727
2030 0.761902
2031 1
2032 1.7
2033 0.540541
2034 0.891892
2035 1.24324
2036 0.5
2037 0.285714
2038 0.523727
2039 0.761902
2040 0.9
2041 0.495238
2042 0.733313
2043 0.971429
2044 1.3
2045 0.704685
2046 0.942855
2047 1.18095
2048 0
2049 0
2050 0
2051 0
2052 0
2053 -0.333333
2054 -3.69044e-09
2055 0.333333
2056 0
2057 4.75994e-09
2058 0.333333
2059 0.666667
2060 0
2061 0.333333
2062 0.666667
2063 1
2064 0
2065 -0.473684
2066 -0.0789474
2067 0.315789
2068 -0.692308
2069 -0.5
2070 -0.25
2071 -2.66305e-09
2072 -0.230769
2073 -0.25
2074 6.43273e-10
2075 0.25
2076 0.230769
2077 6.43273e-10
2078 0.25
2079 0.5
2080 0
2081 -0.131579
2082 0.263158
2083 0.657895
2084 -0.307692
2085 -0.25
2086 -4.35711e-10
2087 0.25
2088 0.153846
2089 1.3218e-09
2090 0.25
2091 0.5
2092 0.615385
2093 0.25
2094 0.5
2095 0.75
2096 0
2097 0.210526
2098 0.605273
2099 1
2100 0.0769231
2101 1.3218e-09
2102 0.25
2103 0.5
2104 0.538462
2105 0.25
2106 0.5
2107 0.75
2108 1
2109 0.5
2110 0.75
2111 1
2112 0
2113 -0.263187
2114 0.210542
2115 0.684211
2116 -0.5
2117 -0.355931
2118 -0.0677858
2119 0.220339
2120 0.0833333
2121 -0.0847422
2122 0.20341
2123 0.491525
2124 0.666667
2125 0.186449
2126 0.474576
2127 0.762712
2128 -0.857143
2129 -0.461547
2130 -0.11538
2131 0.230838
2132 -0.657143
2133 -0.486486
2134 -0.256751
2135 -0.0270046
2136 -0.257143
2137 -0.270268
2138 -0.0405297
2139 0.189224
2140 0.142857
2141 -0.0540496
2142 0.175694
2143 0.405405
2144 -0.142857
2145 -0.192316
2146 0.153851
2147 0.500065
2148 -0.342857
2149 -0.283783
2150 -0.0540496
2151 0.175694
2152 0.0571429
2153 -0.0675662
2154 0.162171
2155 0.391921
2156 0.457143
2157 0.148652
2158 0.378394
2159 0.608152
2160 0.571429
2161 0.0769161
2162 0.423081
2163 0.769292
2164 -0.0285714
2165 -0.0810808
2166 0.148652
2167 0.378394
2168 0.371429
2169 0.135136
2170 0.364872
2171 0.59462
2172 0.771429
2173 0.351354
2174 0.581094
2175 0.810848
2176 0
2177 0.0526316
2178 0.526316
2179 1.00008
2180 -0.166667
2181 -0.118644
2182 0.169494
2183 0.457644
2184 0.416667
2185 0.152543
2186 0.440685
2187 0.728842
2188 1
2189 0.423731
2190 0.711878
2191 1
2192 -0.428571
2193 -0.230843
2194 0.115385
2195 0.461564
2196 -0.428571
2197 -0.297297
2198 -0.0675662
2199 0.162171
2200 -0.0285714
2201 -0.0810808
2202 0.148652
2203 0.378394
2204 0.371429
2205 0.135136
2206 0.364872
2207 0.59462
2208 0.285714
2209 0.0383961
2210 0.384615
2211 0.730793
2212 -0.114286
2213 -0.0945946
2214 0.135136
2215 0.364872
2216 0.285714
2217 0.121622
2218 0.351354
2219 0.581094
2220 0.685714
2221 0.337839
2222 0.567574
2223 0.797319
2224 1
2225 0.307634
2226 0.653846
2227 1.00002
2228 0.2
2229 0.108108
2230 0.337839
2231 0.567574
2232 0.6
2233 0.324324
2234 0.554056
2235 0.783795
2236 1
2237 0.540541
2238 0.770275
2239 1.00002
2240 0
2241 0.368421
2242 0.842087
2243 1.3158
2244 0.166667
2245 0.118644
2246 0.40678
2247 0.69492
2248 0.75
2249 0.389831
2250 0.677968
2251 0.966112
2252 1.33333
2253 0.661017
2254 0.949157
2255 1.23731
2256 3.93285e-12
2257 1.22569e-13
2258 0.346148
2259 0.692312
2260 -0.2
2261 -0.108108
2262 0.121622
2263 0.351354
2264 0.2
2265 0.108108
2266 0.337839
2267 0.567574
2268 0.6
2269 0.324324
2270 0.554056
2271 0.783795
2272 0.714286
2273 0.269231
2274 0.615379
2275 0.961542
2276 0.114286
2277 0.0945947
2278 0.324324
2279 0.554056
2280 0.514286
2281 0.310811
2282 0.540541
2283 0.770275
2284 0.914286
2285 0.527027
2286 0.756759
2287 0.986496
2288 1.42857
2289 0.538462
2290 0.88461
2291 1.23077
2292 0.428571
2293 0.297297
2294 0.527027
2295 0.756759
2296 0.828571
2297 0.513514
2298 0.743244
2299 0.972977
2300 1.22857
2301 0.72973
2302 0.959461
2303 1.1892
2304 0
2305 -0.357143
2306 0.190354
2307 0.738173
2308 -0.615385
2309 -0.441165
2310 -0.117647
2311 0.205882
2312 0.0769231
2313 -0.147033
2314 0.176471
2315 0.5
2316 0.769231
2317 0.147099
2318 0.470588
2319 0.794118
2320 -1.07143
2321 -0.542373
2322 -0.152577
2323 0.237311
2324 -0.75
2325 -0.558135
2326 -0.302309
2327 -0.0465116
2328 -0.3
2329 -0.325571
2330 -0.0697674
2331 0.186047
2332 0.15
2333 -0.093007
2334 0.162791
2335 0.418605
2336 -0.142857
2337 -0.254237
2338 0.135562
2339 0.525445
2340 -0.4
2341 -0.348833
2342 -0.093007
2343 0.162791
2344 0.05
2345 -0.116269
2346 0.139535
2347 0.395349
2348 0.5
2349 0.116295
2350 0.372093
2351 0.627907
2352 0.785714
2353 0.0338983
2354 0.423701
2355 0.813578
2356 -0.05
2357 -0.139531
2358 0.116295
2359 0.372093
2360 0.4
2361 0.0930328
2362 0.348858
2363 0.604651
2364 0.85
2365 0.325597
2366 0.581395
2367 0.837209
2368 -0.666667
2369 -0.357143
2370 0.107143
2371 0.571429
2372 -0.571429
2373 -0.430309
2374 -0.139535
2375 0.151197
2376 1.15463e-12
2377 -0.174426
2378 0.116284
2379 0.407067
2380 0.571429
2381 0.0813954
2382 0.372125
2383 0.662791
2384 -0.9
2385 -0.513514
2386 -0.162162
2387 0.189189
2388 -0.7
2389 -0.533369
2390 -0.295238
2391 -0.0571263
2392 -0.3
2393 -0.323813
2394 -0.0857118
2395 0.152424
2396 0.1
2397 -0.114286
2398 0.123825
2399 0.361985
2400 -0.2
2401 -0.27027
2402 0.0810811
2403 0.432432
2404 -0.4
2405 -0.352414
2406 -0.114286
2407 0.123825
2408 1.82609e-12
2409 -0.14286
2410 0.0952404
2411 0.333375
2412 0.4
2413 0.0666667
2414 0.304777
2415 0.542934
2416 0.5
2417 -0.027027
2418 0.324324
2419 0.675676
2420 -0.1
2421 -0.171459
2422 0.0666667
2423 0.304777
2424 0.3
2425 0.0380922
2426 0.276193
2427 0.514325
2428 0.7
2429 0.247619
2430 0.485728
2431 0.723884
2432 0.666667
2433 -0.107143
2434 0.357143
2435 0.821429
2436 -0.285714
2437 -0.244186
2438 0.0465047
2439 0.337214
2440 0.285714
2441 0.0115658
2442 0.302326
2443 0.593053
2444 0.857143
2445 0.267436
2446 0.558144
2447 0.848918
2448 -0.5
2449 -0.324324
2450 0.027027
2451 0.378378
2452 -0.5
2453 -0.380952
2454 -0.14286
2455 0.0952404
2456 -0.1
2457 -0.171459
2458 0.0666667
2459 0.304777
2460 0.3
2461 0.0380922
2462 0.276193
2463 0.514325
2464 0.2
2465 -0.0810811
2466 0.27027
2467 0.621622
2468 -0.2
2469 -0.2
2470 0.0380922
2471 0.276193
2472 0.2
2473 0.0094961
2474 0.247619
2475 0.485728
2476 0.6
2477 0.219045
2478 0.457145
2479 0.695276
2480 0.9
2481 0.162162
2482 0.513514
2483 0.864865
2484 0.1
2485 -0.0190476
2486 0.219045
2487 0.457145
2488 0.5
2489 0.190451
2490 0.428571
2491 0.66668
2492 0.9
2493 0.399997
2494 0.638097
2495 0.876226
2496 2
2497 0.142857
2498 0.607143
2499 1.07143
2500 3.39639e-12
2501 -0.0581395
2502 0.232502
2503 0.523256
2504 0.571429
2505 0.197674
2506 0.488366
2507 0.779074
2508 1.14286
2509 0.453437
2510 0.744186
2511 1.03491
2512 -0.1
2513 -0.135135
2514 0.216216
2515 0.567568
2516 -0.3
2517 -0.228571
2518 0.0094961
2519 0.247619
2520 0.1
2521 -0.0190476
2522 0.219045
2523 0.457145
2524 0.5
2525 0.190451
2526 0.428571
2527 0.66668
2528 0.6
2529 0.108108
2530 0.459459
2531 0.810811
2532 9.08607e-13
2533 -0.047619
2534 0.190451
2535 0.428571
2536 0.4
2537 0.161905
2538 0.399997
2539 0.638097
2540 0.8
2541 0.371405
2542 0.609524
2543 0.847632
2544 1.3
2545 0.351351
2546 0.702703
2547 1.05405
2548 0.3
2549 0.133333
2550 0.371405
2551 0.609524
2552 0.7
2553 0.342857
2554 0.58095
2555 0.819049
2556 1.1
2557 0.552359
2558 0.790476
2559 1.02858
2560 0
2561 -0.0952381
2562 0.452381
2563 0.99991
2564 -0.384615
2565 -0.235294
2566 0.0882451
2567 0.411804
2568 0.307692
2569 0.0588251
2570 0.382376
2571 0.705882
2572 1
2573 0.35295
2574 0.676508
2575 1
2576 -0.857143
2577 -0.355932
2578 0.0338983
2579 0.423701
2580 -0.6
2581 -0.395349
2582 -0.139531
2583 0.116295
2584 -0.15
2585 -0.16279
2586 0.0930328
2587 0.348858
2588 0.3
2589 0.0697713
2590 0.325597
2591 0.581395
2592 0.0714286
2593 -0.0677966
2594 0.322034
2595 0.71184
2596 -0.25
2597 -0.186047
2598 0.0697713
2599 0.325597
2600 0.2
2601 0.0465122
2602 0.302335
2603 0.55816
2604 0.65
2605 0.279073
2606 0.534899
2607 0.790698
2608 1
2609 0.220339
2610 0.610169
2611 0.999978
2612 0.1
2613 0.0232558
2614 0.279073
2615 0.534899
2616 0.55
2617 0.255815
2618 0.511637
2619 0.767462
2620 1
2621 0.488375
2622 0.744201
2623 1
2624 -0.333333
2625 -0.178571
2626 0.285714
2627 0.75
2628 -0.428571
2629 -0.27907
2630 0.0115658
2631 0.302326
2632 0.142857
2633 -0.0232558
2634 0.267436
2635 0.558144
2636 0.714286
2637 0.232502
2638 0.523256
2639 0.813982
2640 -0.8
2641 -0.378378
2642 -0.027027
2643 0.324324
2644 -0.6
2645 -0.409524
2646 -0.171459
2647 0.0666667
2648 -0.2
2649 -0.2
2650 0.0380922
2651 0.276193
2652 0.2
2653 0.0094961
2654 0.247619
2655 0.485728
2656 -0.1
2657 -0.135135
2658 0.216216
2659 0.567568
2660 -0.3
2661 -0.228571
2662 0.0094961
2663 0.247619
2664 0.1
2665 -0.0190476
2666 0.219045
2667 0.457145
2668 0.5
2669 0.190451
2670 0.428571
2671 0.66668
2672 0.6
2673 0.108108
2674 0.459459
2675 0.810811
2676 2.27995e-12
2677 -0.047619
2678 0.190451
2679 0.428571
2680 0.4
2681 0.161905
2682 0.399997
2683 0.638097
2684 0.8
2685 0.371405
2686 0.609524
2687 0.847632
2688 1
2689 0.0714286
2690 0.535714
2691 1
2692 -0.142857
2693 -0.0930233
2694 0.197674
2695 0.488366
2696 0.428571
2697 0.162791
2698 0.453437
2699 0.744186
2700 1
2701 0.418605
2702 0.709297
2703 1
2704 -0.4
2705 -0.189189
2706 0.162162
2707 0.513514
2708 -0.4
2709 -0.257143
2710 -0.0190476
2711 0.219045
2712 -8.50875e-13
2713 -0.047619
2714 0.190451
2715 0.428571
2716 0.4
2717 0.161905
2718 0.399997
2719 0.638097
2720 0.3
2721 0.0540541
2722 0.405405
2723 0.756757
2724 -0.1
2725 -0.0761905
2726 0.161905
2727 0.399997
2728 0.3
2729 0.133333
2730 0.371405
2731 0.609524
2732 0.7
2733 0.342857
2734 0.58095
2735 0.819049
2736 1
2737 0.297297
2738 0.648649
2739 1
2740 0.2
2741 0.104762
2742 0.342857
2743 0.58095
2744 0.6
2745 0.314286
2746 0.552359
2747 0.790476
2748 1
2749 0.523727
2750 0.761902
2751 1
2752 2.33333
2753 0.321429
2754 0.785714
2755 1.25
2756 0.142857
2757 0.0930233
2758 0.383721
2759 0.674371
2760 0.714286
2761 0.348837
2762 0.639535
2763 0.930228
2764 1.28571
2765 0.604651
2766 0.895305
2767 1.18605
2768 -4.44977e-13
2769 3.19744e-14
2770 0.351351
2771 0.702703
2772 -0.2
2773 -0.104762
2774 0.133333
2775 0.371405
2776 0.2
2777 0.104762
2778 0.342857
2779 0.58095
2780 0.6
2781 0.314286
2782 0.552359
2783 0.790476
2784 0.7
2785 0.243243
2786 0.594595
2787 0.945946
2788 0.1
2789 0.0761905
2790 0.314286
2791 0.552359
2792 0.5
2793 0.285714
2794 0.523727
2795 0.761902
2796 0.9
2797 0.495238
2798 0.733313
2799 0.971429
2800 1.4
2801 0.486486
2802 0.837838
2803 1.18919
2804 0.4
2805 0.257143
2806 0.495238
2807 0.733313
2808 0.8
2809 0.466667
2810 0.704685
2811 0.942855
2812 1.2
2813 0.67619
2814 0.914266
2815 1.15238
2816 0
2817 0.166667
2818 0.714286
2819 1.2619
2820 -0.153846
2821 -0.0294347
2822 0.294118
2823 0.617656
2824 0.538462
2825 0.264704
2826 0.588237
2827 0.911785
2828 1.23077
2829 0.558824
2830 0.882361
2831 1.20592
2832 -0.642857
2833 -0.169492
2834 0.220339
2835 0.610169
2836 -0.45
2837 -0.232568
2838 0.0232558
2839 0.279073
2840 -3.40172e-13
2841 -9.41116e-07
2842 0.255815
2843 0.511637
2844 0.45
2845 0.232558
2846 0.488375
2847 0.744201
2848 0.285714
2849 0.118644
2850 0.508475
2851 0.898305
2852 -0.1
2853 -0.0232647
2854 0.232558
2855 0.488375
2856 0.35
2857 0.209301
2858 0.465117
2859 0.720939
2860 0.8
2861 0.44186
2862 0.697678
2863 0.953503
2864 1.21429
2865 0.40678
2866 0.79661
2867 1.18644
2868 0.25
2869 0.186038
2870 0.44186
2871 0.697678
2872 0.7
2873 0.418604
2874 0.674419
2875 0.930241
2876 1.15
2877 0.651163
2878 0.90698
2879 1.1628
2880 2.18492e-13
2881 -5.41789e-13
2882 0.464286
2883 0.928571
2884 -0.285714
2885 -0.127907
2886 0.162791
2887 0.453437
2888 0.285714
2889 0.127907
2890 0.418605
2891 0.709297
2892 0.857143
2893 0.383721
2894 0.674371
2895 0.965116
2896 -0.7
2897 -0.243243
2898 0.108108
2899 0.459459
2900 -0.5
2901 -0.285714
2902 -0.047619
2903 0.190451
2904 -0.1
2905 -0.0761905
2906 0.161905
2907 0.399997
2908 0.3
2909 0.133333
2910 0.371405
2911 0.609524
2912 6.61693e-13
2913 9.05942e-14
2914 0.351351
2915 0.702703
2916 -0.2
2917 -0.104762
2918 0.133333
2919 0.371405
2920 0.2
2921 0.104762
2922 0.342857
2923 0.58095
2924 0.6
2925 0.314286
2926 0.552359
2927 0.790476
2928 0.7
2929 0.243243
2930 0.594595
2931 0.945946
2932 0.1
2933 0.0761905
2934 0.314286
2935 0.552359
2936 0.5
2937 0.285714
2938 0.523727
2939 0.761902
2940 0.9
2941 0.495238
2942 0.733313
2943 0.971429
2944 1.33333
2945 0.25
2946 0.714286
2947 1.17857
2948 1.04095e-12
2949 0.0581395
2950 0.348837
2951 0.639535
2952 0.571429
2953 0.313953
2954 0.604651
2955 0.895305
2956 1.14286
2957 0.569767
2958 0.860465
2959 1.15116
2960 -0.3
2961 -0.0540541
2962 0.297297
2963 0.648649
2964 -0.3
2965 -0.133333
2966 0.104762
2967 0.342857
2968 0.1
2969 0.0761905
2970 0.314286
2971 0.552359
2972 0.5
2973 0.285714
2974 0.523727
2975 0.761902
2976 0.4
2977 0.189189
2978 0.540541
2979 0.891892
2980 1.45661e-13
2981 0.047619
2982 0.285714
2983 0.523727
2984 0.4
2985 0.257143
2986 0.495238
2987 0.733313
2988 0.8
2989 0.466667
2990 0.704685
2991 0.942855
2992 1.1
2993 0.432432
2994 0.783784
2995 1.13514
2996 0.3
2997 0.228571
2998 0.466667
2999 0.704685
3000 0.7
3001 0.438095
3002 0.67619
3003 0.914266
3004 1.1
3005 0.647619
3006 0.885643
3007 1.12381
3008 2.66667
3009 0.5
3010 0.964286
3011 1.42857
3012 0.285714
3013 0.244186
3014 0.534884
3015 0.825581
3016 0.857143
3017 0.5
3018 0.790698
3019 1.0814
3020 1.42857
3021 0.755814
3022 1.04651
3023 1.33717
3024 0.1
3025 0.135135
3026 0.486486
3027 0.837838
3028 -0.1
3029 0.0190476
3030 0.257143
3031 0.495238
3032 0.3
3033 0.228571
3034 0.466667
3035 0.704685
3036 0.7
3037 0.438095
3038 0.67619
3039 0.914266
3040 0.8
3041 0.378378
3042 0.72973
3043 1.08108
3044 0.2
3045 0.2
3046 0.438095
3047 0.67619
3048 0.6
3049 0.409524
3050 0.647619
3051 0.885643
3052 1
3053 0.619048
3054 0.857143
3055 1.09522
3056 1.5
3057 0.621622
3058 0.972973
3059 1.32432
3060 0.5
3061 0.380952
3062 0.619048
3063 0.857143
3064 0.9
3065 0.590476
3066 0.828571
3067 1.0666
3068 1.3
3069 0.8
3070 1.0381
3071 1.27617
3072 0
3073 0
3074 0
3075 0
3076 0
3077 1.75126e-09
3078 0.333333
3079 0.666667
3080 0
3081 0.333333
3082 0.666667
3083 1
3084 0
3085 0.666667
3086 1
3087 1.33333
3088 0
3089 -0.210526
3090 0.184212
3091 0.578949
3092 -0.538462
3093 -0.25
3094 -3.29173e-09
3095 0.25
3096 -0.0769231
3097 3.14629e-09
3098 0.25
3099 0.5
3100 0.384615
3101 0.25
3102 0.5
3103 0.75
3104 0
3105 0.131579
3106 0.526317
3107 0.921054
3108 -0.153846
3109 5.04326e-09
3110 0.25
3111 0.5
3112 0.307692
3113 0.25
3114 0.5
3115 0.75
3116 0.769231
3117 0.5
3118 0.75
3119 1
3120 0
3121 0.473684
3122 0.868423
3123 1.26316
3124 0.230769
3125 0.25
3126 0.5
3127 0.75
3128 0.692308
3129 0.5
3130 0.75
3131 1
3132 1.15385
3133 0.75
3134 1
3135 1.25
3136 0
3137 -0.0526316
3138 0.421053
3139 0.894737
3140 -0.416667
3141 -0.152542
3142 0.135593
3143 0.423731
3144 0.166667
3145 0.118644
3146 0.40678
3147 0.69492
3148 0.75
3149 0.389831
3150 0.677968
3151 0.966112
3152 -1
3153 -0.307692
3154 0.0383961
3155 0.384615
3156 -0.6
3157 -0.324324
3158 -0.0945946
3159 0.135136
3160 -0.2
3161 -0.108108
3162 0.121622
3163 0.351354
3164 0.2
3165 0.108108
3166 0.337839
3167 0.567574
3168 -0.285714
3169 -0.0384615
3170 0.307634
3171 0.653846
3172 -0.285714
3173 -0.121622
3174 0.108108
3175 0.337839
3176 0.114286
3177 0.0945947
3178 0.324324
3179 0.554056
3180 0.514286
3181 0.310811
3182 0.540541
3183 0.770275
3184 0.428571
3185 0.230769
3186 0.576871
3187 0.923077
3188 0.0285714
3189 0.0810811
3190 0.310811
3191 0.540541
3192 0.428571
3193 0.297297
3194 0.527027
3195 0.756759
3196 0.828571
3197 0.513514
3198 0.743244
3199 0.972977
3200 0
3201 0.263158
3202 0.736842
3203 1.21051
3204 -0.0833333
3205 0.0847458
3206 0.372882
3207 0.661017
3208 0.5
3209 0.355932
3210 0.644068
3211 0.932204
3212 1.08333
3213 0.627119
3214 0.915254
3215 1.20339
3216 -0.571429
3217 -0.0769231
3218 0.269231
3219 0.615379
3220 -0.371429
3221 -0.135135
3222 0.0945947
3223 0.324324
3224 0.0285714
3225 0.0810811
3226 0.310811
3227 0.540541
3228 0.428571
3229 0.297297
3230 0.527027
3231 0.756759
3232 0.142857
3233 0.192308
3234 0.538462
3235 0.88461
3236 -0.0571429
3237 0.0675676
3238 0.297297
3239 0.527027
3240 0.342857
3241 0.283784
3242 0.513514
3243 0.743244
3244 0.742857
3245 0.5
3246 0.72973
3247 0.959461
3248 0.857143
3249 0.461538
3250 0.807692
3251 1.15384
3252 0.257143
3253 0.27027
3254 0.5
3255 0.72973
3256 0.657143
3257 0.486487
3258 0.716216
3259 0.945946
3260 1.05714
3261 0.702703
3262 0.932432
3263 1.16216
3264 0
3265 0.578947
3266 1.05263
3267 1.52632
3268 0.25
3269 0.322034
3270 0.61017
3271 0.898305
3272 0.833333
3273 0.59322
3274 0.881356
3275 1.16949
3276 1.41667
3277 0.864407
3278 1.15254
3279 1.44068
3280 -0.142857
3281 0.153846
3282 0.5
3283 0.846107
3284 -0.142857
3285 0.054054
3286 0.283784
3287 0.513514
3288 0.257143
3289 0.27027
3290 0.5
3291 0.72973
3292 0.657143
3293 0.486487
3294 0.716216
3295 0.945946
3296 0.571429
3297 0.423077
3298 0.769231
3299 1.11534
3300 0.171429
3301 0.256757
3302 0.486487
3303 0.716216
3304 0.571429
3305 0.472973
3306 0.702703
3307 0.932432
3308 0.971429
3309 0.689189
3310 0.918919
3311 1.14865
3312 1.28571
3313 0.692308
3314 1.03846
3315 1.38458
3316 0.485714
3317 0.459459
3318 0.689189
3319 0.918919
3320 0.885714
3321 0.675676
3322 0.905406
3323 1.13514
3324 1.28571
3325 0.891892
3326 1.12162
3327 1.35135
3328 0
3329 -0.166667
3330 0.380952
3331 0.928571
3332 -0.538462
3333 -0.264709
3334 0.0588251
3335 0.382376
3336 0.153846
3337 0.0294118
3338 0.35295
3339 0.676508
3340 0.846154
3341 0.323531
3342 0.647081
3343 0.970588
3344 -1.21429
3345 -0.40678
3346 -0.0169492
3347 0.372881
3348 -0.7
3349 -0.418606
3350 -0.16279
3351 0.0930328
3352 -0.25
3353 -0.186047
3354 0.0697713
3355 0.325597
3356 0.2
3357 0.0465122
3358 0.302335
3359 0.55816
3360 -0.285714
3361 -0.118644
3362 0.271186
3363 0.661017
3364 -0.35
3365 -0.209303
3366 0.0465122
3367 0.302335
3368 0.1
3369 0.0232558
3370 0.279073
3371 0.534899
3372 0.55
3373 0.255815
3374 0.511637
3375 0.767462
3376 0.642857
3377 0.169492
3378 0.559322
3379 0.949153
3380 -2.66454e-13
3381 -9.41116e-07
3382 0.255815
3383 0.511637
3384 0.45
3385 0.232558
3386 0.488375
3387 0.744201
3388 0.9
3389 0.465117
3390 0.720939
3391 0.976765
3392 -1.33333
3393 -0.25
3394 0.214286
3395 0.678571
3396 -0.571429
3397 -0.313953
3398 -0.0232558
3399 0.267436
3400 -1.60227e-12
3401 -0.0581395
3402 0.232502
3403 0.523256
3404 0.571429
3405 0.197674
3406 0.488366
3407 0.779074
3408 -1.1
3409 -0.432432
3410 -0.0810811
3411 0.27027
3412 -0.7
3413 -0.438095
3414 -0.2
3415 0.0380922
3416 -0.3
3417 -0.228571
3418 0.0094961
3419 0.247619
3420 0.1
3421 -0.0190476
3422 0.219045
3423 0.457145
3424 -0.4
3425 -0.189189
3426 0.162162
3427 0.513514
3428 -0.4
3429 -0.257143
3430 -0.0190476
3431 0.219045
3432 -5.37348e-13
3433 -0.047619
3434 0.190451
3435 0.428571
3436 0.4
3437 0.161905
3438 0.399997
3439 0.638097
3440 0.3
3441 0.0540541
3442 0.405405
3443 0.756757
3444 -0.1
3445 -0.0761905
3446 0.161905
3447 0.399997
3448 0.3
3449 0.133333
3450 0.371405
3451 0.609524
3452 0.7
3453 0.342857
3454 0.58095
3455 0.819049
3456 -1.18128e-12
3457 1.06581e-13
3458 0.464286
3459 0.928571
3460 -0.285714
3461 -0.127907
3462 0.162791
3463 0.453437
3464 0.285714
3465 0.127907
3466 0.418605
3467 0.709297
3468 0.857143
3469 0.383721
3470 0.674371
3471 0.965116
3472 -0.7
3473 -0.243243
3474 0.108108
3475 0.459459
3476 -0.5
3477 -0.285714
3478 -0.047619
3479 0.190451
3480 -0.1
3481 -0.0761905
3482 0.161905
3483 0.399997
3484 0.3
3485 0.133333
3486 0.371405
3487 0.609524
3488 9.32587e-14
3489 1.47438e-13
3490 0.351351
3491 0.702703
3492 -0.2
3493 -0.104762
3494 0.133333
3495 0.371405
3496 0.2
3497 0.104762
3498 0.342857
3499 0.58095
3500 0.6
3501 0.314286
3502 0.552359
3503 0.790476
3504 0.7
3505 0.243243
3506 0.594595
3507 0.945946
3508 0.1
3509 0.0761905
3510 0.314286
3511 0.552359
3512 0.5
3513 0.285714
3514 0.523727
3515 0.761902
3516 0.9
3517 0.495238
3518 0.733313
3519 0.971429
3520 1.33333
3521 0.25
3522 0.714286
3523 1.17857
3524 7.28306e-14
3525 0.0581395
3526 0.348837
3527 0.639535
3528 0.571429
3529 0.313953
3530 0.604651
3531 0.895305
3532 1.14286
3533 0.569767
3534 0.860465
3535 1.15116
3536 -0.3
3537 -0.0540541
3538 0.297297
3539 0.648649
3540 -0.3
3541 -0.133333
3542 0.104762
3543 0.342857
3544 0.1
3545 0.0761905
3546 0.314286
3547 0.552359
3548 0.5
3549 0.285714
3550 0.523727
3551 0.761902
3552 0.4
3553 0.189189
3554 0.540541
3555 0.891892
3556 9.50351e-13
3557 0.047619
3558 0.285714
3559 0.523727
3560 0.4
3561 0.257143
3562 0.495238
3563 0.733313
3564 0.8
3565 0.466667
3566 0.704685
3567 0.942855
3568 1.1
3569 0.432432
3570 0.783784
3571 1.13514
3572 0.3
3573 0.228571
3574 0.466667
3575 0.704685
3576 0.7
3577 0.438095
3578 0.67619
3579 0.914266
3580 1.1
3581 0.647619
3582 0.885643
3583 1.12381
3584 0
3585 0.0952381
3586 0.642857
3587 1.19048
3588 -0.307692
3589 -0.0589126
3590 0.264704
3591 0.588237
3592 0.384615
3593 0.235274
3594 0.558824
3595 0.882361
3596 1.07692
3597 0.52941
3598 0.852942
3599 1.17649
3600 -1
3601 -0.220339
3602 0.169492
3603 0.559322
3604 -0.55
3605 -0.255852
3606 -9.41116e-07
3607 0.255815
3608 -0.1
3609 -0.0232647
3610 0.232558
3611 0.488375
3612 0.35
3613 0.209301
3614 0.465117
3615 0.720939
3616 -0.0714286
3617 0.0677966
3618 0.457627
3619 0.847458
3620 -0.2
3621 -0.0465464
3622 0.209301
3623 0.465117
3624 0.25
3625 0.186038
3626 0.44186
3627 0.697678
3628 0.7
3629 0.418604
3630 0.674419
3631 0.930241
3632 0.857143
3633 0.355932
3634 0.745763
3635 1.13559
3636 0.15
3637 0.162759
3638 0.418604
3639 0.674419
3640 0.6
3641 0.395341
3642 0.651163
3643 0.90698
3644 1.05
3645 0.627906
3646 0.883721
3647 1.13954
3648 -1
3649 -0.0714286
3650 0.392857
3651 0.857143
3652 -0.428571
3653 -0.162791
3654 0.127907
3655 0.418605
3656 0.142857
3657 0.0930233
3658 0.383721
3659 0.674371
3660 0.714286
3661 0.348837
3662 0.639535
3663 0.930228
3664 -1
3665 -0.297297
3666 0.0540541
3667 0.405405
3668 -0.6
3669 -0.314286
3670 -0.0761905
3671 0.161905
3672 -0.2
3673 -0.104762
3674 0.133333
3675 0.371405
3676 0.2
3677 0.104762
3678 0.342857
3679 0.58095
3680 -0.3
3681 -0.0540541
3682 0.297297
3683 0.648649
3684 -0.3
3685 -0.133333
3686 0.104762
3687 0.342857
3688 0.1
3689 0.0761905
3690 0.314286
3691 0.552359
3692 0.5
3693 0.285714
3694 0.523727
3695 0.761902
3696 0.4
3697 0.189189
3698 0.540541
3699 0.891892
3700 -2.80664e-13
3701 0.047619
3702 0.285714
3703 0.523727
3704 0.4
3705 0.257143
3706 0.495238
3707 0.733313
3708 0.8
3709 0.466667
3710 0.704685
3711 0.942855
3712 0.333333
3713 0.178571
3714 0.642857
3715 1.10714
3716 -0.142857
3717 0.0232558
3718 0.313953
3719 0.604651
3720 0.428571
3721 0.27907
3722 0.569767
3723 0.860465
3724 1
3725 0.534884
3726 0.825581
3727 1.11624
3728 -0.6
3729 -0.108108
3730 0.243243
3731 0.594595
3732 -0.4
3733 -0.161905
3734 0.0761905
3735 0.314286
3736 1.0747e-12
3737 0.047619
3738 0.285714
3739 0.523727
3740 0.4
3741 0.257143
3742 0.495238
3743 0.733313
3744 0.1
3745 0.135135
3746 0.486486
3747 0.837838
3748 -0.1
3749 0.0190476
3750 0.257143
3751 0.495238
3752 0.3
3753 0.228571
3754 0.466667
3755 0.704685
3756 0.7
3757 0.438095
3758 0.67619
3759 0.914266
3760 0.8
3761 0.378378
3762 0.72973
3763 1.08108
3764 0.2
3765 0.2
3766 0.438095
3767 0.67619
3768 0.6
3769 0.409524
3770 0.647619
3771 0.885643
3772 1
3773 0.619048
3774 0.857143
3775 1.09522
3776 1.66667
3777 0.428571
3778 0.892857
3779 1.35714
3780 0.142857
3781 0.209302
3782 0.5
3783 0.790698
3784 0.714286
3785 0.465116
3786 0.755814
3787 1.04651
3788 1.28571
3789 0.72093
3790 1.01163
3791 1.30233
3792 -0.2
3793 0.0810811
3794 0.432432
3795 0.783784
3796 -0.2
3797 -0.00952381
3798 0.228571
3799 0.466667
3800 0.2
3801 0.2
3802 0.438095
3803 0.67619
3804 0.6
3805 0.409524
3806 0.647619
3807 0.885643
3808 0.5
3809 0.324324
3810 0.675676
3811 1.02703
3812 0.1
3813 0.171429
3814 0.409524
3815 0.647619
3816 0.5
3817 0.380952
3818 0.619048
3819 0.857143
3820 0.9
3821 0.590476
3822 0.828571
3823 1.0666
3824 1.2
3825 0.567568
3826 0.918919
3827 1.27027
3828 0.4
3829 0.352381
3830 0.590476
3831 0.828571
3832 0.8
3833 0.561905
3834 0.8
3835 1.0381
3836 1.2
3837 0.771429
3838 1.00952
3839 1.24756
3840 0
3841 0.357143
3842 0.904762
3843 1.45238
3844 -0.0769231
3845 0.147059
3846 0.470518
3847 0.794116
3848 0.615385
3849 0.441176
3850 0.76469
3851 1.08824
3852 1.30769
3853 0.735231
3854 1.05882
3855 1.38235
3856 -0.785714
3857 -0.0338983
3858 0.355932
3859 0.745763
3860 -0.4
3861 -0.0930233
3862 0.162759
3863 0.418604
3864 0.05
3865 0.13945
3866 0.395341
3867 0.651163
3868 0.5
3869 0.372064
3870 0.627906
3871 0.883721
3872 0.142857
3873 0.254237
3874 0.644068
3875 1.0339
3876 -0.05
3877 0.116279
3878 0.372064
3879 0.627906
3880 0.4
3881 0.34876
3882 0.604644
3883 0.860465
3884 0.85
3885 0.581369
3886 0.837209
3887 1.09302
3888 1.07143
3889 0.542373
3890 0.932203
3891 1.32203
3892 0.3
3893 0.325581
3894 0.581369
3895 0.837209
3896 0.75
3897 0.55807
3898 0.813947
3899 1.06977
3900 1.2
3901 0.790674
3902 1.04651
3903 1.30233
3904 -0.666667
3905 0.107143
3906 0.571429
3907 1.03571
3908 -0.285714
3909 -0.0116279
3910 0.27907
3911 0.569767
3912 0.285714
3913 0.244186
3914 0.534884
3915 0.825581
3916 0.857143
3917 0.5
3918 0.790698
3919 1.0814
3920 -0.9
3921 -0.162162
3922 0.189189
3923 0.540541
3924 -0.5
3925 -0.190476
3926 0.047619
3927 0.285714
3928 -0.1
3929 0.0190476
3930 0.257143
3931 0.495238
3932 0.3
3933 0.228571
3934 0.466667
3935 0.704685
3936 -0.2
3937 0.0810811
3938 0.432432
3939 0.783784
3940 -0.2
3941 -0.00952381
3942 0.228571
3943 0.466667
3944 0.2
3945 0.2
3946 0.438095
3947 0.67619
3948 0.6
3949 0.409524
3950 0.647619
3951 0.885643
3952 0.5
3953 0.324324
3954 0.675676
3955 1.02703
3956 0.1
3957 0.171429
3958 0.409524
3959 0.647619
3960 0.5
3961 0.380952
3962 0.619048
3963 0.857143
3964 0.9
3965 0.590476
3966 0.828571
3967 1.0666
3968 0.666667
3969 0.357143
3970 0.821429
3971 1.28571
3972 -9.7522e-13
3973 0.174419
3974 0.465116
3975 0.755814
3976 0.571429
3977 0.430233
3978 0.72093
3979 1.01163
3980 1.14286
3981 0.686047
3982 0.976744
3983 1.26744
3984 -0.5
3985 0.027027
3986 0.378378
3987 0.72973
3988 -0.3
3989 -0.0380952
3990 0.2
3991 0.438095
3992 0.1
3993 0.171429
3994 0.409524
3995 0.647619
3996 0.5
3997 0.380952
3998 0.619048
3999 0.857143
4000 0.2
4001 0.27027
4002 0.621622
4003 0.972973
4004 5.05374e-13
4005 0.142857
4006 0.380952
4007 0.619048
4008 0.4
4009 0.352381
4010 0.590476
4011 0.828571
4012 0.8
4013 0.561905
4014 0.8
4015 1.0381
4016 0.9
4017 0.513514
4018 0.864865
4019 1.21622
4020 0.3
4021 0.32381
4022 0.561905
4023 0.8
4024 0.7
4025 0.533333
4026 0.771429
4027 1.00952
4028 1.1
4029 0.742857
4030 0.980952
4031 1.21905
4032 2
4033 0.607143
4034 1.07143
4035 1.53571
4036 0.285714
4037 0.360465
4038 0.651163
4039 0.94186
4040 0.857143
4041 0.616279
4042 0.906977
4043 1.19767
4044 1.42857
4045 0.872093
4046 1.16279
4047 1.45349
4048 -0.1
4049 0.216216
4050 0.567568
4051 0.918919
4052 -0.1
4053 0.114286
4054 0.352381
4055 0.590476
4056 0.3
4057 0.32381
4058 0.561905
4059 0.8
4060 0.7
4061 0.533333
4062 0.771429
4063 1.00952
4064 0.6
4065 0.459459
4066 0.810811
4067 1.16216
4068 0.2
4069 0.295238
4070 0.533333
4071 0.771429
4072 0.6
4073 0.504762
4074 0.742857
4075 0.980952
4076 1
4077 0.714286
4078 0.952381
4079 1.19048
4080 1.3
4081 0.702703
4082 1.05405
4083 1.40541
4084 0.5
4085 0.47619
4086 0.714286
4087 0.952381
4088 0.9
4089 0.685714
4090 0.92381
4091 1.1619
4092 1.3
4093 0.895238
4094 1.13333
4095 1.37143
