#CSC Slope LUT
#Structure is comparator code (iCC) -> Stub slope
#iCC bits: 12
#<header> v1.0 12 32 </header>
0 16
1 16
2 16
3 16
4 16
5 16
6 16
7 16
8 16
9 16
10 16
11 16
12 16
13 16
14 16
15 16
16 16
17 16
18 16
19 16
20 16
21 16
22 4
23 8
24 16
25 0
26 4
27 8
28 16
29 0
30 4
31 8
32 16
33 16
34 16
35 16
36 16
37 20
38 0
39 4
40 16
41 20
42 0
43 4
44 16
45 20
46 0
47 4
48 16
49 16
50 16
51 16
52 16
53 24
54 20
55 0
56 16
57 24
58 20
59 16
60 16
61 24
62 20
63 16
64 16
65 16
66 16
67 16
68 16
69 16
70 2
71 4
72 16
73 0
74 2
75 5
76 16
77 1
78 3
79 5
80 16
81 0
82 2
83 5
84 16
85 0
86 2
87 4
88 4
89 0
90 3
91 5
92 8
93 1
94 4
95 6
96 16
97 16
98 2
99 5
100 16
101 16
102 1
103 4
104 4
105 0
106 2
107 4
108 8
109 0
110 3
111 5
112 16
113 17
114 1
115 4
116 0
117 17
118 0
119 3
120 4
121 16
122 1
123 4
124 8
125 0
126 2
127 4
128 16
129 16
130 16
131 16
132 16
133 18
134 16
135 1
136 16
137 18
138 16
139 2
140 16
141 17
142 0
143 2
144 16
145 18
146 0
147 3
148 20
149 18
150 0
151 2
152 16
153 17
154 0
155 3
156 4
157 16
158 1
159 4
160 16
161 18
162 16
163 2
164 20
165 19
166 16
167 1
168 0
169 18
170 16
171 2
172 4
173 17
174 0
175 3
176 16
177 19
178 16
179 2
180 20
181 20
182 17
183 0
184 16
185 19
186 16
187 1
188 4
189 18
190 16
191 2
192 16
193 16
194 16
195 16
196 16
197 21
198 19
199 17
200 16
201 21
202 18
203 16
204 16
205 20
206 18
207 16
208 16
209 20
210 17
211 1
212 24
213 20
214 18
215 16
216 20
217 20
218 17
219 0
220 16
221 19
222 16
223 1
224 16
225 21
226 18
227 0
228 24
229 21
230 19
231 16
232 20
233 20
234 18
235 0
236 16
237 20
238 17
239 0
240 16
241 21
242 18
243 16
244 24
245 22
246 20
247 17
248 20
249 21
250 19
251 16
252 16
253 20
254 18
255 0
256 16
257 16
258 16
259 16
260 16
261 16
262 1
263 3
264 16
265 0
266 2
267 3
268 16
269 1
270 2
271 4
272 16
273 16
274 2
275 4
276 16
277 0
278 1
279 3
280 2
281 0
282 2
283 3
284 4
285 1
286 2
287 4
288 16
289 16
290 2
291 4
292 0
293 16
294 1
295 2
296 2
297 0
298 2
299 3
300 5
301 1
302 2
303 4
304 16
305 16
306 2
307 4
308 1
309 16
310 1
311 2
312 3
313 0
314 1
315 3
316 5
317 0
318 2
319 4
320 16
321 0
322 2
323 4
324 16
325 16
326 1
327 3
328 2
329 0
330 2
331 4
332 5
333 1
334 3
335 4
336 0
337 0
338 2
339 4
340 16
341 16
342 1
343 3
344 2
345 0
346 2
347 4
348 4
349 1
350 3
351 4
352 4
353 0
354 2
355 4
356 0
357 16
358 1
359 3
360 3
361 0
362 2
363 4
364 5
365 1
366 3
367 4
368 8
369 0
370 2
371 4
372 1
373 0
374 1
375 3
376 4
377 0
378 2
379 4
380 6
381 1
382 3
383 4
384 16
385 16
386 1
387 3
388 16
389 16
390 0
391 2
392 2
393 16
394 1
395 3
396 5
397 0
398 2
399 4
400 16
401 16
402 1
403 3
404 16
405 16
406 0
407 2
408 1
409 16
410 1
411 3
412 4
413 0
414 2
415 4
416 4
417 16
418 1
419 3
420 0
421 16
422 0
423 2
424 2
425 16
426 1
427 3
428 4
429 0
430 2
431 4
432 8
433 16
434 1
435 3
436 0
437 16
438 0
439 2
440 3
441 16
442 1
443 3
444 5
445 0
446 2
447 4
448 16
449 17
450 0
451 3
452 17
453 17
454 16
455 1
456 1
457 16
458 0
459 2
460 4
461 0
462 1
463 3
464 16
465 17
466 0
467 2
468 17
469 17
470 16
471 1
472 0
473 16
474 0
475 2
476 3
477 16
478 1
479 3
480 4
481 17
482 0
483 2
484 16
485 17
486 0
487 1
488 1
489 16
490 0
491 2
492 4
493 0
494 1
495 3
496 8
497 16
498 1
499 3
500 16
501 17
502 16
503 1
504 2
505 16
506 0
507 2
508 4
509 16
510 1
511 3
512 16
513 16
514 16
515 16
516 16
517 18
518 16
519 0
520 16
521 17
522 16
523 1
524 16
525 16
526 0
527 2
528 16
529 18
530 16
531 2
532 18
533 18
534 16
535 1
536 16
537 17
538 0
539 1
540 1
541 16
542 0
543 2
544 16
545 18
546 16
547 2
548 18
549 18
550 16
551 0
552 16
553 17
554 0
555 1
556 2
557 16
558 0
559 2
560 16
561 18
562 16
563 2
564 17
565 18
566 16
567 0
568 0
569 17
570 16
571 1
572 2
573 17
574 0
575 2
576 16
577 17
578 0
579 2
580 18
581 17
582 16
583 1
584 0
585 16
586 0
587 2
588 3
589 16
590 1
591 3
592 20
593 17
594 0
595 2
596 18
597 17
598 16
599 1
600 16
601 16
602 0
603 2
604 2
605 16
606 1
607 3
608 16
609 17
610 0
611 2
612 17
613 17
614 16
615 1
616 0
617 16
618 0
619 2
620 3
621 16
622 1
623 3
624 4
625 17
626 0
627 2
628 16
629 17
630 16
631 1
632 1
633 16
634 0
635 2
636 4
637 0
638 1
639 3
640 16
641 18
642 0
643 2
644 18
645 18
646 16
647 0
648 16
649 17
650 16
651 1
652 2
653 16
654 0
655 2
656 20
657 18
658 16
659 1
660 19
661 18
662 16
663 0
664 16
665 17
666 0
667 1
668 1
669 16
670 0
671 2
672 16
673 18
674 0
675 2
676 18
677 18
678 16
679 0
680 0
681 17
682 16
683 1
684 2
685 16
686 0
687 2
688 4
689 17
690 0
691 2
692 17
693 18
694 16
695 0
696 0
697 17
698 16
699 1
700 3
701 16
702 0
703 2
704 16
705 18
706 16
707 1
708 19
709 19
710 17
711 0
712 16
713 18
714 16
715 0
716 2
717 17
718 0
719 1
720 20
721 18
722 16
723 1
724 20
725 19
726 17
727 16
728 17
729 18
730 16
731 0
732 0
733 17
734 16
735 1
736 16
737 18
738 16
739 1
740 19
741 19
742 17
743 16
744 16
745 18
746 16
747 0
748 1
749 17
750 0
751 1
752 4
753 18
754 16
755 1
756 18
757 19
758 17
759 16
760 16
761 18
762 16
763 0
764 2
765 17
766 0
767 1
768 16
769 16
770 16
771 16
772 16
773 20
774 18
775 17
776 16
777 19
778 18
779 16
780 16
781 19
782 17
783 0
784 16
785 20
786 18
787 16
788 21
789 20
790 18
791 16
792 19
793 19
794 17
795 16
796 17
797 18
798 17
799 0
800 16
801 20
802 18
803 16
804 21
805 20
806 18
807 17
808 18
809 19
810 18
811 16
812 16
813 18
814 17
815 0
816 16
817 20
818 18
819 16
820 20
821 20
822 18
823 17
824 18
825 19
826 18
827 16
828 0
829 19
830 17
831 16
832 16
833 19
834 16
835 1
836 20
837 19
838 17
839 16
840 17
841 18
842 16
843 0
844 1
845 17
846 0
847 1
848 24
849 19
850 17
851 0
852 20
853 19
854 17
855 16
856 18
857 18
858 16
859 0
860 0
861 17
862 16
863 1
864 20
865 18
866 16
867 1
868 20
869 19
870 17
871 0
872 17
873 18
874 16
875 0
876 0
877 17
878 16
879 1
880 16
881 18
882 16
883 1
884 19
885 19
886 17
887 16
888 16
889 18
890 16
891 0
892 1
893 17
894 16
895 1
896 16
897 19
898 17
899 0
900 21
901 20
902 18
903 16
904 18
905 19
906 17
907 16
908 0
909 18
910 16
911 0
912 24
913 19
914 17
915 0
916 21
917 20
918 18
919 16
920 19
921 19
922 17
923 0
924 16
925 18
926 16
927 0
928 20
929 19
930 17
931 0
932 20
933 20
934 18
935 16
936 18
937 19
938 17
939 0
940 16
941 18
942 16
943 0
944 0
945 19
946 17
947 0
948 20
949 20
950 18
951 16
952 17
953 19
954 17
955 16
956 0
957 18
958 16
959 0
960 16
961 20
962 18
963 16
964 21
965 20
966 19
967 17
968 18
969 20
970 18
971 16
972 16
973 19
974 17
975 0
976 24
977 20
978 18
979 16
980 22
981 20
982 19
983 17
984 20
985 20
986 18
987 16
988 17
989 19
990 17
991 16
992 20
993 20
994 18
995 16
996 21
997 20
998 19
999 17
1000 19
1001 20
1002 18
1003 16
1004 16
1005 19
1006 17
1007 16
1008 16
1009 20
1010 18
1011 0
1012 20
1013 20
1014 19
1015 17
1016 18
1017 20
1018 18
1019 16
1020 16
1021 19
1022 17
1023 16
1024 16
1025 16
1026 16
1027 16
1028 16
1029 16
1030 1
1031 2
1032 16
1033 0
1034 1
1035 2
1036 16
1037 1
1038 2
1039 3
1040 16
1041 0
1042 1
1043 2
1044 16
1045 16
1046 1
1047 2
1048 1
1049 0
1050 1
1051 2
1052 3
1053 1
1054 2
1055 3
1056 16
1057 0
1058 1
1059 3
1060 0
1061 16
1062 1
1063 2
1064 2
1065 0
1066 1
1067 2
1068 3
1069 1
1070 2
1071 3
1072 16
1073 0
1074 1
1075 3
1076 1
1077 16
1078 1
1079 2
1080 2
1081 0
1082 1
1083 2
1084 4
1085 1
1086 2
1087 3
1088 16
1089 16
1090 1
1091 3
1092 16
1093 16
1094 1
1095 2
1096 2
1097 0
1098 1
1099 3
1100 4
1101 1
1102 2
1103 3
1104 16
1105 16
1106 1
1107 3
1108 0
1109 16
1110 1
1111 2
1112 1
1113 0
1114 1
1115 3
1116 3
1117 1
1118 2
1119 3
1120 2
1121 0
1122 1
1123 3
1124 0
1125 0
1126 1
1127 2
1128 2
1129 0
1130 1
1131 3
1132 3
1133 1
1134 2
1135 3
1136 4
1137 0
1138 2
1139 3
1140 1
1141 0
1142 1
1143 2
1144 2
1145 0
1146 2
1147 3
1148 4
1149 1
1150 2
1151 3
1152 16
1153 16
1154 1
1155 3
1156 16
1157 16
1158 0
1159 2
1160 2
1161 0
1162 1
1163 2
1164 4
1165 0
1166 2
1167 3
1168 0
1169 16
1170 1
1171 2
1172 16
1173 16
1174 0
1175 1
1176 1
1177 0
1178 1
1179 2
1180 2
1181 0
1182 2
1183 3
1184 2
1185 16
1186 1
1187 3
1188 0
1189 16
1190 0
1191 2
1192 2
1193 0
1194 1
1195 2
1196 3
1197 0
1198 2
1199 3
1200 5
1201 0
1202 1
1203 3
1204 1
1205 16
1206 0
1207 2
1208 2
1209 0
1210 1
1211 2
1212 4
1213 1
1214 2
1215 3
1216 16
1217 16
1218 1
1219 2
1220 16
1221 16
1222 0
1223 1
1224 2
1225 16
1226 1
1227 2
1228 4
1229 0
1230 1
1231 2
1232 1
1233 16
1234 0
1235 2
1236 16
1237 16
1238 0
1239 1
1240 1
1241 16
1242 0
1243 2
1244 2
1245 0
1246 1
1247 2
1248 3
1249 16
1250 1
1251 2
1252 0
1253 16
1254 0
1255 1
1256 1
1257 16
1258 1
1259 2
1260 3
1261 0
1262 1
1263 2
1264 5
1265 16
1266 1
1267 3
1268 0
1269 16
1270 0
1271 1
1272 2
1273 16
1274 1
1275 2
1276 4
1277 0
1278 1
1279 3
1280 16
1281 0
1282 1
1283 3
1284 0
1285 16
1286 1
1287 2
1288 2
1289 0
1290 1
1291 3
1292 4
1293 1
1294 2
1295 3
1296 16
1297 0
1298 1
1299 2
1300 16
1301 0
1302 1
1303 2
1304 1
1305 0
1306 1
1307 2
1308 3
1309 1
1310 2
1311 3
1312 2
1313 0
1314 1
1315 3
1316 0
1317 0
1318 1
1319 2
1320 2
1321 0
1322 1
1323 3
1324 4
1325 1
1326 2
1327 3
1328 5
1329 0
1330 2
1331 3
1332 1
1333 0
1334 1
1335 2
1336 3
1337 1
1338 2
1339 3
1340 4
1341 1
1342 2
1343 3
1344 0
1345 0
1346 1
1347 3
1348 16
1349 16
1350 1
1351 2
1352 2
1353 0
1354 1
1355 3
1356 4
1357 1
1358 2
1359 3
1360 0
1361 16
1362 1
1363 3
1364 0
1365 16
1366 1
1367 2
1368 1
1369 0
1370 1
1371 2
1372 3
1373 1
1374 2
1375 3
1376 2
1377 0
1378 1
1379 3
1380 0
1381 0
1382 1
1383 2
1384 2
1385 0
1386 2
1387 3
1388 4
1389 1
1390 2
1391 3
1392 4
1393 0
1394 2
1395 3
1396 1
1397 0
1398 1
1399 2
1400 3
1401 1
1402 2
1403 3
1404 4
1405 1
1406 2
1407 4
1408 4
1409 0
1410 1
1411 3
1412 0
1413 16
1414 1
1415 2
1416 2
1417 0
1418 1
1419 2
1420 4
1421 1
1422 2
1423 3
1424 0
1425 16
1426 1
1427 2
1428 16
1429 16
1430 0
1431 2
1432 1
1433 0
1434 1
1435 2
1436 3
1437 1
1438 2
1439 3
1440 3
1441 0
1442 1
1443 3
1444 0
1445 16
1446 1
1447 2
1448 2
1449 0
1450 1
1451 2
1452 4
1453 1
1454 2
1455 3
1456 5
1457 0
1458 2
1459 3
1460 1
1461 0
1462 1
1463 2
1464 3
1465 0
1466 2
1467 3
1468 4
1469 1
1470 2
1471 3
1472 8
1473 16
1474 1
1475 3
1476 0
1477 16
1478 0
1479 2
1480 2
1481 0
1482 1
1483 2
1484 4
1485 1
1486 2
1487 3
1488 1
1489 16
1490 1
1491 2
1492 0
1493 16
1494 0
1495 1
1496 1
1497 0
1498 1
1499 2
1500 3
1501 0
1502 2
1503 3
1504 4
1505 0
1506 1
1507 3
1508 0
1509 16
1510 0
1511 2
1512 2
1513 0
1514 1
1515 2
1516 4
1517 1
1518 2
1519 3
1520 6
1521 0
1522 2
1523 3
1524 1
1525 0
1526 1
1527 2
1528 3
1529 0
1530 1
1531 2
1532 4
1533 1
1534 2
1535 3
1536 16
1537 16
1538 1
1539 2
1540 16
1541 16
1542 0
1543 1
1544 1
1545 0
1546 1
1547 2
1548 3
1549 0
1550 1
1551 3
1552 16
1553 16
1554 0
1555 2
1556 16
1557 16
1558 0
1559 1
1560 0
1561 16
1562 1
1563 2
1564 2
1565 0
1566 1
1567 2
1568 2
1569 16
1570 1
1571 2
1572 0
1573 16
1574 0
1575 1
1576 1
1577 0
1578 1
1579 2
1580 3
1581 0
1582 1
1583 2
1584 5
1585 0
1586 1
1587 3
1588 0
1589 16
1590 0
1591 1
1592 2
1593 0
1594 1
1595 2
1596 4
1597 0
1598 2
1599 3
1600 16
1601 16
1602 1
1603 2
1604 16
1605 16
1606 0
1607 1
1608 1
1609 0
1610 1
1611 2
1612 3
1613 0
1614 2
1615 3
1616 16
1617 16
1618 0
1619 2
1620 16
1621 16
1622 0
1623 1
1624 0
1625 0
1626 1
1627 2
1628 2
1629 0
1630 1
1631 2
1632 1
1633 16
1634 1
1635 2
1636 16
1637 16
1638 0
1639 1
1640 1
1641 0
1642 1
1643 2
1644 3
1645 0
1646 2
1647 3
1648 4
1649 0
1650 1
1651 3
1652 0
1653 16
1654 0
1655 2
1656 2
1657 0
1658 1
1659 2
1660 4
1661 1
1662 2
1663 3
1664 4
1665 16
1666 1
1667 2
1668 16
1669 16
1670 0
1671 1
1672 1
1673 16
1674 1
1675 2
1676 3
1677 0
1678 1
1679 3
1680 16
1681 16
1682 0
1683 2
1684 16
1685 16
1686 0
1687 1
1688 0
1689 16
1690 0
1691 2
1692 2
1693 0
1694 1
1695 2
1696 2
1697 16
1698 1
1699 2
1700 0
1701 16
1702 0
1703 1
1704 1
1705 16
1706 1
1707 2
1708 3
1709 0
1710 1
1711 2
1712 4
1713 0
1714 1
1715 3
1716 0
1717 16
1718 0
1719 1
1720 2
1721 0
1722 1
1723 2
1724 4
1725 0
1726 2
1727 3
1728 8
1729 16
1730 1
1731 2
1732 16
1733 17
1734 0
1735 1
1736 1
1737 16
1738 0
1739 2
1740 3
1741 0
1742 1
1743 2
1744 0
1745 16
1746 0
1747 2
1748 16
1749 17
1750 0
1751 1
1752 0
1753 16
1754 0
1755 1
1756 2
1757 0
1758 1
1759 2
1760 3
1761 16
1762 1
1763 2
1764 0
1765 16
1766 0
1767 1
1768 1
1769 16
1770 0
1771 2
1772 3
1773 0
1774 1
1775 2
1776 5
1777 0
1778 1
1779 3
1780 0
1781 16
1782 0
1783 1
1784 2
1785 16
1786 1
1787 2
1788 4
1789 0
1790 1
1791 2
1792 16
1793 17
1794 0
1795 2
1796 17
1797 17
1798 16
1799 0
1800 0
1801 16
1802 0
1803 1
1804 3
1805 0
1806 1
1807 2
1808 17
1809 17
1810 0
1811 1
1812 17
1813 17
1814 16
1815 0
1816 16
1817 16
1818 0
1819 1
1820 1
1821 16
1822 0
1823 2
1824 1
1825 16
1826 0
1827 2
1828 16
1829 17
1830 16
1831 0
1832 0
1833 16
1834 0
1835 1
1836 2
1837 16
1838 1
1839 2
1840 4
1841 16
1842 0
1843 2
1844 16
1845 17
1846 16
1847 1
1848 1
1849 16
1850 0
1851 1
1852 3
1853 0
1854 1
1855 2
1856 0
1857 17
1858 0
1859 2
1860 17
1861 17
1862 16
1863 1
1864 0
1865 16
1866 0
1867 1
1868 2
1869 0
1870 1
1871 2
1872 17
1873 17
1874 0
1875 1
1876 17
1877 17
1878 16
1879 0
1880 0
1881 16
1882 0
1883 1
1884 1
1885 16
1886 1
1887 2
1888 0
1889 16
1890 0
1891 2
1892 16
1893 17
1894 16
1895 1
1896 0
1897 16
1898 0
1899 1
1900 2
1901 0
1902 1
1903 2
1904 3
1905 16
1906 1
1907 2
1908 16
1909 16
1910 0
1911 1
1912 1
1913 16
1914 0
1915 2
1916 3
1917 0
1918 1
1919 2
1920 4
1921 17
1922 0
1923 2
1924 17
1925 17
1926 16
1927 0
1928 0
1929 16
1930 0
1931 1
1932 2
1933 16
1934 1
1935 2
1936 16
1937 17
1938 0
1939 1
1940 17
1941 17
1942 16
1943 0
1944 16
1945 16
1946 0
1947 1
1948 1
1949 16
1950 0
1951 2
1952 1
1953 16
1954 0
1955 2
1956 16
1957 17
1958 16
1959 0
1960 0
1961 16
1962 0
1963 1
1964 2
1965 0
1966 1
1967 2
1968 4
1969 16
1970 0
1971 2
1972 16
1973 17
1974 16
1975 1
1976 1
1977 16
1978 0
1979 1
1980 3
1981 0
1982 1
1983 2
1984 8
1985 17
1986 0
1987 2
1988 16
1989 17
1990 16
1991 0
1992 1
1993 16
1994 0
1995 1
1996 3
1997 16
1998 1
1999 2
2000 16
2001 17
2002 0
2003 1
2004 17
2005 17
2006 16
2007 0
2008 16
2009 17
2010 16
2011 1
2012 1
2013 16
2014 0
2015 1
2016 2
2017 17
2018 0
2019 1
2020 16
2021 17
2022 16
2023 0
2024 0
2025 16
2026 0
2027 1
2028 2
2029 16
2030 0
2031 2
2032 4
2033 16
2034 0
2035 2
2036 16
2037 17
2038 16
2039 0
2040 1
2041 16
2042 0
2043 1
2044 3
2045 16
2046 1
2047 2
2048 16
2049 16
2050 16
2051 16
2052 16
2053 17
2054 16
2055 0
2056 16
2057 17
2058 0
2059 1
2060 16
2061 16
2062 0
2063 1
2064 16
2065 17
2066 16
2067 1
2068 18
2069 17
2070 16
2071 0
2072 16
2073 17
2074 0
2075 1
2076 0
2077 16
2078 0
2079 1
2080 16
2081 17
2082 0
2083 1
2084 17
2085 17
2086 16
2087 0
2088 16
2089 17
2090 0
2091 1
2092 1
2093 16
2094 0
2095 1
2096 16
2097 17
2098 0
2099 1
2100 16
2101 17
2102 16
2103 0
2104 0
2105 17
2106 16
2107 1
2108 2
2109 16
2110 0
2111 1
2112 16
2113 17
2114 0
2115 1
2116 18
2117 17
2118 16
2119 0
2120 16
2121 16
2122 0
2123 1
2124 2
2125 16
2126 1
2127 2
2128 18
2129 17
2130 16
2131 1
2132 18
2133 17
2134 16
2135 0
2136 16
2137 16
2138 0
2139 1
2140 1
2141 16
2142 0
2143 2
2144 16
2145 17
2146 0
2147 1
2148 17
2149 17
2150 16
2151 0
2152 0
2153 16
2154 0
2155 1
2156 1
2157 16
2158 1
2159 2
2160 1
2161 16
2162 0
2163 2
2164 16
2165 17
2166 16
2167 1
2168 0
2169 16
2170 0
2171 1
2172 2
2173 16
2174 1
2175 2
2176 16
2177 17
2178 0
2179 1
2180 18
2181 17
2182 16
2183 0
2184 0
2185 17
2186 16
2187 1
2188 2
2189 16
2190 0
2191 1
2192 18
2193 17
2194 16
2195 1
2196 18
2197 17
2198 16
2199 0
2200 16
2201 17
2202 16
2203 1
2204 0
2205 16
2206 0
2207 1
2208 0
2209 17
2210 0
2211 1
2212 17
2213 17
2214 16
2215 0
2216 0
2217 17
2218 16
2219 1
2220 1
2221 16
2222 0
2223 1
2224 2
2225 17
2226 0
2227 1
2228 16
2229 17
2230 16
2231 0
2232 0
2233 17
2234 0
2235 1
2236 2
2237 16
2238 0
2239 1
2240 16
2241 17
2242 16
2243 1
2244 18
2245 18
2246 17
2247 0
2248 16
2249 17
2250 16
2251 0
2252 2
2253 16
2254 0
2255 1
2256 17
2257 18
2258 16
2259 0
2260 18
2261 18
2262 17
2263 16
2264 16
2265 17
2266 16
2267 0
2268 0
2269 17
2270 0
2271 1
2272 0
2273 17
2274 16
2275 1
2276 17
2277 18
2278 17
2279 0
2280 16
2281 17
2282 16
2283 0
2284 1
2285 16
2286 0
2287 1
2288 2
2289 17
2290 16
2291 1
2292 17
2293 18
2294 16
2295 0
2296 0
2297 17
2298 16
2299 0
2300 2
2301 16
2302 0
2303 1
2304 16
2305 17
2306 0
2307 2
2308 17
2309 17
2310 16
2311 1
2312 0
2313 16
2314 0
2315 1
2316 2
2317 0
2318 1
2319 2
2320 18
2321 17
2322 0
2323 1
2324 17
2325 17
2326 16
2327 1
2328 0
2329 16
2330 0
2331 1
2332 1
2333 0
2334 1
2335 2
2336 0
2337 16
2338 0
2339 2
2340 16
2341 17
2342 0
2343 1
2344 0
2345 16
2346 0
2347 1
2348 2
2349 0
2350 1
2351 2
2352 3
2353 16
2354 1
2355 2
2356 0
2357 16
2358 0
2359 1
2360 1
2361 16
2362 0
2363 2
2364 3
2365 0
2366 1
2367 2
2368 20
2369 17
2370 0
2371 2
2372 17
2373 17
2374 0
2375 1
2376 0
2377 16
2378 0
2379 2
2380 2
2381 0
2382 1
2383 2
2384 18
2385 17
2386 0
2387 1
2388 17
2389 17
2390 16
2391 1
2392 16
2393 16
2394 0
2395 1
2396 1
2397 0
2398 1
2399 2
2400 16
2401 16
2402 0
2403 2
2404 16
2405 16
2406 0
2407 1
2408 0
2409 16
2410 0
2411 2
2412 2
2413 0
2414 1
2415 2
2416 2
2417 16
2418 1
2419 2
2420 0
2421 16
2422 0
2423 1
2424 1
2425 0
2426 1
2427 2
2428 3
2429 0
2430 1
2431 2
2432 0
2433 17
2434 0
2435 2
2436 17
2437 17
2438 16
2439 1
2440 0
2441 16
2442 0
2443 1
2444 2
2445 0
2446 1
2447 2
2448 17
2449 17
2450 0
2451 1
2452 17
2453 17
2454 16
2455 0
2456 0
2457 16
2458 0
2459 1
2460 1
2461 0
2462 1
2463 2
2464 0
2465 16
2466 0
2467 2
2468 16
2469 17
2470 0
2471 1
2472 0
2473 16
2474 0
2475 1
2476 2
2477 0
2478 1
2479 2
2480 3
2481 16
2482 1
2483 2
2484 0
2485 16
2486 0
2487 1
2488 1
2489 16
2490 0
2491 2
2492 3
2493 0
2494 1
2495 2
2496 4
2497 17
2498 0
2499 2
2500 17
2501 17
2502 16
2503 0
2504 0
2505 16
2506 0
2507 1
2508 2
2509 16
2510 1
2511 2
2512 16
2513 17
2514 0
2515 1
2516 17
2517 17
2518 16
2519 0
2520 16
2521 16
2522 0
2523 1
2524 1
2525 16
2526 0
2527 2
2528 1
2529 16
2530 0
2531 2
2532 16
2533 17
2534 16
2535 0
2536 0
2537 16
2538 0
2539 1
2540 2
2541 16
2542 1
2543 2
2544 4
2545 16
2546 0
2547 2
2548 0
2549 17
2550 16
2551 1
2552 1
2553 16
2554 0
2555 1
2556 3
2557 0
2558 1
2559 2
2560 16
2561 17
2562 0
2563 1
2564 18
2565 17
2566 16
2567 0
2568 0
2569 17
2570 16
2571 1
2572 2
2573 16
2574 0
2575 1
2576 18
2577 17
2578 16
2579 1
2580 18
2581 17
2582 16
2583 0
2584 16
2585 17
2586 16
2587 0
2588 0
2589 16
2590 0
2591 1
2592 16
2593 17
2594 16
2595 1
2596 17
2597 17
2598 16
2599 0
2600 0
2601 17
2602 0
2603 1
2604 1
2605 16
2606 0
2607 1
2608 2
2609 17
2610 0
2611 1
2612 16
2613 17
2614 16
2615 0
2616 0
2617 16
2618 0
2619 1
2620 2
2621 16
2622 0
2623 1
2624 20
2625 17
2626 16
2627 1
2628 18
2629 17
2630 16
2631 0
2632 16
2633 17
2634 0
2635 1
2636 1
2637 16
2638 0
2639 2
2640 19
2641 17
2642 16
2643 1
2644 18
2645 17
2646 16
2647 0
2648 16
2649 17
2650 0
2651 1
2652 0
2653 16
2654 0
2655 1
2656 16
2657 17
2658 0
2659 1
2660 17
2661 17
2662 16
2663 0
2664 16
2665 16
2666 0
2667 1
2668 1
2669 16
2670 0
2671 2
2672 1
2673 16
2674 0
2675 2
2676 16
2677 17
2678 16
2679 0
2680 0
2681 16
2682 0
2683 1
2684 2
2685 0
2686 1
2687 2
2688 16
2689 17
2690 0
2691 1
2692 18
2693 17
2694 16
2695 0
2696 0
2697 17
2698 16
2699 1
2700 2
2701 16
2702 0
2703 1
2704 18
2705 17
2706 16
2707 1
2708 18
2709 18
2710 16
2711 0
2712 16
2713 17
2714 16
2715 0
2716 0
2717 16
2718 0
2719 1
2720 0
2721 17
2722 0
2723 1
2724 17
2725 17
2726 16
2727 0
2728 0
2729 17
2730 16
2731 1
2732 1
2733 16
2734 0
2735 1
2736 2
2737 17
2738 0
2739 1
2740 16
2741 17
2742 16
2743 0
2744 0
2745 16
2746 0
2747 1
2748 2
2749 16
2750 0
2751 2
2752 4
2753 17
2754 0
2755 1
2756 17
2757 18
2758 16
2759 0
2760 0
2761 17
2762 16
2763 1
2764 2
2765 16
2766 0
2767 1
2768 17
2769 18
2770 16
2771 0
2772 18
2773 18
2774 17
2775 0
2776 16
2777 17
2778 16
2779 0
2780 0
2781 16
2782 0
2783 1
2784 0
2785 17
2786 16
2787 1
2788 17
2789 18
2790 16
2791 0
2792 0
2793 17
2794 16
2795 0
2796 1
2797 16
2798 0
2799 1
2800 3
2801 17
2802 0
2803 1
2804 16
2805 17
2806 16
2807 0
2808 0
2809 17
2810 16
2811 1
2812 2
2813 16
2814 0
2815 1
2816 16
2817 18
2818 16
2819 1
2820 18
2821 18
2822 17
2823 16
2824 16
2825 17
2826 16
2827 0
2828 1
2829 17
2830 0
2831 1
2832 19
2833 18
2834 17
2835 0
2836 19
2837 18
2838 17
2839 16
2840 17
2841 18
2842 16
2843 0
2844 16
2845 17
2846 16
2847 0
2848 16
2849 18
2850 16
2851 0
2852 18
2853 18
2854 17
2855 16
2856 16
2857 17
2858 16
2859 0
2860 0
2861 17
2862 16
2863 1
2864 2
2865 17
2866 16
2867 1
2868 17
2869 18
2870 17
2871 16
2872 16
2873 17
2874 16
2875 0
2876 1
2877 17
2878 0
2879 1
2880 20
2881 18
2882 16
2883 1
2884 18
2885 18
2886 17
2887 0
2888 16
2889 17
2890 16
2891 0
2892 1
2893 16
2894 0
2895 1
2896 20
2897 18
2898 16
2899 0
2900 19
2901 18
2902 17
2903 16
2904 17
2905 17
2906 16
2907 0
2908 16
2909 17
2910 0
2911 1
2912 17
2913 18
2914 16
2915 0
2916 18
2917 18
2918 17
2919 16
2920 16
2921 17
2922 16
2923 0
2924 0
2925 16
2926 0
2927 1
2928 0
2929 17
2930 16
2931 1
2932 17
2933 18
2934 16
2935 0
2936 0
2937 17
2938 16
2939 0
2940 1
2941 16
2942 0
2943 1
2944 16
2945 18
2946 16
2947 1
2948 18
2949 18
2950 17
2951 16
2952 16
2953 17
2954 16
2955 0
2956 1
2957 17
2958 0
2959 1
2960 19
2961 18
2962 17
2963 0
2964 19
2965 18
2966 17
2967 16
2968 17
2969 18
2970 16
2971 0
2972 0
2973 17
2974 16
2975 0
2976 16
2977 18
2978 16
2979 0
2980 18
2981 18
2982 17
2983 16
2984 16
2985 17
2986 16
2987 0
2988 0
2989 17
2990 0
2991 1
2992 1
2993 17
2994 16
2995 1
2996 17
2997 18
2998 17
2999 16
3000 16
3001 17
3002 16
3003 0
3004 1
3005 16
3006 0
3007 1
3008 4
3009 18
3010 16
3011 1
3012 18
3013 18
3014 17
3015 16
3016 16
3017 18
3018 16
3019 0
3020 1
3021 17
3022 16
3023 1
3024 18
3025 18
3026 17
3027 0
3028 19
3029 18
3030 17
3031 16
3032 17
3033 18
3034 17
3035 0
3036 0
3037 17
3038 16
3039 0
3040 0
3041 18
3042 16
3043 0
3044 18
3045 18
3046 17
3047 16
3048 16
3049 18
3050 16
3051 0
3052 0
3053 17
3054 16
3055 0
3056 2
3057 17
3058 16
3059 1
3060 17
3061 18
3062 17
3063 16
3064 0
3065 17
3066 16
3067 0
3068 1
3069 17
3070 16
3071 1
3072 16
3073 16
3074 16
3075 16
3076 16
3077 19
3078 18
3079 17
3080 16
3081 18
3082 17
3083 16
3084 16
3085 18
3086 17
3087 0
3088 16
3089 19
3090 17
3091 16
3092 20
3093 19
3094 18
3095 17
3096 18
3097 18
3098 17
3099 16
3100 17
3101 18
3102 17
3103 16
3104 16
3105 19
3106 17
3107 16
3108 19
3109 19
3110 18
3111 17
3112 18
3113 18
3114 17
3115 16
3116 16
3117 18
3118 17
3119 16
3120 16
3121 18
3122 17
3123 16
3124 19
3125 19
3126 18
3127 17
3128 17
3129 18
3130 17
3131 16
3132 16
3133 18
3134 17
3135 16
3136 16
3137 18
3138 17
3139 0
3140 20
3141 18
3142 17
3143 16
3144 18
3145 18
3146 17
3147 0
3148 0
3149 17
3150 16
3151 0
3152 21
3153 19
3154 17
3155 16
3156 20
3157 19
3158 17
3159 16
3160 18
3161 18
3162 17
3163 16
3164 16
3165 17
3166 16
3167 0
3168 19
3169 18
3170 17
3171 0
3172 19
3173 18
3174 17
3175 16
3176 17
3177 18
3178 17
3179 0
3180 16
3181 17
3182 16
3183 0
3184 17
3185 18
3186 16
3187 0
3188 18
3189 18
3190 17
3191 16
3192 17
3193 18
3194 16
3195 0
3196 0
3197 17
3198 16
3199 0
3200 16
3201 19
3202 17
3203 0
3204 20
3205 19
3206 18
3207 16
3208 18
3209 18
3210 17
3211 16
3212 16
3213 18
3214 16
3215 0
3216 21
3217 19
3218 17
3219 16
3220 20
3221 19
3222 18
3223 17
3224 18
3225 18
3226 17
3227 16
3228 17
3229 18
3230 16
3231 0
3232 18
3233 19
3234 17
3235 16
3236 19
3237 19
3238 18
3239 16
3240 18
3241 18
3242 17
3243 16
3244 16
3245 18
3246 16
3247 0
3248 16
3249 18
3250 17
3251 0
3252 18
3253 19
3254 18
3255 16
3256 17
3257 18
3258 17
3259 16
3260 0
3261 17
3262 16
3263 0
3264 16
3265 19
3266 17
3267 0
3268 20
3269 19
3270 18
3271 17
3272 18
3273 19
3274 17
3275 16
3276 0
3277 18
3278 17
3279 16
3280 20
3281 19
3282 18
3283 16
3284 20
3285 19
3286 18
3287 17
3288 18
3289 19
3290 18
3291 16
3292 17
3293 18
3294 17
3295 16
3296 18
3297 19
3298 17
3299 16
3300 19
3301 19
3302 18
3303 17
3304 18
3305 19
3306 17
3307 16
3308 16
3309 18
3310 17
3311 16
3312 0
3313 19
3314 17
3315 0
3316 19
3317 19
3318 18
3319 17
3320 17
3321 19
3322 17
3323 16
3324 16
3325 18
3326 17
3327 16
3328 16
3329 18
3330 16
3331 1
3332 19
3333 18
3334 17
3335 16
3336 16
3337 17
3338 16
3339 0
3340 1
3341 16
3342 0
3343 1
3344 20
3345 18
3346 16
3347 0
3348 19
3349 18
3350 17
3351 16
3352 17
3353 17
3354 16
3355 0
3356 16
3357 17
3358 0
3359 1
3360 17
3361 18
3362 16
3363 0
3364 18
3365 18
3366 17
3367 16
3368 16
3369 17
3370 16
3371 0
3372 0
3373 16
3374 0
3375 1
3376 1
3377 17
3378 16
3379 1
3380 17
3381 18
3382 16
3383 0
3384 0
3385 17
3386 16
3387 0
3388 1
3389 16
3390 0
3391 1
3392 24
3393 18
3394 16
3395 1
3396 19
3397 18
3398 17
3399 0
3400 17
3401 17
3402 16
3403 0
3404 0
3405 16
3406 0
3407 1
3408 20
3409 18
3410 16
3411 0
3412 19
3413 18
3414 17
3415 16
3416 17
3417 17
3418 16
3419 0
3420 16
3421 16
3422 0
3423 1
3424 18
3425 17
3426 16
3427 1
3428 18
3429 18
3430 16
3431 0
3432 16
3433 17
3434 16
3435 0
3436 0
3437 16
3438 0
3439 1
3440 16
3441 17
3442 16
3443 1
3444 17
3445 17
3446 16
3447 0
3448 0
3449 17
3450 0
3451 1
3452 1
3453 16
3454 0
3455 1
3456 20
3457 18
3458 16
3459 1
3460 18
3461 18
3462 17
3463 16
3464 16
3465 17
3466 16
3467 0
3468 1
3469 16
3470 0
3471 1
3472 20
3473 18
3474 16
3475 0
3476 19
3477 18
3478 17
3479 16
3480 17
3481 17
3482 16
3483 0
3484 0
3485 17
3486 16
3487 1
3488 17
3489 18
3490 16
3491 0
3492 18
3493 18
3494 17
3495 16
3496 16
3497 17
3498 16
3499 0
3500 0
3501 16
3502 0
3503 1
3504 0
3505 17
3506 16
3507 1
3508 17
3509 18
3510 16
3511 0
3512 0
3513 17
3514 16
3515 0
3516 1
3517 16
3518 0
3519 1
3520 16
3521 18
3522 16
3523 1
3524 18
3525 18
3526 17
3527 16
3528 16
3529 17
3530 16
3531 0
3532 1
3533 17
3534 0
3535 1
3536 19
3537 18
3538 17
3539 0
3540 19
3541 18
3542 17
3543 16
3544 17
3545 18
3546 16
3547 0
3548 16
3549 17
3550 16
3551 0
3552 16
3553 18
3554 16
3555 0
3556 18
3557 18
3558 17
3559 16
3560 16
3561 17
3562 16
3563 0
3564 0
3565 17
3566 0
3567 1
3568 1
3569 17
3570 16
3571 1
3572 17
3573 18
3574 17
3575 16
3576 0
3577 17
3578 16
3579 0
3580 1
3581 16
3582 0
3583 1
3584 16
3585 18
3586 17
3587 0
3588 19
3589 19
3590 17
3591 16
3592 17
3593 18
3594 17
3595 0
3596 0
3597 17
3598 16
3599 0
3600 21
3601 19
3602 17
3603 16
3604 20
3605 19
3606 18
3607 16
3608 18
3609 18
3610 17
3611 16
3612 16
3613 17
3614 16
3615 0
3616 18
3617 18
3618 17
3619 0
3620 19
3621 18
3622 17
3623 16
3624 17
3625 18
3626 17
3627 16
3628 16
3629 17
3630 16
3631 0
3632 0
3633 18
3634 16
3635 0
3636 18
3637 18
3638 17
3639 16
3640 16
3641 18
3642 17
3643 0
3644 0
3645 17
3646 16
3647 0
3648 24
3649 18
3650 17
3651 0
3652 19
3653 18
3654 17
3655 16
3656 17
3657 18
3658 16
3659 0
3660 0
3661 17
3662 16
3663 1
3664 21
3665 19
3666 17
3667 0
3668 20
3669 18
3670 17
3671 16
3672 18
3673 18
3674 17
3675 16
3676 16
3677 17
3678 16
3679 0
3680 19
3681 18
3682 17
3683 0
3684 19
3685 18
3686 17
3687 16
3688 17
3689 18
3690 16
3691 0
3692 16
3693 17
3694 16
3695 0
3696 16
3697 18
3698 16
3699 0
3700 18
3701 18
3702 17
3703 16
3704 16
3705 17
3706 16
3707 0
3708 0
3709 17
3710 0
3711 1
3712 20
3713 18
3714 17
3715 0
3716 19
3717 19
3718 17
3719 16
3720 17
3721 18
3722 17
3723 0
3724 0
3725 17
3726 16
3727 0
3728 20
3729 19
3730 17
3731 16
3732 20
3733 19
3734 18
3735 16
3736 18
3737 18
3738 17
3739 16
3740 16
3741 17
3742 16
3743 0
3744 18
3745 18
3746 17
3747 0
3748 19
3749 18
3750 17
3751 16
3752 17
3753 18
3754 17
3755 16
3756 0
3757 17
3758 16
3759 0
3760 0
3761 18
3762 16
3763 0
3764 18
3765 18
3766 17
3767 16
3768 16
3769 18
3770 16
3771 0
3772 0
3773 17
3774 16
3775 0
3776 0
3777 18
3778 17
3779 0
3780 19
3781 19
3782 18
3783 16
3784 17
3785 18
3786 17
3787 16
3788 0
3789 17
3790 16
3791 0
3792 20
3793 19
3794 17
3795 16
3796 20
3797 19
3798 18
3799 17
3800 18
3801 18
3802 17
3803 16
3804 16
3805 18
3806 16
3807 0
3808 17
3809 18
3810 17
3811 0
3812 19
3813 19
3814 18
3815 16
3816 17
3817 18
3818 17
3819 16
3820 16
3821 17
3822 16
3823 0
3824 0
3825 18
3826 16
3827 0
3828 18
3829 18
3830 17
3831 16
3832 16
3833 18
3834 17
3835 0
3836 0
3837 17
3838 16
3839 0
3840 16
3841 19
3842 17
3843 16
3844 20
3845 19
3846 18
3847 17
3848 18
3849 19
3850 17
3851 16
3852 16
3853 18
3854 17
3855 16
3856 21
3857 19
3858 18
3859 16
3860 20
3861 19
3862 18
3863 17
3864 19
3865 19
3866 18
3867 17
3868 17
3869 18
3870 17
3871 16
3872 18
3873 19
3874 17
3875 16
3876 20
3877 19
3878 18
3879 17
3880 18
3881 19
3882 17
3883 16
3884 16
3885 18
3886 17
3887 16
3888 0
3889 18
3890 17
3891 0
3892 19
3893 19
3894 18
3895 17
3896 17
3897 18
3898 17
3899 16
3900 0
3901 18
3902 17
3903 0
3904 24
3905 19
3906 17
3907 0
3908 20
3909 19
3910 18
3911 17
3912 18
3913 18
3914 17
3915 16
3916 16
3917 18
3918 16
3919 0
3920 22
3921 19
3922 18
3923 16
3924 20
3925 19
3926 18
3927 17
3928 19
3929 18
3930 17
3931 16
3932 17
3933 18
3934 17
3935 16
3936 20
3937 19
3938 17
3939 16
3940 20
3941 19
3942 18
3943 17
3944 18
3945 18
3946 17
3947 16
3948 16
3949 18
3950 16
3951 0
3952 17
3953 18
3954 17
3955 0
3956 19
3957 19
3958 18
3959 16
3960 17
3961 18
3962 17
3963 16
3964 16
3965 17
3966 16
3967 0
3968 20
3969 19
3970 17
3971 16
3972 20
3973 19
3974 18
3975 17
3976 18
3977 18
3978 17
3979 16
3980 16
3981 18
3982 17
3983 0
3984 21
3985 19
3986 18
3987 16
3988 20
3989 19
3990 18
3991 17
3992 19
3993 19
3994 18
3995 16
3996 17
3997 18
3998 17
3999 16
4000 19
4001 19
4002 17
4003 16
4004 20
4005 19
4006 18
4007 17
4008 18
4009 18
4010 17
4011 16
4012 16
4013 18
4014 17
4015 16
4016 16
4017 18
4018 17
4019 0
4020 19
4021 19
4022 18
4023 17
4024 17
4025 18
4026 17
4027 16
4028 16
4029 18
4030 16
4031 0
4032 0
4033 19
4034 17
4035 16
4036 20
4037 19
4038 18
4039 17
4040 18
4041 19
4042 17
4043 16
4044 0
4045 18
4046 17
4047 0
4048 20
4049 19
4050 18
4051 16
4052 20
4053 20
4054 18
4055 17
4056 19
4057 19
4058 18
4059 17
4060 17
4061 18
4062 17
4063 16
4064 18
4065 19
4066 17
4067 16
4068 20
4069 19
4070 18
4071 17
4072 18
4073 19
4074 18
4075 16
4076 16
4077 18
4078 17
4079 16
4080 0
4081 19
4082 17
4083 0
4084 19
4085 19
4086 18
4087 17
4088 17
4089 18
4090 17
4091 16
4092 0
4093 18
4094 17
4095 16
