#<header> v1.0 12 32 </header>
0 0
1 0
2 0
3 0
4 0
5 0
6 0
7 0
8 0
9 0
10 0
11 0
12 0
13 0
14 0
15 0
16 0
17 0
18 0
19 0
20 0
21 8
22 6
23 6
24 0
25 8
26 6
27 4
28 0
29 0
30 0
31 4
32 0
33 0
34 0
35 0
36 0
37 7
38 9
39 0
40 0
41 7
42 8
43 6
44 0
45 0
46 8
47 6
48 0
49 0
50 0
51 0
52 0
53 5
54 0
55 0
56 0
57 5
58 7
59 9
60 0
61 7
62 7
63 8
64 0
65 0
66 0
67 0
68 0
69 8
70 6
71 6
72 0
73 8
74 8
75 6
76 0
77 0
78 8
79 6
80 0
81 8
82 6
83 6
84 6
85 8
86 6
87 6
88 2
89 8
90 8
91 6
92 2
93 2
94 8
95 6
96 0
97 0
98 8
99 6
100 0
101 7
102 8
103 6
104 6
105 6
106 8
107 6
108 2
109 2
110 8
111 6
112 0
113 0
114 0
115 0
116 0
117 5
118 6
119 6
120 0
121 5
122 8
123 6
124 0
125 7
126 8
127 6
128 0
129 0
130 0
131 0
132 0
133 7
134 9
135 0
136 0
137 7
138 8
139 6
140 0
141 0
142 8
143 6
144 0
145 9
146 0
147 0
148 7
149 7
150 9
151 6
152 0
153 7
154 8
155 6
156 0
157 9
158 8
159 6
160 0
161 7
162 8
163 6
164 3
165 7
166 9
167 3
168 6
169 7
170 8
171 6
172 2
173 2
174 8
175 6
176 0
177 0
178 0
179 8
180 0
181 7
182 9
183 8
184 0
185 7
186 8
187 6
188 6
189 6
190 8
191 6
192 0
193 0
194 0
195 0
196 0
197 7
198 9
199 0
200 0
201 7
202 9
203 9
204 0
205 7
206 7
207 8
208 0
209 0
210 0
211 0
212 0
213 7
214 9
215 6
216 0
217 7
218 9
219 9
220 0
221 7
222 7
223 8
224 0
225 7
226 9
227 0
228 3
229 7
230 9
231 3
232 7
233 7
234 9
235 6
236 0
237 7
238 8
239 6
240 0
241 7
242 7
243 8
244 3
245 7
246 9
247 3
248 3
249 7
250 9
251 9
252 6
253 7
254 7
255 8
256 0
257 0
258 0
259 0
260 0
261 8
262 8
263 8
264 0
265 10
266 8
267 6
268 0
269 0
270 8
271 6
272 0
273 8
274 8
275 8
276 8
277 8
278 8
279 8
280 8
281 10
282 8
283 6
284 0
285 8
286 8
287 6
288 0
289 10
290 8
291 6
292 0
293 7
294 8
295 6
296 6
297 10
298 8
299 6
300 6
301 6
302 8
303 6
304 0
305 0
306 0
307 8
308 0
309 5
310 8
311 8
312 0
313 10
314 8
315 6
316 6
317 6
318 8
319 6
320 0
321 8
322 8
323 6
324 8
325 8
326 8
327 6
328 6
329 6
330 8
331 6
332 6
333 6
334 8
335 6
336 8
337 8
338 8
339 6
340 8
341 8
342 8
343 6
344 6
345 6
346 8
347 6
348 6
349 6
350 8
351 6
352 6
353 6
354 8
355 6
356 6
357 6
358 8
359 6
360 6
361 6
362 8
363 6
364 6
365 6
366 8
367 6
368 2
369 2
370 8
371 6
372 2
373 2
374 8
375 6
376 6
377 6
378 8
379 6
380 6
381 6
382 8
383 6
384 0
385 10
386 8
387 6
388 9
389 7
390 8
391 6
392 6
393 10
394 8
395 6
396 6
397 6
398 8
399 6
400 9
401 10
402 8
403 6
404 9
405 7
406 8
407 6
408 6
409 10
410 8
411 6
412 6
413 6
414 8
415 6
416 6
417 10
418 8
419 6
420 3
421 7
422 8
423 6
424 6
425 10
426 8
427 6
428 6
429 6
430 8
431 6
432 2
433 10
434 8
435 6
436 2
437 7
438 8
439 6
440 6
441 10
442 8
443 6
444 6
445 6
446 8
447 6
448 0
449 0
450 0
451 8
452 0
453 7
454 9
455 8
456 0
457 7
458 8
459 6
460 6
461 6
462 8
463 6
464 0
465 8
466 8
467 8
468 8
469 7
470 9
471 8
472 8
473 7
474 8
475 6
476 6
477 6
478 8
479 6
480 0
481 7
482 8
483 6
484 3
485 7
486 9
487 3
488 6
489 7
490 8
491 6
492 6
493 6
494 8
495 6
496 2
497 2
498 2
499 8
500 2
501 7
502 9
503 8
504 2
505 7
506 8
507 6
508 6
509 6
510 8
511 6
512 0
513 0
514 0
515 0
516 0
517 9
518 9
519 0
520 0
521 9
522 8
523 8
524 0
525 0
526 8
527 8
528 0
529 9
530 10
531 0
532 7
533 9
534 9
535 6
536 0
537 9
538 8
539 8
540 0
541 9
542 8
543 8
544 0
545 9
546 8
547 8
548 9
549 9
550 9
551 8
552 8
553 9
554 8
555 8
556 8
557 8
558 8
559 8
560 0
561 0
562 10
563 8
564 0
565 9
566 9
567 8
568 0
569 9
570 8
571 8
572 6
573 6
574 8
575 8
576 0
577 9
578 8
579 8
580 7
581 9
582 8
583 8
584 8
585 8
586 8
587 8
588 8
589 8
590 8
591 8
592 7
593 9
594 8
595 8
596 7
597 9
598 8
599 8
600 8
601 8
602 8
603 8
604 8
605 8
606 8
607 8
608 8
609 8
610 8
611 8
612 8
613 9
614 8
615 8
616 8
617 8
618 8
619 8
620 8
621 8
622 8
623 8
624 0
625 9
626 8
627 8
628 7
629 9
630 8
631 8
632 8
633 8
634 8
635 8
636 8
637 8
638 8
639 8
640 0
641 9
642 8
643 8
644 9
645 9
646 9
647 8
648 8
649 9
650 8
651 8
652 8
653 8
654 8
655 8
656 7
657 9
658 8
659 8
660 9
661 9
662 9
663 8
664 8
665 9
666 8
667 8
668 8
669 8
670 8
671 8
672 8
673 9
674 8
675 8
676 9
677 9
678 9
679 8
680 8
681 9
682 8
683 8
684 8
685 8
686 8
687 8
688 6
689 9
690 8
691 8
692 9
693 9
694 9
695 8
696 8
697 9
698 8
699 8
700 8
701 8
702 8
703 8
704 0
705 9
706 9
707 8
708 9
709 9
710 9
711 9
712 9
713 9
714 9
715 8
716 6
717 9
718 8
719 8
720 0
721 9
722 9
723 8
724 9
725 9
726 9
727 9
728 9
729 9
730 9
731 8
732 6
733 9
734 8
735 8
736 9
737 9
738 9
739 8
740 9
741 9
742 9
743 9
744 9
745 9
746 9
747 8
748 8
749 9
750 8
751 8
752 6
753 9
754 9
755 8
756 9
757 9
758 9
759 9
760 9
761 9
762 9
763 8
764 6
765 9
766 8
767 8
768 0
769 0
770 0
771 0
772 0
773 7
774 9
775 0
776 0
777 7
778 9
779 10
780 0
781 9
782 9
783 8
784 0
785 9
786 0
787 0
788 7
789 7
790 9
791 6
792 0
793 7
794 9
795 10
796 0
797 9
798 9
799 8
800 0
801 7
802 9
803 10
804 7
805 7
806 9
807 7
808 7
809 7
810 9
811 10
812 0
813 7
814 8
815 6
816 0
817 9
818 9
819 8
820 0
821 7
822 9
823 8
824 9
825 7
826 9
827 10
828 8
829 9
830 9
831 8
832 0
833 9
834 0
835 0
836 7
837 7
838 9
839 6
840 0
841 7
842 8
843 6
844 0
845 9
846 8
847 6
848 3
849 9
850 3
851 3
852 7
853 7
854 9
855 6
856 2
857 7
858 8
859 6
860 2
861 9
862 8
863 6
864 0
865 7
866 8
867 6
868 7
869 7
870 9
871 6
872 6
873 7
874 8
875 6
876 2
877 2
878 8
879 6
880 0
881 9
882 9
883 8
884 7
885 7
886 9
887 8
888 9
889 7
890 8
891 6
892 8
893 9
894 8
895 6
896 0
897 7
898 9
899 10
900 7
901 7
902 9
903 7
904 7
905 7
906 9
907 10
908 8
909 7
910 8
911 6
912 3
913 7
914 9
915 10
916 7
917 7
918 9
919 7
920 7
921 7
922 9
923 10
924 8
925 7
926 8
927 6
928 7
929 7
930 9
931 10
932 7
933 7
934 9
935 7
936 7
937 7
938 9
939 10
940 2
941 7
942 8
943 6
944 8
945 7
946 9
947 10
948 7
949 7
950 9
951 7
952 7
953 7
954 9
955 10
956 8
957 7
958 8
959 6
960 0
961 7
962 9
963 8
964 7
965 7
966 9
967 7
968 7
969 7
970 9
971 7
972 8
973 7
974 9
975 8
976 3
977 7
978 9
979 8
980 7
981 7
982 9
983 7
984 7
985 7
986 9
987 7
988 8
989 7
990 9
991 8
992 7
993 7
994 9
995 7
996 7
997 7
998 9
999 7
1000 7
1001 7
1002 9
1003 7
1004 7
1005 7
1006 9
1007 6
1008 8
1009 7
1010 9
1011 8
1012 7
1013 7
1014 9
1015 7
1016 7
1017 7
1018 9
1019 7
1020 8
1021 7
1022 9
1023 8
1024 0
1025 0
1026 0
1027 0
1028 0
1029 8
1030 8
1031 8
1032 0
1033 10
1034 8
1035 6
1036 0
1037 0
1038 8
1039 6
1040 0
1041 8
1042 8
1043 8
1044 8
1045 8
1046 8
1047 8
1048 8
1049 10
1050 8
1051 6
1052 0
1053 8
1054 8
1055 6
1056 0
1057 10
1058 8
1059 6
1060 0
1061 7
1062 8
1063 6
1064 6
1065 10
1066 8
1067 6
1068 6
1069 6
1070 8
1071 6
1072 0
1073 0
1074 0
1075 8
1076 0
1077 5
1078 8
1079 8
1080 0
1081 10
1082 8
1083 6
1084 6
1085 6
1086 8
1087 6
1088 0
1089 8
1090 8
1091 6
1092 8
1093 8
1094 8
1095 6
1096 6
1097 6
1098 8
1099 6
1100 6
1101 6
1102 8
1103 6
1104 8
1105 8
1106 8
1107 6
1108 8
1109 8
1110 8
1111 6
1112 6
1113 6
1114 8
1115 6
1116 6
1117 6
1118 8
1119 6
1120 6
1121 6
1122 8
1123 6
1124 6
1125 6
1126 8
1127 6
1128 6
1129 6
1130 8
1131 6
1132 6
1133 6
1134 8
1135 6
1136 4
1137 4
1138 8
1139 6
1140 4
1141 4
1142 8
1143 6
1144 6
1145 6
1146 8
1147 6
1148 6
1149 6
1150 8
1151 6
1152 0
1153 10
1154 8
1155 6
1156 9
1157 7
1158 8
1159 6
1160 6
1161 10
1162 8
1163 6
1164 6
1165 6
1166 8
1167 6
1168 9
1169 10
1170 8
1171 6
1172 9
1173 7
1174 8
1175 6
1176 6
1177 10
1178 8
1179 6
1180 6
1181 6
1182 8
1183 6
1184 6
1185 10
1186 8
1187 6
1188 3
1189 7
1190 8
1191 6
1192 6
1193 10
1194 8
1195 6
1196 6
1197 6
1198 8
1199 6
1200 4
1201 10
1202 8
1203 6
1204 4
1205 7
1206 8
1207 6
1208 6
1209 10
1210 8
1211 6
1212 6
1213 6
1214 8
1215 6
1216 0
1217 0
1218 0
1219 8
1220 0
1221 7
1222 9
1223 8
1224 0
1225 7
1226 8
1227 6
1228 6
1229 6
1230 8
1231 6
1232 0
1233 8
1234 8
1235 8
1236 8
1237 7
1238 9
1239 8
1240 8
1241 7
1242 8
1243 6
1244 6
1245 6
1246 8
1247 6
1248 0
1249 7
1250 8
1251 6
1252 3
1253 7
1254 9
1255 3
1256 6
1257 7
1258 8
1259 6
1260 6
1261 6
1262 8
1263 6
1264 6
1265 6
1266 6
1267 8
1268 3
1269 7
1270 9
1271 8
1272 3
1273 7
1274 8
1275 6
1276 6
1277 6
1278 8
1279 6
1280 0
1281 10
1282 8
1283 6
1284 8
1285 10
1286 8
1287 6
1288 6
1289 10
1290 8
1291 6
1292 6
1293 6
1294 8
1295 6
1296 8
1297 10
1298 8
1299 6
1300 8
1301 10
1302 8
1303 6
1304 6
1305 10
1306 8
1307 6
1308 6
1309 6
1310 8
1311 6
1312 6
1313 10
1314 8
1315 6
1316 6
1317 10
1318 8
1319 6
1320 6
1321 10
1322 8
1323 6
1324 6
1325 6
1326 8
1327 6
1328 4
1329 10
1330 8
1331 6
1332 4
1333 10
1334 8
1335 6
1336 6
1337 10
1338 8
1339 6
1340 6
1341 6
1342 8
1343 6
1344 6
1345 6
1346 8
1347 6
1348 6
1349 6
1350 8
1351 6
1352 6
1353 6
1354 8
1355 6
1356 6
1357 6
1358 8
1359 6
1360 6
1361 6
1362 8
1363 6
1364 6
1365 6
1366 8
1367 6
1368 6
1369 6
1370 8
1371 6
1372 6
1373 6
1374 8
1375 6
1376 6
1377 6
1378 8
1379 6
1380 6
1381 6
1382 8
1383 6
1384 6
1385 6
1386 8
1387 6
1388 6
1389 6
1390 8
1391 6
1392 6
1393 6
1394 8
1395 6
1396 6
1397 6
1398 8
1399 6
1400 6
1401 6
1402 8
1403 6
1404 6
1405 6
1406 8
1407 6
1408 6
1409 10
1410 8
1411 6
1412 6
1413 10
1414 8
1415 6
1416 6
1417 10
1418 8
1419 6
1420 6
1421 6
1422 8
1423 6
1424 6
1425 10
1426 8
1427 6
1428 6
1429 10
1430 8
1431 6
1432 6
1433 10
1434 8
1435 6
1436 6
1437 6
1438 8
1439 6
1440 6
1441 10
1442 8
1443 6
1444 6
1445 10
1446 8
1447 6
1448 6
1449 10
1450 8
1451 6
1452 6
1453 6
1454 8
1455 6
1456 6
1457 10
1458 8
1459 6
1460 6
1461 10
1462 8
1463 6
1464 6
1465 10
1466 8
1467 6
1468 6
1469 6
1470 8
1471 6
1472 6
1473 10
1474 8
1475 6
1476 6
1477 7
1478 8
1479 6
1480 6
1481 10
1482 8
1483 6
1484 6
1485 6
1486 8
1487 6
1488 6
1489 10
1490 8
1491 6
1492 6
1493 7
1494 8
1495 6
1496 6
1497 10
1498 8
1499 6
1500 6
1501 6
1502 8
1503 6
1504 6
1505 10
1506 8
1507 6
1508 3
1509 7
1510 8
1511 6
1512 6
1513 10
1514 8
1515 6
1516 6
1517 6
1518 8
1519 6
1520 6
1521 10
1522 8
1523 6
1524 6
1525 7
1526 8
1527 6
1528 6
1529 10
1530 8
1531 6
1532 6
1533 6
1534 8
1535 6
1536 0
1537 10
1538 8
1539 8
1540 9
1541 9
1542 8
1543 8
1544 8
1545 10
1546 8
1547 8
1548 8
1549 8
1550 8
1551 8
1552 9
1553 10
1554 8
1555 8
1556 9
1557 9
1558 8
1559 8
1560 8
1561 10
1562 8
1563 8
1564 8
1565 8
1566 8
1567 8
1568 8
1569 10
1570 8
1571 8
1572 8
1573 9
1574 8
1575 8
1576 8
1577 10
1578 8
1579 8
1580 8
1581 8
1582 8
1583 8
1584 6
1585 10
1586 8
1587 8
1588 6
1589 9
1590 8
1591 8
1592 8
1593 10
1594 8
1595 8
1596 8
1597 8
1598 8
1599 8
1600 8
1601 8
1602 8
1603 8
1604 8
1605 8
1606 8
1607 8
1608 8
1609 8
1610 8
1611 8
1612 8
1613 8
1614 8
1615 8
1616 8
1617 8
1618 8
1619 8
1620 8
1621 8
1622 8
1623 8
1624 8
1625 8
1626 8
1627 8
1628 8
1629 8
1630 8
1631 8
1632 8
1633 8
1634 8
1635 8
1636 8
1637 8
1638 8
1639 8
1640 8
1641 8
1642 8
1643 8
1644 8
1645 8
1646 8
1647 8
1648 8
1649 8
1650 8
1651 8
1652 8
1653 8
1654 8
1655 8
1656 8
1657 8
1658 8
1659 8
1660 8
1661 8
1662 8
1663 8
1664 8
1665 10
1666 8
1667 8
1668 8
1669 9
1670 8
1671 8
1672 8
1673 10
1674 8
1675 8
1676 8
1677 8
1678 8
1679 8
1680 8
1681 10
1682 8
1683 8
1684 8
1685 9
1686 8
1687 8
1688 8
1689 10
1690 8
1691 8
1692 8
1693 8
1694 8
1695 8
1696 8
1697 10
1698 8
1699 8
1700 8
1701 9
1702 8
1703 8
1704 8
1705 10
1706 8
1707 8
1708 8
1709 8
1710 8
1711 8
1712 8
1713 10
1714 8
1715 8
1716 8
1717 9
1718 8
1719 8
1720 8
1721 10
1722 8
1723 8
1724 8
1725 8
1726 8
1727 8
1728 6
1729 9
1730 8
1731 8
1732 9
1733 9
1734 9
1735 8
1736 8
1737 9
1738 8
1739 8
1740 8
1741 8
1742 8
1743 8
1744 6
1745 9
1746 8
1747 8
1748 9
1749 9
1750 9
1751 8
1752 8
1753 9
1754 8
1755 8
1756 8
1757 8
1758 8
1759 8
1760 8
1761 9
1762 8
1763 8
1764 9
1765 9
1766 9
1767 8
1768 8
1769 9
1770 8
1771 8
1772 8
1773 8
1774 8
1775 8
1776 6
1777 9
1778 8
1779 8
1780 9
1781 9
1782 9
1783 8
1784 8
1785 9
1786 8
1787 8
1788 8
1789 8
1790 8
1791 8
1792 0
1793 10
1794 10
1795 10
1796 9
1797 7
1798 9
1799 10
1800 10
1801 10
1802 10
1803 10
1804 8
1805 10
1806 8
1807 6
1808 9
1809 10
1810 10
1811 10
1812 9
1813 7
1814 9
1815 10
1816 10
1817 10
1818 10
1819 10
1820 8
1821 10
1822 8
1823 6
1824 10
1825 10
1826 10
1827 10
1828 7
1829 7
1830 9
1831 10
1832 10
1833 10
1834 10
1835 10
1836 6
1837 10
1838 8
1839 6
1840 8
1841 10
1842 10
1843 10
1844 8
1845 7
1846 9
1847 10
1848 10
1849 10
1850 10
1851 10
1852 8
1853 10
1854 8
1855 6
1856 9
1857 10
1858 8
1859 6
1860 9
1861 7
1862 8
1863 6
1864 6
1865 10
1866 8
1867 6
1868 6
1869 6
1870 8
1871 6
1872 9
1873 10
1874 8
1875 6
1876 9
1877 7
1878 8
1879 6
1880 6
1881 10
1882 8
1883 6
1884 6
1885 6
1886 8
1887 6
1888 6
1889 10
1890 8
1891 6
1892 6
1893 7
1894 8
1895 6
1896 6
1897 10
1898 8
1899 6
1900 6
1901 6
1902 8
1903 6
1904 4
1905 10
1906 8
1907 6
1908 4
1909 7
1910 8
1911 6
1912 6
1913 10
1914 8
1915 6
1916 6
1917 6
1918 8
1919 6
1920 10
1921 10
1922 10
1923 10
1924 7
1925 7
1926 9
1927 10
1928 10
1929 10
1930 10
1931 10
1932 6
1933 10
1934 8
1935 6
1936 10
1937 10
1938 10
1939 10
1940 7
1941 7
1942 9
1943 10
1944 10
1945 10
1946 10
1947 10
1948 6
1949 10
1950 8
1951 6
1952 10
1953 10
1954 10
1955 10
1956 7
1957 7
1958 9
1959 10
1960 10
1961 10
1962 10
1963 10
1964 6
1965 10
1966 8
1967 6
1968 10
1969 10
1970 10
1971 10
1972 7
1973 7
1974 9
1975 10
1976 10
1977 10
1978 10
1979 10
1980 6
1981 10
1982 8
1983 6
1984 8
1985 7
1986 9
1987 10
1988 7
1989 7
1990 9
1991 7
1992 7
1993 7
1994 9
1995 10
1996 8
1997 7
1998 8
1999 6
2000 8
2001 7
2002 9
2003 10
2004 7
2005 7
2006 9
2007 7
2008 7
2009 7
2010 9
2011 10
2012 8
2013 7
2014 8
2015 6
2016 7
2017 7
2018 9
2019 10
2020 7
2021 7
2022 9
2023 7
2024 7
2025 7
2026 9
2027 10
2028 6
2029 7
2030 8
2031 6
2032 8
2033 7
2034 9
2035 10
2036 7
2037 7
2038 9
2039 7
2040 7
2041 7
2042 9
2043 10
2044 8
2045 7
2046 8
2047 6
2048 0
2049 0
2050 0
2051 0
2052 0
2053 9
2054 9
2055 0
2056 0
2057 9
2058 8
2059 8
2060 0
2061 0
2062 8
2063 8
2064 0
2065 9
2066 10
2067 0
2068 7
2069 9
2070 9
2071 6
2072 0
2073 9
2074 8
2075 8
2076 0
2077 9
2078 8
2079 8
2080 0
2081 9
2082 8
2083 8
2084 9
2085 9
2086 9
2087 8
2088 8
2089 9
2090 8
2091 8
2092 8
2093 8
2094 8
2095 8
2096 0
2097 0
2098 10
2099 8
2100 0
2101 9
2102 9
2103 8
2104 0
2105 9
2106 8
2107 8
2108 6
2109 6
2110 8
2111 8
2112 0
2113 9
2114 8
2115 8
2116 7
2117 9
2118 8
2119 8
2120 8
2121 8
2122 8
2123 8
2124 8
2125 8
2126 8
2127 8
2128 7
2129 9
2130 8
2131 8
2132 7
2133 9
2134 8
2135 8
2136 8
2137 8
2138 8
2139 8
2140 8
2141 8
2142 8
2143 8
2144 8
2145 8
2146 8
2147 8
2148 8
2149 9
2150 8
2151 8
2152 8
2153 8
2154 8
2155 8
2156 8
2157 8
2158 8
2159 8
2160 0
2161 9
2162 8
2163 8
2164 7
2165 9
2166 8
2167 8
2168 8
2169 8
2170 8
2171 8
2172 8
2173 8
2174 8
2175 8
2176 0
2177 9
2178 8
2179 8
2180 9
2181 9
2182 9
2183 8
2184 8
2185 9
2186 8
2187 8
2188 8
2189 8
2190 8
2191 8
2192 7
2193 9
2194 8
2195 8
2196 9
2197 9
2198 9
2199 8
2200 8
2201 9
2202 8
2203 8
2204 8
2205 8
2206 8
2207 8
2208 8
2209 9
2210 8
2211 8
2212 9
2213 9
2214 9
2215 8
2216 8
2217 9
2218 8
2219 8
2220 8
2221 8
2222 8
2223 8
2224 6
2225 9
2226 8
2227 8
2228 9
2229 9
2230 9
2231 8
2232 8
2233 9
2234 8
2235 8
2236 8
2237 8
2238 8
2239 8
2240 0
2241 9
2242 9
2243 8
2244 9
2245 9
2246 9
2247 9
2248 9
2249 9
2250 9
2251 8
2252 6
2253 9
2254 8
2255 8
2256 0
2257 9
2258 9
2259 8
2260 9
2261 9
2262 9
2263 9
2264 9
2265 9
2266 9
2267 8
2268 6
2269 9
2270 8
2271 8
2272 9
2273 9
2274 9
2275 8
2276 9
2277 9
2278 9
2279 9
2280 9
2281 9
2282 9
2283 8
2284 8
2285 9
2286 8
2287 8
2288 6
2289 9
2290 9
2291 8
2292 9
2293 9
2294 9
2295 9
2296 9
2297 9
2298 9
2299 8
2300 6
2301 9
2302 8
2303 8
2304 0
2305 10
2306 8
2307 8
2308 9
2309 9
2310 8
2311 8
2312 8
2313 10
2314 8
2315 8
2316 8
2317 8
2318 8
2319 8
2320 9
2321 10
2322 8
2323 8
2324 9
2325 9
2326 8
2327 8
2328 8
2329 10
2330 8
2331 8
2332 8
2333 8
2334 8
2335 8
2336 8
2337 10
2338 8
2339 8
2340 8
2341 9
2342 8
2343 8
2344 8
2345 10
2346 8
2347 8
2348 8
2349 8
2350 8
2351 8
2352 6
2353 10
2354 8
2355 8
2356 6
2357 9
2358 8
2359 8
2360 8
2361 10
2362 8
2363 8
2364 8
2365 8
2366 8
2367 8
2368 8
2369 8
2370 8
2371 8
2372 8
2373 8
2374 8
2375 8
2376 8
2377 8
2378 8
2379 8
2380 8
2381 8
2382 8
2383 8
2384 8
2385 8
2386 8
2387 8
2388 8
2389 8
2390 8
2391 8
2392 8
2393 8
2394 8
2395 8
2396 8
2397 8
2398 8
2399 8
2400 8
2401 8
2402 8
2403 8
2404 8
2405 8
2406 8
2407 8
2408 8
2409 8
2410 8
2411 8
2412 8
2413 8
2414 8
2415 8
2416 8
2417 8
2418 8
2419 8
2420 8
2421 8
2422 8
2423 8
2424 8
2425 8
2426 8
2427 8
2428 8
2429 8
2430 8
2431 8
2432 8
2433 10
2434 8
2435 8
2436 8
2437 9
2438 8
2439 8
2440 8
2441 10
2442 8
2443 8
2444 8
2445 8
2446 8
2447 8
2448 8
2449 10
2450 8
2451 8
2452 8
2453 9
2454 8
2455 8
2456 8
2457 10
2458 8
2459 8
2460 8
2461 8
2462 8
2463 8
2464 8
2465 10
2466 8
2467 8
2468 8
2469 9
2470 8
2471 8
2472 8
2473 10
2474 8
2475 8
2476 8
2477 8
2478 8
2479 8
2480 8
2481 10
2482 8
2483 8
2484 8
2485 9
2486 8
2487 8
2488 8
2489 10
2490 8
2491 8
2492 8
2493 8
2494 8
2495 8
2496 6
2497 9
2498 8
2499 8
2500 9
2501 9
2502 9
2503 8
2504 8
2505 9
2506 8
2507 8
2508 8
2509 8
2510 8
2511 8
2512 6
2513 9
2514 8
2515 8
2516 9
2517 9
2518 9
2519 8
2520 8
2521 9
2522 8
2523 8
2524 8
2525 8
2526 8
2527 8
2528 8
2529 9
2530 8
2531 8
2532 9
2533 9
2534 9
2535 8
2536 8
2537 9
2538 8
2539 8
2540 8
2541 8
2542 8
2543 8
2544 6
2545 9
2546 8
2547 8
2548 9
2549 9
2550 9
2551 8
2552 8
2553 9
2554 8
2555 8
2556 8
2557 8
2558 8
2559 8
2560 0
2561 9
2562 8
2563 8
2564 9
2565 9
2566 9
2567 8
2568 8
2569 9
2570 8
2571 8
2572 8
2573 8
2574 8
2575 8
2576 7
2577 9
2578 8
2579 8
2580 9
2581 9
2582 9
2583 8
2584 8
2585 9
2586 8
2587 8
2588 8
2589 8
2590 8
2591 8
2592 8
2593 9
2594 8
2595 8
2596 9
2597 9
2598 9
2599 8
2600 8
2601 9
2602 8
2603 8
2604 8
2605 8
2606 8
2607 8
2608 6
2609 9
2610 8
2611 8
2612 9
2613 9
2614 9
2615 8
2616 8
2617 9
2618 8
2619 8
2620 8
2621 8
2622 8
2623 8
2624 8
2625 8
2626 8
2627 8
2628 8
2629 9
2630 8
2631 8
2632 8
2633 8
2634 8
2635 8
2636 8
2637 8
2638 8
2639 8
2640 8
2641 8
2642 8
2643 8
2644 8
2645 9
2646 8
2647 8
2648 8
2649 8
2650 8
2651 8
2652 8
2653 8
2654 8
2655 8
2656 8
2657 8
2658 8
2659 8
2660 8
2661 9
2662 8
2663 8
2664 8
2665 8
2666 8
2667 8
2668 8
2669 8
2670 8
2671 8
2672 8
2673 8
2674 8
2675 8
2676 8
2677 9
2678 8
2679 8
2680 8
2681 8
2682 8
2683 8
2684 8
2685 8
2686 8
2687 8
2688 8
2689 9
2690 8
2691 8
2692 9
2693 9
2694 9
2695 8
2696 8
2697 9
2698 8
2699 8
2700 8
2701 8
2702 8
2703 8
2704 8
2705 9
2706 8
2707 8
2708 9
2709 9
2710 9
2711 8
2712 8
2713 9
2714 8
2715 8
2716 8
2717 8
2718 8
2719 8
2720 8
2721 9
2722 8
2723 8
2724 9
2725 9
2726 9
2727 8
2728 8
2729 9
2730 8
2731 8
2732 8
2733 8
2734 8
2735 8
2736 8
2737 9
2738 8
2739 8
2740 9
2741 9
2742 9
2743 8
2744 8
2745 9
2746 8
2747 8
2748 8
2749 8
2750 8
2751 8
2752 9
2753 9
2754 9
2755 8
2756 9
2757 9
2758 9
2759 9
2760 9
2761 9
2762 9
2763 8
2764 8
2765 9
2766 8
2767 8
2768 9
2769 9
2770 9
2771 8
2772 9
2773 9
2774 9
2775 9
2776 9
2777 9
2778 9
2779 8
2780 8
2781 9
2782 8
2783 8
2784 9
2785 9
2786 9
2787 8
2788 9
2789 9
2790 9
2791 9
2792 9
2793 9
2794 9
2795 8
2796 8
2797 9
2798 8
2799 8
2800 9
2801 9
2802 9
2803 8
2804 9
2805 9
2806 9
2807 9
2808 9
2809 9
2810 9
2811 8
2812 8
2813 9
2814 8
2815 8
2816 0
2817 9
2818 9
2819 10
2820 9
2821 9
2822 9
2823 9
2824 9
2825 9
2826 9
2827 10
2828 8
2829 9
2830 8
2831 8
2832 7
2833 9
2834 9
2835 10
2836 9
2837 9
2838 9
2839 9
2840 9
2841 9
2842 9
2843 10
2844 8
2845 9
2846 8
2847 8
2848 9
2849 9
2850 9
2851 10
2852 9
2853 9
2854 9
2855 9
2856 9
2857 9
2858 9
2859 10
2860 8
2861 9
2862 8
2863 8
2864 8
2865 9
2866 9
2867 10
2868 9
2869 9
2870 9
2871 9
2872 9
2873 9
2874 9
2875 10
2876 8
2877 9
2878 8
2879 8
2880 7
2881 9
2882 8
2883 8
2884 9
2885 9
2886 9
2887 8
2888 8
2889 9
2890 8
2891 8
2892 8
2893 8
2894 8
2895 8
2896 7
2897 9
2898 8
2899 8
2900 9
2901 9
2902 9
2903 8
2904 8
2905 9
2906 8
2907 8
2908 8
2909 8
2910 8
2911 8
2912 8
2913 9
2914 8
2915 8
2916 9
2917 9
2918 9
2919 8
2920 8
2921 9
2922 8
2923 8
2924 8
2925 8
2926 8
2927 8
2928 8
2929 9
2930 8
2931 8
2932 9
2933 9
2934 9
2935 8
2936 8
2937 9
2938 8
2939 8
2940 8
2941 8
2942 8
2943 8
2944 9
2945 9
2946 9
2947 10
2948 9
2949 9
2950 9
2951 9
2952 9
2953 9
2954 9
2955 10
2956 8
2957 9
2958 8
2959 8
2960 9
2961 9
2962 9
2963 10
2964 9
2965 9
2966 9
2967 9
2968 9
2969 9
2970 9
2971 10
2972 8
2973 9
2974 8
2975 8
2976 9
2977 9
2978 9
2979 10
2980 9
2981 9
2982 9
2983 9
2984 9
2985 9
2986 9
2987 10
2988 8
2989 9
2990 8
2991 8
2992 9
2993 9
2994 9
2995 10
2996 9
2997 9
2998 9
2999 9
3000 9
3001 9
3002 9
3003 10
3004 8
3005 9
3006 8
3007 8
3008 9
3009 9
3010 9
3011 9
3012 9
3013 9
3014 9
3015 9
3016 9
3017 9
3018 9
3019 9
3020 9
3021 9
3022 9
3023 8
3024 9
3025 9
3026 9
3027 9
3028 9
3029 9
3030 9
3031 9
3032 9
3033 9
3034 9
3035 9
3036 9
3037 9
3038 9
3039 8
3040 9
3041 9
3042 9
3043 9
3044 9
3045 9
3046 9
3047 9
3048 9
3049 9
3050 9
3051 9
3052 9
3053 9
3054 9
3055 8
3056 9
3057 9
3058 9
3059 9
3060 9
3061 9
3062 9
3063 9
3064 9
3065 9
3066 9
3067 9
3068 9
3069 9
3070 9
3071 8
3072 0
3073 0
3074 0
3075 0
3076 0
3077 7
3078 9
3079 0
3080 0
3081 7
3082 9
3083 10
3084 0
3085 9
3086 9
3087 8
3088 0
3089 9
3090 0
3091 0
3092 7
3093 7
3094 9
3095 6
3096 0
3097 7
3098 9
3099 10
3100 0
3101 9
3102 9
3103 8
3104 0
3105 7
3106 9
3107 10
3108 7
3109 7
3110 9
3111 7
3112 7
3113 7
3114 9
3115 10
3116 0
3117 7
3118 8
3119 6
3120 0
3121 9
3122 9
3123 8
3124 0
3125 7
3126 9
3127 8
3128 9
3129 7
3130 9
3131 10
3132 8
3133 9
3134 9
3135 8
3136 0
3137 9
3138 0
3139 0
3140 7
3141 7
3142 9
3143 6
3144 0
3145 7
3146 8
3147 6
3148 0
3149 9
3150 8
3151 6
3152 7
3153 9
3154 6
3155 6
3156 7
3157 7
3158 9
3159 6
3160 2
3161 7
3162 8
3163 6
3164 2
3165 9
3166 8
3167 6
3168 0
3169 7
3170 8
3171 6
3172 7
3173 7
3174 9
3175 6
3176 6
3177 7
3178 8
3179 6
3180 2
3181 2
3182 8
3183 6
3184 0
3185 9
3186 9
3187 8
3188 7
3189 7
3190 9
3191 8
3192 9
3193 7
3194 8
3195 6
3196 8
3197 9
3198 8
3199 6
3200 0
3201 7
3202 9
3203 10
3204 7
3205 7
3206 9
3207 7
3208 7
3209 7
3210 9
3211 10
3212 8
3213 7
3214 8
3215 6
3216 5
3217 7
3218 9
3219 10
3220 7
3221 7
3222 9
3223 7
3224 7
3225 7
3226 9
3227 10
3228 8
3229 7
3230 8
3231 6
3232 7
3233 7
3234 9
3235 10
3236 7
3237 7
3238 9
3239 7
3240 7
3241 7
3242 9
3243 10
3244 2
3245 7
3246 8
3247 6
3248 8
3249 7
3250 9
3251 10
3252 7
3253 7
3254 9
3255 7
3256 7
3257 7
3258 9
3259 10
3260 8
3261 7
3262 8
3263 6
3264 0
3265 7
3266 9
3267 8
3268 7
3269 7
3270 9
3271 7
3272 7
3273 7
3274 9
3275 7
3276 8
3277 7
3278 9
3279 8
3280 5
3281 7
3282 9
3283 8
3284 7
3285 7
3286 9
3287 7
3288 7
3289 7
3290 9
3291 7
3292 8
3293 7
3294 9
3295 8
3296 7
3297 7
3298 9
3299 7
3300 7
3301 7
3302 9
3303 7
3304 7
3305 7
3306 9
3307 7
3308 7
3309 7
3310 9
3311 6
3312 8
3313 7
3314 9
3315 8
3316 7
3317 7
3318 9
3319 7
3320 7
3321 7
3322 9
3323 7
3324 8
3325 7
3326 9
3327 8
3328 0
3329 10
3330 10
3331 10
3332 9
3333 7
3334 9
3335 10
3336 10
3337 10
3338 10
3339 10
3340 8
3341 10
3342 8
3343 6
3344 9
3345 10
3346 10
3347 10
3348 9
3349 7
3350 9
3351 10
3352 10
3353 10
3354 10
3355 10
3356 8
3357 10
3358 8
3359 6
3360 10
3361 10
3362 10
3363 10
3364 7
3365 7
3366 9
3367 10
3368 10
3369 10
3370 10
3371 10
3372 6
3373 10
3374 8
3375 6
3376 8
3377 10
3378 10
3379 10
3380 8
3381 7
3382 9
3383 10
3384 10
3385 10
3386 10
3387 10
3388 8
3389 10
3390 8
3391 6
3392 9
3393 10
3394 8
3395 6
3396 9
3397 7
3398 8
3399 6
3400 6
3401 10
3402 8
3403 6
3404 6
3405 6
3406 8
3407 6
3408 9
3409 10
3410 8
3411 6
3412 9
3413 7
3414 8
3415 6
3416 6
3417 10
3418 8
3419 6
3420 6
3421 6
3422 8
3423 6
3424 6
3425 10
3426 8
3427 6
3428 6
3429 7
3430 8
3431 6
3432 6
3433 10
3434 8
3435 6
3436 6
3437 6
3438 8
3439 6
3440 2
3441 10
3442 8
3443 6
3444 2
3445 7
3446 8
3447 6
3448 6
3449 10
3450 8
3451 6
3452 6
3453 6
3454 8
3455 6
3456 10
3457 10
3458 10
3459 10
3460 7
3461 7
3462 9
3463 10
3464 10
3465 10
3466 10
3467 10
3468 6
3469 10
3470 8
3471 6
3472 10
3473 10
3474 10
3475 10
3476 7
3477 7
3478 9
3479 10
3480 10
3481 10
3482 10
3483 10
3484 6
3485 10
3486 8
3487 6
3488 10
3489 10
3490 10
3491 10
3492 7
3493 7
3494 9
3495 10
3496 10
3497 10
3498 10
3499 10
3500 6
3501 10
3502 8
3503 6
3504 10
3505 10
3506 10
3507 10
3508 7
3509 7
3510 9
3511 10
3512 10
3513 10
3514 10
3515 10
3516 6
3517 10
3518 8
3519 6
3520 8
3521 7
3522 9
3523 10
3524 7
3525 7
3526 9
3527 7
3528 7
3529 7
3530 9
3531 10
3532 8
3533 7
3534 8
3535 6
3536 8
3537 7
3538 9
3539 10
3540 7
3541 7
3542 9
3543 7
3544 7
3545 7
3546 9
3547 10
3548 8
3549 7
3550 8
3551 6
3552 7
3553 7
3554 9
3555 10
3556 7
3557 7
3558 9
3559 7
3560 7
3561 7
3562 9
3563 10
3564 6
3565 7
3566 8
3567 6
3568 8
3569 7
3570 9
3571 10
3572 7
3573 7
3574 9
3575 7
3576 7
3577 7
3578 9
3579 10
3580 8
3581 7
3582 8
3583 6
3584 0
3585 9
3586 9
3587 10
3588 9
3589 9
3590 9
3591 9
3592 9
3593 9
3594 9
3595 10
3596 8
3597 9
3598 8
3599 8
3600 7
3601 9
3602 9
3603 10
3604 9
3605 9
3606 9
3607 9
3608 9
3609 9
3610 9
3611 10
3612 8
3613 9
3614 8
3615 8
3616 9
3617 9
3618 9
3619 10
3620 9
3621 9
3622 9
3623 9
3624 9
3625 9
3626 9
3627 10
3628 8
3629 9
3630 8
3631 8
3632 8
3633 9
3634 9
3635 10
3636 9
3637 9
3638 9
3639 9
3640 9
3641 9
3642 9
3643 10
3644 8
3645 9
3646 8
3647 8
3648 7
3649 9
3650 8
3651 8
3652 9
3653 9
3654 9
3655 8
3656 8
3657 9
3658 8
3659 8
3660 8
3661 8
3662 8
3663 8
3664 7
3665 9
3666 8
3667 8
3668 9
3669 9
3670 9
3671 8
3672 8
3673 9
3674 8
3675 8
3676 8
3677 8
3678 8
3679 8
3680 8
3681 9
3682 8
3683 8
3684 9
3685 9
3686 9
3687 8
3688 8
3689 9
3690 8
3691 8
3692 8
3693 8
3694 8
3695 8
3696 8
3697 9
3698 8
3699 8
3700 9
3701 9
3702 9
3703 8
3704 8
3705 9
3706 8
3707 8
3708 8
3709 8
3710 8
3711 8
3712 9
3713 9
3714 9
3715 10
3716 9
3717 9
3718 9
3719 9
3720 9
3721 9
3722 9
3723 10
3724 8
3725 9
3726 8
3727 8
3728 9
3729 9
3730 9
3731 10
3732 9
3733 9
3734 9
3735 9
3736 9
3737 9
3738 9
3739 10
3740 8
3741 9
3742 8
3743 8
3744 9
3745 9
3746 9
3747 10
3748 9
3749 9
3750 9
3751 9
3752 9
3753 9
3754 9
3755 10
3756 8
3757 9
3758 8
3759 8
3760 9
3761 9
3762 9
3763 10
3764 9
3765 9
3766 9
3767 9
3768 9
3769 9
3770 9
3771 10
3772 8
3773 9
3774 8
3775 8
3776 9
3777 9
3778 9
3779 9
3780 9
3781 9
3782 9
3783 9
3784 9
3785 9
3786 9
3787 9
3788 9
3789 9
3790 9
3791 8
3792 9
3793 9
3794 9
3795 9
3796 9
3797 9
3798 9
3799 9
3800 9
3801 9
3802 9
3803 9
3804 9
3805 9
3806 9
3807 8
3808 9
3809 9
3810 9
3811 9
3812 9
3813 9
3814 9
3815 9
3816 9
3817 9
3818 9
3819 9
3820 9
3821 9
3822 9
3823 8
3824 9
3825 9
3826 9
3827 9
3828 9
3829 9
3830 9
3831 9
3832 9
3833 9
3834 9
3835 9
3836 9
3837 9
3838 9
3839 8
3840 0
3841 7
3842 9
3843 10
3844 7
3845 7
3846 9
3847 7
3848 7
3849 7
3850 9
3851 10
3852 8
3853 7
3854 9
3855 10
3856 5
3857 7
3858 9
3859 10
3860 7
3861 7
3862 9
3863 7
3864 7
3865 7
3866 9
3867 10
3868 8
3869 7
3870 9
3871 10
3872 7
3873 7
3874 9
3875 10
3876 7
3877 7
3878 9
3879 7
3880 7
3881 7
3882 9
3883 10
3884 7
3885 7
3886 9
3887 10
3888 8
3889 7
3890 9
3891 10
3892 7
3893 7
3894 9
3895 7
3896 7
3897 7
3898 9
3899 10
3900 8
3901 7
3902 9
3903 10
3904 7
3905 7
3906 9
3907 10
3908 7
3909 7
3910 9
3911 7
3912 7
3913 7
3914 9
3915 10
3916 8
3917 7
3918 8
3919 6
3920 7
3921 7
3922 9
3923 10
3924 7
3925 7
3926 9
3927 7
3928 7
3929 7
3930 9
3931 10
3932 8
3933 7
3934 8
3935 6
3936 7
3937 7
3938 9
3939 10
3940 7
3941 7
3942 9
3943 7
3944 7
3945 7
3946 9
3947 10
3948 2
3949 7
3950 8
3951 6
3952 8
3953 7
3954 9
3955 10
3956 7
3957 7
3958 9
3959 7
3960 7
3961 7
3962 9
3963 10
3964 8
3965 7
3966 8
3967 6
3968 7
3969 7
3970 9
3971 10
3972 7
3973 7
3974 9
3975 7
3976 7
3977 7
3978 9
3979 10
3980 7
3981 7
3982 9
3983 10
3984 7
3985 7
3986 9
3987 10
3988 7
3989 7
3990 9
3991 7
3992 7
3993 7
3994 9
3995 10
3996 7
3997 7
3998 9
3999 10
4000 7
4001 7
4002 9
4003 10
4004 7
4005 7
4006 9
4007 7
4008 7
4009 7
4010 9
4011 10
4012 7
4013 7
4014 9
4015 10
4016 7
4017 7
4018 9
4019 10
4020 7
4021 7
4022 9
4023 7
4024 7
4025 7
4026 9
4027 10
4028 7
4029 7
4030 9
4031 10
4032 7
4033 7
4034 9
4035 7
4036 7
4037 7
4038 9
4039 7
4040 7
4041 7
4042 9
4043 7
4044 7
4045 7
4046 9
4047 7
4048 7
4049 7
4050 9
4051 7
4052 7
4053 7
4054 9
4055 7
4056 7
4057 7
4058 9
4059 7
4060 7
4061 7
4062 9
4063 7
4064 7
4065 7
4066 9
4067 7
4068 7
4069 7
4070 9
4071 7
4072 7
4073 7
4074 9
4075 7
4076 7
4077 7
4078 9
4079 7
4080 7
4081 7
4082 9
4083 7
4084 7
4085 7
4086 9
4087 7
4088 7
4089 7
4090 9
4091 7
4092 7
4093 7
4094 9
4095 7
