#CSC Slope LUT
#Structure is comparator code (iCC) -> Stub slope
#iCC bits: 12
#<header> v1.0 12 32 </header>
0 0
1 0
2 0
3 0
4 0
5 0
6 0
7 0
8 0
9 0
10 0
11 0
12 0
13 0
14 0
15 0
16 0
17 0
18 0
19 0
20 0
21 2.56195e-12
22 -0.5
23 -1
24 0
25 -6.82188e-12
26 -0.5
27 -1
28 0
29 -2.50711e-12
30 -0.5
31 -1
32 0
33 0
34 0
35 0
36 0
37 0.5
38 -1.02585e-12
39 -0.5
40 0
41 0.5
42 -1.60894e-12
43 -0.5
44 0
45 0.5
46 -6.3376e-12
47 -0.5
48 0
49 0
50 0
51 0
52 0
53 1
54 0.5
55 -4.96714e-13
56 0
57 1
58 0.5
59 5.45453e-12
60 0
61 1
62 0.5
63 2.44205e-12
64 0
65 0
66 0
67 0
68 0
69 7.08211e-13
70 -0.285714
71 -0.571429
72 0
73 -0.0714286
74 -0.357143
75 -0.642857
76 0
77 -0.142857
78 -0.428571
79 -0.714286
80 0
81 -1.33116e-13
82 -0.357143
83 -0.714286
84 0
85 -3.27738e-13
86 -0.3
87 -0.6
88 -0.5
89 -0.1
90 -0.4
91 -0.7
92 -1
93 -0.2
94 -0.5
95 -0.8
96 0
97 0.0714286
98 -0.285714
99 -0.642857
100 0
101 0.1
102 -0.2
103 -0.5
104 -0.5
105 -1.19238e-13
106 -0.3
107 -0.6
108 -1
109 -0.1
110 -0.4
111 -0.7
112 0
113 0.142857
114 -0.214286
115 -0.571429
116 -4.15684e-13
117 0.2
118 -0.1
119 -0.4
120 -0.5
121 0.1
122 -0.2
123 -0.5
124 -1
125 -3.62155e-13
126 -0.3
127 -0.6
128 0
129 0
130 0
131 0
132 0
133 0.357143
134 0.0714286
135 -0.214286
136 0
137 0.285714
138 3.08864e-13
139 -0.285714
140 0
141 0.214286
142 -0.0714286
143 -0.357143
144 0
145 0.285714
146 -0.0714286
147 -0.428571
148 0.5
149 0.3
150 -1.24123e-13
151 -0.3
152 0
153 0.2
154 -0.1
155 -0.4
156 -0.5
157 0.1
158 -0.2
159 -0.5
160 0
161 0.357143
162 1.60094e-13
163 -0.357143
164 0.5
165 0.4
166 0.1
167 -0.2
168 -3.95833e-13
169 0.3
170 2.01617e-13
171 -0.3
172 -0.5
173 0.2
174 -0.1
175 -0.4
176 0
177 0.428571
178 0.0714286
179 -0.285714
180 0.5
181 0.5
182 0.2
183 -0.1
184 0
185 0.4
186 0.1
187 -0.2
188 -0.5
189 0.3
190 2.23599e-13
191 -0.3
192 0
193 0
194 0
195 0
196 0
197 0.714286
198 0.428571
199 0.142857
200 0
201 0.642857
202 0.357143
203 0.0714286
204 0
205 0.571429
206 0.285714
207 1.24789e-13
208 0
209 0.571429
210 0.214286
211 -0.142857
212 1
213 0.6
214 0.3
215 5.59996e-13
216 0.5
217 0.5
218 0.2
219 -0.1
220 0
221 0.4
222 0.1
223 -0.2
224 0
225 0.642857
226 0.285714
227 -0.0714286
228 1
229 0.7
230 0.4
231 0.1
232 0.5
233 0.6
234 0.3
235 -6.55032e-14
236 0
237 0.5
238 0.2
239 -0.1
240 0
241 0.714286
242 0.357143
243 2.67564e-13
244 1
245 0.8
246 0.5
247 0.2
248 0.5
249 0.7
250 0.4
251 0.1
252 0
253 0.6
254 0.3
255 -3.01315e-13
256 0
257 0
258 0
259 0
260 0
261 2.29261e-14
262 -0.192308
263 -0.384615
264 0
265 -0.0769231
266 -0.269231
267 -0.461538
268 0
269 -0.153846
270 -0.346154
271 -0.538462
272 0
273 0
274 -0.25
275 -0.5
276 2.5091e-14
277 -2.02061e-14
278 -0.2
279 -0.4
280 -0.285714
281 -0.0857143
282 -0.285714
283 -0.485714
284 -0.571429
285 -0.171429
286 -0.371429
287 -0.571429
288 0
289 0
290 -0.25
291 -0.5
292 -0.0714286
293 0.0285714
294 -0.171429
295 -0.371429
296 -0.357143
297 -0.0571429
298 -0.257143
299 -0.457143
300 -0.642857
301 -0.142857
302 -0.342857
303 -0.542857
304 0
305 2.07842e-13
306 -0.25
307 -0.5
308 -0.142857
309 0.0571429
310 -0.142857
311 -0.342857
312 -0.428571
313 -0.0285714
314 -0.228571
315 -0.428571
316 -0.714286
317 -0.114286
318 -0.314286
319 -0.514286
320 0
321 -2.29261e-14
322 -0.269227
323 -0.538462
324 6.09179e-13
325 0
326 -0.2
327 -0.4
328 -0.357143
329 -0.1
330 -0.3
331 -0.5
332 -0.714286
333 -0.2
334 -0.4
335 -0.6
336 -2.55485e-12
337 -4.03622e-13
338 -0.257142
339 -0.514286
340 3.11307e-13
341 0
342 -0.2
343 -0.4
344 -0.3
345 -0.1
346 -0.3
347 -0.5
348 -0.6
349 -0.2
350 -0.4
351 -0.6
352 -0.5
353 -0.0285714
354 -0.285713
355 -0.542857
356 -0.1
357 0
358 -0.2
359 -0.4
360 -0.4
361 -0.1
362 -0.3
363 -0.5
364 -0.7
365 -0.2
366 -0.4
367 -0.6
368 -1
369 -0.0571429
370 -0.314285
371 -0.571429
372 -0.2
373 -3.06653e-13
374 -0.2
375 -0.4
376 -0.5
377 -0.1
378 -0.3
379 -0.5
380 -0.8
381 -0.2
382 -0.4
383 -0.6
384 0
385 0.0769231
386 -0.192308
387 -0.461538
388 0.0714286
389 0.1
390 -0.1
391 -0.3
392 -0.285714
393 0
394 -0.2
395 -0.4
396 -0.642857
397 -0.1
398 -0.3
399 -0.5
400 2.506e-12
401 0.0857143
402 -0.171423
403 -0.428571
404 0.1
405 0.1
406 -0.1
407 -0.3
408 -0.2
409 0
410 -0.2
411 -0.4
412 -0.5
413 -0.1
414 -0.3
415 -0.5
416 -0.5
417 0.0571429
418 -0.199995
419 -0.457143
420 -2.7045e-13
421 0.1
422 -0.1
423 -0.3
424 -0.3
425 0
426 -0.2
427 -0.4
428 -0.6
429 -0.1
430 -0.3
431 -0.5
432 -1
433 0.0285714
434 -0.228567
435 -0.485714
436 -0.1
437 0.1
438 -0.1
439 -0.3
440 -0.4
441 0
442 -0.2
443 -0.4
444 -0.7
445 -0.1
446 -0.3
447 -0.5
448 0
449 0.153846
450 -0.115385
451 -0.384614
452 0.142857
453 0.2
454 0
455 -0.2
456 -0.214286
457 0.1
458 -0.1
459 -0.3
460 -0.571429
461 -3.00703e-13
462 -0.2
463 -0.4
464 8.89511e-13
465 0.171429
466 -0.0857143
467 -0.342856
468 0.2
469 0.2
470 0
471 -0.2
472 -0.1
473 0.1
474 -0.1
475 -0.3
476 -0.4
477 0
478 -0.2
479 -0.4
480 -0.5
481 0.142857
482 -0.114286
483 -0.371428
484 0.1
485 0.2
486 -2.82315e-13
487 -0.2
488 -0.2
489 0.1
490 -0.1
491 -0.3
492 -0.5
493 -2.70018e-13
494 -0.2
495 -0.4
496 -1
497 0.114286
498 -0.142857
499 -0.4
500 1.00564e-12
501 0.2
502 0
503 -0.2
504 -0.3
505 0.1
506 -0.1
507 -0.3
508 -0.6
509 2.592e-13
510 -0.2
511 -0.4
512 0
513 0
514 0
515 0
516 0
517 0.269227
518 0.0769231
519 -0.115385
520 0
521 0.192308
522 7.82707e-14
523 -0.192308
524 0
525 0.115385
526 -0.0769231
527 -0.269231
528 0
529 0.25
530 0
531 -0.25
532 0.357143
533 0.257142
534 0.0571429
535 -0.142857
536 0.0714286
537 0.171423
538 -0.0285714
539 -0.228571
540 -0.214286
541 0.0857143
542 -0.114286
543 -0.314286
544 0
545 0.25
546 0
547 -0.25
548 0.285714
549 0.285713
550 0.0857143
551 -0.114286
552 3.4861e-14
553 0.199995
554 -5.02931e-14
555 -0.2
556 -0.285714
557 0.114286
558 -0.0857143
559 -0.285714
560 0
561 0.25
562 0
563 -0.25
564 0.214286
565 0.314285
566 0.114286
567 -0.0857143
568 -0.0714286
569 0.228567
570 0.0285714
571 -0.171429
572 -0.357143
573 0.142857
574 -0.0571429
575 -0.257143
576 0
577 0.192308
578 -0.0769231
579 -0.346152
580 0.285714
581 0.2
582 0
583 -0.2
584 -0.0714286
585 0.1
586 -0.1
587 -0.3
588 -0.428571
589 0
590 -0.2
591 -0.4
592 0.5
593 0.2
594 -0.0571429
595 -0.314285
596 0.3
597 0.2
598 0
599 -0.2
600 5.11147e-13
601 0.1
602 -0.1
603 -0.3
604 -0.3
605 0
606 -0.2
607 -0.4
608 4.25704e-12
609 0.171429
610 -0.0857143
611 -0.342856
612 0.2
613 0.2
614 0
615 -0.2
616 -0.1
617 0.1
618 -0.1
619 -0.3
620 -0.4
621 0
622 -0.2
623 -0.4
624 -0.5
625 0.142857
626 -0.114286
627 -0.371428
628 0.1
629 0.2
630 2.82315e-13
631 -0.2
632 -0.2
633 0.1
634 -0.1
635 -0.3
636 -0.5
637 -2.70018e-13
638 -0.2
639 -0.4
640 0
641 0.269231
642 -2.76335e-13
643 -0.269231
644 0.357143
645 0.3
646 0.1
647 -0.1
648 1.75415e-13
649 0.2
650 0
651 -0.2
652 -0.357143
653 0.1
654 -0.1
655 -0.3
656 0.5
657 0.285714
658 0.0285714
659 -0.228567
660 0.4
661 0.3
662 0.1
663 -0.1
664 0.1
665 0.2
666 -2.84737e-13
667 -0.2
668 -0.2
669 0.1
670 -0.1
671 -0.3
672 1.78479e-12
673 0.257143
674 -6.21725e-15
675 -0.257139
676 0.3
677 0.3
678 0.1
679 -0.1
680 -2.01172e-13
681 0.2
682 2.74302e-13
683 -0.2
684 -0.3
685 0.1
686 -0.1
687 -0.3
688 -0.5
689 0.228571
690 -0.0285714
691 -0.285711
692 0.2
693 0.3
694 0.1
695 -0.1
696 -0.1
697 0.2
698 0
699 -0.2
700 -0.4
701 0.1
702 -0.1
703 -0.3
704 0
705 0.346154
706 0.0769231
707 -0.192308
708 0.428571
709 0.4
710 0.2
711 -2.88489e-13
712 0.0714286
713 0.3
714 0.1
715 -0.1
716 -0.285714
717 0.2
718 -2.77652e-13
719 -0.2
720 0.5
721 0.371429
722 0.114286
723 -0.142857
724 0.5
725 0.4
726 0.2
727 2.70018e-13
728 0.2
729 0.3
730 0.1
731 -0.1
732 -0.1
733 0.2
734 2.61071e-13
735 -0.2
736 4.5457e-12
737 0.342857
738 0.0857143
739 -0.171429
740 0.4
741 0.4
742 0.2
743 2.61071e-13
744 0.1
745 0.3
746 0.1
747 -0.1
748 -0.2
749 0.2
750 -2.52957e-13
751 -0.2
752 -0.5
753 0.314286
754 0.0571429
755 -0.199991
756 0.3
757 0.4
758 0.2
759 2.51255e-13
760 8.63754e-14
761 0.3
762 0.1
763 -0.1
764 -0.3
765 0.2
766 -2.43998e-13
767 -0.2
768 0
769 0
770 0
771 0
772 0
773 0.538462
774 0.346152
775 0.153846
776 0
777 0.461538
778 0.269231
779 0.0769231
780 0
781 0.384614
782 0.192308
783 -4.81837e-13
784 0
785 0.5
786 0.25
787 0
788 0.714286
789 0.514286
790 0.314285
791 0.114286
792 0.428571
793 0.428571
794 0.228567
795 0.0285714
796 0.142857
797 0.342856
798 0.142857
799 -0.0571429
800 0
801 0.5
802 0.25
803 0
804 0.642857
805 0.542857
806 0.342856
807 0.142857
808 0.357143
809 0.457143
810 0.257139
811 0.0571429
812 0.0714286
813 0.371428
814 0.171429
815 -0.0285714
816 0
817 0.5
818 0.25
819 0
820 0.571429
821 0.571429
822 0.371428
823 0.171429
824 0.285714
825 0.485714
826 0.285711
827 0.0857143
828 -2.67564e-13
829 0.4
830 0.199991
831 1.67089e-13
832 0
833 0.384615
834 0.115385
835 -0.153846
836 0.571429
837 0.4
838 0.2
839 0
840 0.214286
841 0.3
842 0.1
843 -0.1
844 -0.142857
845 0.2
846 -2.88489e-13
847 -0.2
848 1
849 0.4
850 0.142857
851 -0.114286
852 0.6
853 0.4
854 0.2
855 0
856 0.3
857 0.3
858 0.1
859 -0.1
860 -5.40679e-13
861 0.2
862 0
863 -0.2
864 0.5
865 0.371429
866 0.114286
867 -0.142857
868 0.5
869 0.4
870 0.2
871 -2.70018e-13
872 0.2
873 0.3
874 0.1
875 -0.1
876 -0.1
877 0.2
878 0
879 -0.2
880 3.57026e-12
881 0.342857
882 0.0857143
883 -0.171429
884 0.4
885 0.4
886 0.2
887 0
888 0.1
889 0.3
890 0.1
891 -0.1
892 -0.2
893 0.2
894 0
895 -0.2
896 0
897 0.461538
898 0.192308
899 -0.0769231
900 0.642857
901 0.5
902 0.3
903 0.1
904 0.285714
905 0.4
906 0.2
907 0
908 -0.0714286
909 0.3
910 0.1
911 -0.1
912 1
913 0.485714
914 0.228571
915 -0.0285714
916 0.7
917 0.5
918 0.3
919 0.1
920 0.4
921 0.4
922 0.2
923 -2.61071e-13
924 0.1
925 0.3
926 0.1
927 -0.1
928 0.5
929 0.457143
930 0.2
931 -0.0571429
932 0.6
933 0.5
934 0.3
935 0.1
936 0.3
937 0.4
938 0.2
939 -2.52957e-13
940 4.4742e-13
941 0.3
942 0.1
943 -0.1
944 -4.22773e-13
945 0.428571
946 0.171429
947 -0.0857143
948 0.5
949 0.5
950 0.3
951 0.1
952 0.2
953 0.4
954 0.2
955 0
956 -0.1
957 0.3
958 0.1
959 -0.1
960 0
961 0.538462
962 0.269231
963 1.16129e-13
964 0.714286
965 0.6
966 0.4
967 0.2
968 0.357143
969 0.5
970 0.3
971 0.1
972 8.30447e-14
973 0.4
974 0.2
975 -2.55577e-13
976 1
977 0.571429
978 0.314286
979 0.0571429
980 0.8
981 0.6
982 0.4
983 0.2
984 0.5
985 0.5
986 0.3
987 0.1
988 0.2
989 0.4
990 0.2
991 0
992 0.5
993 0.542857
994 0.285714
995 0.0285714
996 0.7
997 0.6
998 0.4
999 0.2
1000 0.4
1001 0.5
1002 0.3
1003 0.1
1004 0.1
1005 0.4
1006 0.2
1007 4.71855e-13
1008 4.19664e-13
1009 0.514286
1010 0.257143
1011 -1.36668e-13
1012 0.6
1013 0.6
1014 0.4
1015 0.2
1016 0.3
1017 0.5
1018 0.3
1019 0.1
1020 8.13571e-13
1021 0.4
1022 0.2
1023 0
1024 0
1025 0
1026 0
1027 0
1028 0
1029 0
1030 -0.142857
1031 -0.285714
1032 0
1033 -0.0714286
1034 -0.214286
1035 -0.357143
1036 0
1037 -0.142857
1038 -0.285714
1039 -0.428571
1040 0
1041 -6.47303e-17
1042 -0.18421
1043 -0.368421
1044 1.35114e-13
1045 0
1046 -0.142857
1047 -0.285714
1048 -0.192308
1049 -0.0714286
1050 -0.214286
1051 -0.357143
1052 -0.384615
1053 -0.142857
1054 -0.285714
1055 -0.428571
1056 0
1057 -0.0263158
1058 -0.210526
1059 -0.394737
1060 -0.0769231
1061 0
1062 -0.142857
1063 -0.285714
1064 -0.269231
1065 -0.0714286
1066 -0.214286
1067 -0.357143
1068 -0.461538
1069 -0.142857
1070 -0.285714
1071 -0.428571
1072 0
1073 -0.0526316
1074 -0.236842
1075 -0.421053
1076 -0.153846
1077 1.41377e-13
1078 -0.142857
1079 -0.285714
1080 -0.346154
1081 -0.0714286
1082 -0.214286
1083 -0.357143
1084 -0.538462
1085 -0.142857
1086 -0.285714
1087 -0.428571
1088 0
1089 1.78357e-13
1090 -0.210526
1091 -0.421053
1092 8.20344e-13
1093 2.73469e-06
1094 -0.152542
1095 -0.305085
1096 -0.25
1097 -0.0847452
1098 -0.237288
1099 -0.38983
1100 -0.5
1101 -0.169491
1102 -0.322034
1103 -0.474576
1104 1.20015e-12
1105 1.11466e-13
1106 -0.192308
1107 -0.384615
1108 -3.40838e-14
1109 1.11657e-06
1110 -0.148649
1111 -0.297297
1112 -0.2
1113 -0.0810808
1114 -0.22973
1115 -0.378378
1116 -0.4
1117 -0.162162
1118 -0.310811
1119 -0.459459
1120 -0.285714
1121 -0.0384615
1122 -0.230769
1123 -0.423077
1124 -0.0857143
1125 -0.0135126
1126 -0.162162
1127 -0.310811
1128 -0.285714
1129 -0.0945944
1130 -0.243243
1131 -0.391892
1132 -0.485714
1133 -0.175676
1134 -0.324324
1135 -0.472973
1136 -0.571429
1137 -0.0769231
1138 -0.269231
1139 -0.461538
1140 -0.171429
1141 -0.0270263
1142 -0.175676
1143 -0.324324
1144 -0.371429
1145 -0.108108
1146 -0.256757
1147 -0.405405
1148 -0.571429
1149 -0.189189
1150 -0.337838
1151 -0.486486
1152 0
1153 0.0263158
1154 -0.184211
1155 -0.394737
1156 8.23674e-13
1157 0.0508538
1158 -0.101694
1159 -0.254237
1160 -0.25
1161 -0.0338966
1162 -0.186441
1163 -0.338983
1164 -0.5
1165 -0.118644
1166 -0.271186
1167 -0.423729
1168 -0.0714286
1169 0.0384615
1170 -0.153846
1171 -0.346154
1172 0.0285714
1173 0.0540568
1174 -0.0945944
1175 -0.243243
1176 -0.171429
1177 -0.0270263
1178 -0.175676
1179 -0.324324
1180 -0.371429
1181 -0.108108
1182 -0.256757
1183 -0.405405
1184 -0.357143
1185 4.21885e-14
1186 -0.192308
1187 -0.384615
1188 -0.0571429
1189 0.0405428
1190 -0.108108
1191 -0.256757
1192 -0.257143
1193 -0.0405399
1194 -0.189189
1195 -0.337838
1196 -0.457143
1197 -0.121621
1198 -0.27027
1199 -0.418919
1200 -0.642857
1201 -0.0384615
1202 -0.230769
1203 -0.423077
1204 -0.142857
1205 0.0270289
1206 -0.121621
1207 -0.27027
1208 -0.342857
1209 -0.0540535
1210 -0.202703
1211 -0.351351
1212 -0.542857
1213 -0.135135
1214 -0.283784
1215 -0.432432
1216 0
1217 0.0526316
1218 -0.157895
1219 -0.368421
1220 1.05327e-12
1221 0.101695
1222 -0.050846
1223 -0.20339
1224 -0.25
1225 0.0169533
1226 -0.135593
1227 -0.288136
1228 -0.5
1229 -0.0677954
1230 -0.220339
1231 -0.372881
1232 -0.142857
1233 0.0769231
1234 -0.115385
1235 -0.307692
1236 0.0571429
1237 0.108114
1238 -0.0405399
1239 -0.189189
1240 -0.142857
1241 0.0270289
1242 -0.121621
1243 -0.27027
1244 -0.342857
1245 -0.0540535
1246 -0.202703
1247 -0.351351
1248 -0.428571
1249 0.0384615
1250 -0.153846
1251 -0.346154
1252 -0.0285714
1253 0.0945992
1254 -0.0540535
1255 -0.202703
1256 -0.228571
1257 0.0135151
1258 -0.135135
1259 -0.283784
1260 -0.428571
1261 -0.0675671
1262 -0.216216
1263 -0.364865
1264 -0.714286
1265 2.04281e-14
1266 -0.192308
1267 -0.384615
1268 -0.114286
1269 0.081085
1270 -0.0675671
1271 -0.216216
1272 -0.314286
1273 1.39571e-06
1274 -0.148649
1275 -0.297297
1276 -0.514286
1277 -0.0810807
1278 -0.22973
1279 -0.378378
1280 0
1281 -1.3145e-13
1282 -0.214286
1283 -0.428571
1284 -5.83977e-14
1285 1.44051e-13
1286 -0.147059
1287 -0.294118
1288 -0.269231
1289 -0.0882353
1290 -0.235294
1291 -0.382349
1292 -0.538462
1293 -0.176471
1294 -0.323529
1295 -0.470588
1296 2.78185e-15
1297 -3.84803e-13
1298 -0.186441
1299 -0.372881
1300 4.36207e-13
1301 -1.08358e-13
1302 -0.139535
1303 -0.27907
1304 -0.2
1305 -0.0813954
1306 -0.22093
1307 -0.360463
1308 -0.4
1309 -0.162791
1310 -0.302326
1311 -0.44186
1312 -0.357143
1313 -0.0508475
1314 -0.237288
1315 -0.423729
1316 -0.1
1317 -0.0232558
1318 -0.162791
1319 -0.302326
1320 -0.3
1321 -0.104651
1322 -0.244186
1323 -0.383719
1324 -0.5
1325 -0.186047
1326 -0.325576
1327 -0.465116
1328 -0.714286
1329 -0.101695
1330 -0.288136
1331 -0.474576
1332 -0.2
1333 -0.0465116
1334 -0.186047
1335 -0.325576
1336 -0.4
1337 -0.127907
1338 -0.267442
1339 -0.406975
1340 -0.6
1341 -0.209302
1342 -0.348833
1343 -0.488372
1344 -9.14824e-14
1345 -1.20126e-13
1346 -0.214286
1347 -0.428571
1348 1.8e-12
1349 2.79221e-13
1350 -0.151163
1351 -0.302326
1352 -0.257143
1353 -0.0930233
1354 -0.244186
1355 -0.395349
1356 -0.514286
1357 -0.186047
1358 -0.337209
1359 -0.488372
1360 -6.44623e-15
1361 7.3519e-13
1362 -0.189189
1363 -0.378378
1364 -4.38427e-13
1365 8.78186e-14
1366 -0.142857
1367 -0.285714
1368 -0.2
1369 -0.0857143
1370 -0.228571
1371 -0.371429
1372 -0.4
1373 -0.171429
1374 -0.314286
1375 -0.457143
1376 -0.3
1377 -0.0540541
1378 -0.243243
1379 -0.432432
1380 -0.1
1381 -0.0285714
1382 -0.171429
1383 -0.314286
1384 -0.3
1385 -0.114286
1386 -0.257143
1387 -0.4
1388 -0.5
1389 -0.2
1390 -0.342857
1391 -0.485714
1392 -0.6
1393 -0.108108
1394 -0.297297
1395 -0.486486
1396 -0.2
1397 -0.0571429
1398 -0.2
1399 -0.342857
1400 -0.4
1401 -0.142857
1402 -0.285714
1403 -0.428571
1404 -0.6
1405 -0.228571
1406 -0.371429
1407 -0.514286
1408 -0.5
1409 -1.0747e-13
1410 -0.214286
1411 -0.428571
1412 -0.0285714
1413 0.0232558
1414 -0.127907
1415 -0.27907
1416 -0.285714
1417 -0.0697674
1418 -0.22093
1419 -0.372093
1420 -0.542857
1421 -0.162791
1422 -0.313953
1423 -0.465116
1424 -0.1
1425 0.0135135
1426 -0.175676
1427 -0.364865
1428 6.86118e-14
1429 0.0285714
1430 -0.114286
1431 -0.257143
1432 -0.2
1433 -0.0571429
1434 -0.2
1435 -0.342857
1436 -0.4
1437 -0.142857
1438 -0.285714
1439 -0.428571
1440 -0.4
1441 -0.0405405
1442 -0.22973
1443 -0.418919
1444 -0.1
1445 9.83658e-14
1446 -0.142857
1447 -0.285714
1448 -0.3
1449 -0.0857143
1450 -0.228571
1451 -0.371429
1452 -0.5
1453 -0.171429
1454 -0.314286
1455 -0.457143
1456 -0.7
1457 -0.0945946
1458 -0.283784
1459 -0.472973
1460 -0.2
1461 -0.0285714
1462 -0.171429
1463 -0.314286
1464 -0.4
1465 -0.114286
1466 -0.257143
1467 -0.4
1468 -0.6
1469 -0.2
1470 -0.342857
1471 -0.485714
1472 -1
1473 3.4972e-13
1474 -0.214286
1475 -0.428571
1476 -0.0571429
1477 0.0465116
1478 -0.104651
1479 -0.255814
1480 -0.314286
1481 -0.0465116
1482 -0.197674
1483 -0.348837
1484 -0.571429
1485 -0.139535
1486 -0.290698
1487 -0.44186
1488 -0.2
1489 0.027027
1490 -0.162162
1491 -0.351351
1492 -1.57097e-13
1493 0.0571429
1494 -0.0857143
1495 -0.228571
1496 -0.2
1497 -0.0285714
1498 -0.171429
1499 -0.314286
1500 -0.4
1501 -0.114286
1502 -0.257143
1503 -0.4
1504 -0.5
1505 -0.027027
1506 -0.216216
1507 -0.405405
1508 -0.1
1509 0.0285714
1510 -0.114286
1511 -0.257143
1512 -0.3
1513 -0.0571429
1514 -0.2
1515 -0.342857
1516 -0.5
1517 -0.142857
1518 -0.285714
1519 -0.428571
1520 -0.8
1521 -0.0810811
1522 -0.27027
1523 -0.459459
1524 -0.2
1525 -5.9952e-14
1526 -0.142857
1527 -0.285714
1528 -0.4
1529 -0.0857143
1530 -0.228571
1531 -0.371429
1532 -0.6
1533 -0.171429
1534 -0.314286
1535 -0.457143
1536 0
1537 0.0714286
1538 -0.142857
1539 -0.357143
1540 0.0769231
1541 0.0882353
1542 -0.0588235
1543 -0.205882
1544 -0.192308
1545 -1.87295e-13
1546 -0.147059
1547 -0.294118
1548 -0.461538
1549 -0.0882353
1550 -0.235294
1551 -0.382353
1552 0.0714286
1553 0.0847458
1554 -0.101695
1555 -0.288136
1556 0.1
1557 0.0930233
1558 -0.0465116
1559 -0.186047
1560 -0.1
1561 0.0116279
1562 -0.127907
1563 -0.267442
1564 -0.3
1565 -0.0697674
1566 -0.209302
1567 -0.348833
1568 -0.285714
1569 0.0338983
1570 -0.152542
1571 -0.338983
1572 -1.43108e-13
1573 0.0697674
1574 -0.0697674
1575 -0.209302
1576 -0.2
1577 -0.0116279
1578 -0.151163
1579 -0.290698
1580 -0.4
1581 -0.0930233
1582 -0.232558
1583 -0.372089
1584 -0.642857
1585 -0.0169492
1586 -0.20339
1587 -0.38983
1588 -0.1
1589 0.0465116
1590 -0.0930233
1591 -0.232558
1592 -0.3
1593 -0.0348837
1594 -0.174419
1595 -0.313953
1596 -0.5
1597 -0.116279
1598 -0.255814
1599 -0.395345
1600 2.00506e-13
1601 0.0714286
1602 -0.142857
1603 -0.357143
1604 0.0857143
1605 0.0813954
1606 -0.0697674
1607 -0.22093
1608 -0.171429
1609 -0.0116279
1610 -0.162791
1611 -0.313953
1612 -0.428571
1613 -0.104651
1614 -0.255814
1615 -0.406977
1616 0.1
1617 0.0810811
1618 -0.108108
1619 -0.297297
1620 0.1
1621 0.0857143
1622 -0.0571429
1623 -0.2
1624 -0.1
1625 -2.89324e-13
1626 -0.142857
1627 -0.285714
1628 -0.3
1629 -0.0857143
1630 -0.228571
1631 -0.371429
1632 -0.2
1633 0.027027
1634 -0.162162
1635 -0.351351
1636 2.30815e-13
1637 0.0571429
1638 -0.0857143
1639 -0.228571
1640 -0.2
1641 -0.0285714
1642 -0.171429
1643 -0.314286
1644 -0.4
1645 -0.114286
1646 -0.257143
1647 -0.4
1648 -0.5
1649 -0.027027
1650 -0.216216
1651 -0.405405
1652 -0.1
1653 0.0285714
1654 -0.114286
1655 -0.257143
1656 -0.3
1657 -0.0571429
1658 -0.2
1659 -0.342857
1660 -0.5
1661 -0.142857
1662 -0.285714
1663 -0.428571
1664 -0.5
1665 0.0714286
1666 -0.142857
1667 -0.357143
1668 0.0571429
1669 0.104651
1670 -0.0465116
1671 -0.197674
1672 -0.2
1673 0.0116279
1674 -0.139535
1675 -0.290698
1676 -0.457143
1677 -0.0813954
1678 -0.232558
1679 -0.383721
1680 6.10179e-13
1681 0.0945946
1682 -0.0945946
1683 -0.283784
1684 0.1
1685 0.114286
1686 -0.0285714
1687 -0.171429
1688 -0.1
1689 0.0285714
1690 -0.114286
1691 -0.257143
1692 -0.3
1693 -0.0571429
1694 -0.2
1695 -0.342857
1696 -0.3
1697 0.0405405
1698 -0.148649
1699 -0.337838
1700 -9.41025e-13
1701 0.0857143
1702 -0.0571429
1703 -0.2
1704 -0.2
1705 1.7919e-13
1706 -0.142857
1707 -0.285714
1708 -0.4
1709 -0.0857143
1710 -0.228571
1711 -0.371429
1712 -0.6
1713 -0.0135135
1714 -0.202703
1715 -0.391892
1716 -0.1
1717 0.0571429
1718 -0.0857143
1719 -0.228571
1720 -0.3
1721 -0.0285714
1722 -0.171429
1723 -0.314286
1724 -0.5
1725 -0.114286
1726 -0.257143
1727 -0.4
1728 -1
1729 0.0714286
1730 -0.142857
1731 -0.357143
1732 0.0285714
1733 0.127907
1734 -0.0232558
1735 -0.174419
1736 -0.228571
1737 0.0348837
1738 -0.116279
1739 -0.267442
1740 -0.485714
1741 -0.0581395
1742 -0.209302
1743 -0.360465
1744 -0.1
1745 0.108108
1746 -0.0810811
1747 -0.27027
1748 0.1
1749 0.142857
1750 -2.06279e-13
1751 -0.142857
1752 -0.1
1753 0.0571429
1754 -0.0857143
1755 -0.228571
1756 -0.3
1757 -0.0285714
1758 -0.171429
1759 -0.314286
1760 -0.4
1761 0.0540541
1762 -0.135135
1763 -0.324324
1764 -3.2041e-13
1765 0.114286
1766 -0.0285714
1767 -0.171429
1768 -0.2
1769 0.0285714
1770 -0.114286
1771 -0.257143
1772 -0.4
1773 -0.0571429
1774 -0.2
1775 -0.342857
1776 -0.7
1777 -8.34888e-14
1778 -0.189189
1779 -0.378378
1780 -0.1
1781 0.0857143
1782 -0.0571429
1783 -0.2
1784 -0.3
1785 8.91509e-14
1786 -0.142857
1787 -0.285714
1788 -0.5
1789 -0.0857143
1790 -0.228571
1791 -0.371429
1792 0
1793 0.142857
1794 -0.0714286
1795 -0.285714
1796 0.153846
1797 0.176471
1798 0.0294118
1799 -0.117647
1800 -0.115385
1801 0.0882353
1802 -0.0588235
1803 -0.205882
1804 -0.384615
1805 -2.29816e-14
1806 -0.147059
1807 -0.294118
1808 0.142857
1809 0.169492
1810 -0.0169492
1811 -0.20339
1812 0.2
1813 0.186047
1814 0.0465116
1815 -0.0930233
1816 7.22755e-14
1817 0.104651
1818 -0.0348837
1819 -0.174419
1820 -0.2
1821 0.0232558
1822 -0.116279
1823 -0.255814
1824 -0.214286
1825 0.118644
1826 -0.0677966
1827 -0.254237
1828 0.1
1829 0.162791
1830 0.0232558
1831 -0.116279
1832 -0.1
1833 0.0813954
1834 -0.0581395
1835 -0.197674
1836 -0.3
1837 5.05151e-14
1838 -0.139535
1839 -0.27907
1840 -0.571429
1841 0.0677966
1842 -0.118644
1843 -0.305085
1844 4.17222e-13
1845 0.139535
1846 1.20126e-13
1847 -0.139535
1848 -0.2
1849 0.0581395
1850 -0.0813954
1851 -0.22093
1852 -0.4
1853 -0.0232558
1854 -0.162791
1855 -0.302326
1856 -9.41247e-13
1857 0.142857
1858 -0.0714286
1859 -0.285714
1860 0.171429
1861 0.162791
1862 0.0116279
1863 -0.139535
1864 -0.0857143
1865 0.0697674
1866 -0.0813954
1867 -0.232558
1868 -0.342857
1869 -0.0232558
1870 -0.174419
1871 -0.325581
1872 0.2
1873 0.162162
1874 -0.027027
1875 -0.216216
1876 0.2
1877 0.171429
1878 0.0285714
1879 -0.114286
1880 -3.41949e-13
1881 0.0857143
1882 -0.0571429
1883 -0.2
1884 -0.2
1885 7.59393e-14
1886 -0.142857
1887 -0.285714
1888 -0.1
1889 0.108108
1890 -0.0810811
1891 -0.27027
1892 0.1
1893 0.142857
1894 2.48912e-13
1895 -0.142857
1896 -0.1
1897 0.0571429
1898 -0.0857143
1899 -0.228571
1900 -0.3
1901 -0.0285714
1902 -0.171429
1903 -0.314286
1904 -0.4
1905 0.0540541
1906 -0.135135
1907 -0.324324
1908 5.10703e-15
1909 0.114286
1910 -0.0285714
1911 -0.171429
1912 -0.2
1913 0.0285714
1914 -0.114286
1915 -0.257143
1916 -0.4
1917 -0.0571429
1918 -0.2
1919 -0.342857
1920 -0.5
1921 0.142857
1922 -0.0714286
1923 -0.285714
1924 0.142857
1925 0.186047
1926 0.0348837
1927 -0.116279
1928 -0.114286
1929 0.0930233
1930 -0.0581395
1931 -0.209302
1932 -0.371429
1933 5.50782e-13
1934 -0.151163
1935 -0.302326
1936 0.1
1937 0.175676
1938 -0.0135135
1939 -0.202703
1940 0.2
1941 0.2
1942 0.0571429
1943 -0.0857143
1944 1.24212e-12
1945 0.114286
1946 -0.0285714
1947 -0.171429
1948 -0.2
1949 0.0285714
1950 -0.114286
1951 -0.257143
1952 -0.2
1953 0.121622
1954 -0.0675676
1955 -0.256757
1956 0.1
1957 0.171429
1958 0.0285714
1959 -0.114286
1960 -0.1
1961 0.0857143
1962 -0.0571429
1963 -0.2
1964 -0.3
1965 -1.96176e-13
1966 -0.142857
1967 -0.285714
1968 -0.5
1969 0.0675676
1970 -0.121622
1971 -0.310811
1972 4.41425e-13
1973 0.142857
1974 8.19345e-14
1975 -0.142857
1976 -0.2
1977 0.0571429
1978 -0.0857143
1979 -0.228571
1980 -0.4
1981 -0.0285714
1982 -0.171429
1983 -0.314286
1984 -1
1985 0.142857
1986 -0.0714286
1987 -0.285714
1988 0.114286
1989 0.209302
1990 0.0581395
1991 -0.0930233
1992 -0.142857
1993 0.116279
1994 -0.0348837
1995 -0.186047
1996 -0.4
1997 0.0232558
1998 -0.127907
1999 -0.27907
2000 3.14006e-13
2001 0.189189
2002 -4.15001e-13
2003 -0.189189
2004 0.2
2005 0.228571
2006 0.0857143
2007 -0.0571429
2008 1.23679e-13
2009 0.142857
2010 2.97207e-13
2011 -0.142857
2012 -0.2
2013 0.0571429
2014 -0.0857143
2015 -0.228571
2016 -0.3
2017 0.135135
2018 -0.0540541
2019 -0.243243
2020 0.1
2021 0.2
2022 0.0571429
2023 -0.0857143
2024 -0.1
2025 0.114286
2026 -0.0285714
2027 -0.171429
2028 -0.3
2029 0.0285714
2030 -0.114286
2031 -0.257143
2032 -0.6
2033 0.0810811
2034 -0.108108
2035 -0.297297
2036 6.79456e-14
2037 0.171429
2038 0.0285714
2039 -0.114286
2040 -0.2
2041 0.0857143
2042 -0.0571429
2043 -0.2
2044 -0.4
2045 2.98206e-13
2046 -0.142857
2047 -0.285714
2048 0
2049 0
2050 0
2051 0
2052 0
2053 0.214286
2054 0.0714286
2055 -0.0714286
2056 0
2057 0.142857
2058 -1.49611e-13
2059 -0.142857
2060 0
2061 0.0714286
2062 -0.0714286
2063 -0.214286
2064 0
2065 0.210526
2066 0.0263158
2067 -0.157893
2068 0.269231
2069 0.214286
2070 0.0714286
2071 -0.0714286
2072 0.0769231
2073 0.142857
2074 -2.71672e-13
2075 -0.142857
2076 -0.115385
2077 0.0714286
2078 -0.0714286
2079 -0.214286
2080 0
2081 0.184211
2082 -1.13062e-17
2083 -0.184209
2084 0.192308
2085 0.214286
2086 0.0714286
2087 -0.0714286
2088 3.57492e-13
2089 0.142857
2090 -2.59169e-13
2091 -0.142857
2092 -0.192308
2093 0.0714286
2094 -0.0714286
2095 -0.214286
2096 0
2097 0.157895
2098 -0.0263158
2099 -0.210525
2100 0.115385
2101 0.214286
2102 0.0714286
2103 -0.0714286
2104 -0.0769231
2105 0.142857
2106 0
2107 -0.142857
2108 -0.269231
2109 0.0714286
2110 -0.0714286
2111 -0.214286
2112 0
2113 0.184211
2114 -0.0263158
2115 -0.236842
2116 0.25
2117 0.186441
2118 0.0339034
2119 -0.118644
2120 9.13269e-13
2121 0.101695
2122 -0.050846
2123 -0.20339
2124 -0.25
2125 0.0169533
2126 -0.135593
2127 -0.288136
2128 0.357143
2129 0.192308
2130 1.56763e-13
2131 -0.192308
2132 0.257143
2133 0.189189
2134 0.0405428
2135 -0.108108
2136 0.0571429
2137 0.108114
2138 -0.0405399
2139 -0.189189
2140 -0.142857
2141 0.0270289
2142 -0.121621
2143 -0.27027
2144 0.0714286
2145 0.153846
2146 -0.0384615
2147 -0.230769
2148 0.171429
2149 0.175687
2150 0.0270289
2151 -0.121621
2152 -0.0285714
2153 0.0945992
2154 -0.0540535
2155 -0.202703
2156 -0.228571
2157 0.0135151
2158 -0.135135
2159 -0.283784
2160 -0.214286
2161 0.115385
2162 -0.0769231
2163 -0.269231
2164 0.0857143
2165 0.162172
2166 0.0135151
2167 -0.135135
2168 -0.114286
2169 0.081085
2170 -0.0675671
2171 -0.216216
2172 -0.314286
2173 1.39571e-06
2174 -0.148649
2175 -0.297297
2176 0
2177 0.210526
2178 -3.93019e-14
2179 -0.210526
2180 0.25
2181 0.237288
2182 0.0847556
2183 -0.0677954
2184 -1.28786e-13
2185 0.152542
2186 3.41837e-06
2187 -0.152542
2188 -0.25
2189 0.0678048
2190 -0.0847448
2191 -0.237288
2192 0.285714
2193 0.230769
2194 0.0384615
2195 -0.153846
2196 0.285714
2197 0.243243
2198 0.0945992
2199 -0.0540535
2200 0.0857143
2201 0.162172
2202 0.0135151
2203 -0.135135
2204 -0.114286
2205 0.081085
2206 -0.0675671
2207 -0.216216
2208 -3.888e-13
2209 0.192308
2210 -1.16462e-13
2211 -0.192308
2212 0.2
2213 0.22973
2214 0.081085
2215 -0.0675671
2216 -5.08038e-13
2217 0.148657
2218 1.39571e-06
2219 -0.148649
2220 -0.2
2221 0.0675709
2222 -0.0810807
2223 -0.22973
2224 -0.285714
2225 0.153846
2226 -0.0384615
2227 -0.230769
2228 0.114286
2229 0.216216
2230 0.0675709
2231 -0.0810807
2232 -0.0857143
2233 0.135142
2234 -0.0135123
2235 -0.162162
2236 -0.285714
2237 0.054057
2238 -0.0945942
2239 -0.243243
2240 0
2241 0.236842
2242 0.0263158
2243 -0.184211
2244 0.25
2245 0.288136
2246 0.135593
2247 -0.0169463
2248 2.69562e-13
2249 0.20339
2250 0.0508542
2251 -0.101694
2252 -0.25
2253 0.118644
2254 -0.0338959
2255 -0.18644
2256 0.214286
2257 0.269231
2258 0.0769231
2259 -0.115385
2260 0.314286
2261 0.297297
2262 0.148657
2263 1.39571e-06
2264 0.114286
2265 0.216216
2266 0.0675709
2267 -0.0810807
2268 -0.0857143
2269 0.135142
2270 -0.0135123
2271 -0.162162
2272 -0.0714286
2273 0.230769
2274 0.0384615
2275 -0.153846
2276 0.228571
2277 0.283784
2278 0.135142
2279 -0.0135123
2280 0.0285714
2281 0.202703
2282 0.054057
2283 -0.0945942
2284 -0.171429
2285 0.121628
2286 -0.027026
2287 -0.175676
2288 -0.357143
2289 0.192308
2290 2.09832e-14
2291 -0.192308
2292 0.142857
2293 0.27027
2294 0.121628
2295 -0.027026
2296 -0.0571429
2297 0.189189
2298 0.040543
2299 -0.108108
2300 -0.257143
2301 0.108113
2302 -0.0405396
2303 -0.189189
2304 0
2305 0.142857
2306 -0.0714286
2307 -0.285714
2308 0.192308
2309 0.147059
2310 4.42979e-14
2311 -0.147059
2312 -0.0769231
2313 0.0588235
2314 -0.0882353
2315 -0.235294
2316 -0.346154
2317 -0.0294118
2318 -0.176471
2319 -0.323529
2320 0.285714
2321 0.152542
2322 -0.0338983
2323 -0.220339
2324 0.2
2325 0.151163
2326 0.0116279
2327 -0.127907
2328 -2.28706e-14
2329 0.0697674
2330 -0.0697674
2331 -0.209302
2332 -0.2
2333 -0.0116279
2334 -0.151163
2335 -0.290698
2336 -0.0714286
2337 0.101695
2338 -0.0847458
2339 -0.271186
2340 0.1
2341 0.127907
2342 -0.0116279
2343 -0.151163
2344 -0.1
2345 0.0465116
2346 -0.0930233
2347 -0.232558
2348 -0.3
2349 -0.0348837
2350 -0.174419
2351 -0.313953
2352 -0.428571
2353 0.0508475
2354 -0.135593
2355 -0.322034
2356 -7.11542e-13
2357 0.104651
2358 -0.0348837
2359 -0.174419
2360 -0.2
2361 0.0232558
2362 -0.116279
2363 -0.255814
2364 -0.4
2365 -0.0581395
2366 -0.197674
2367 -0.337209
2368 0.5
2369 0.142857
2370 -0.0714286
2371 -0.285714
2372 0.2
2373 0.139535
2374 -0.0116279
2375 -0.162791
2376 -0.0571429
2377 0.0465116
2378 -0.104651
2379 -0.255814
2380 -0.314286
2381 -0.0465116
2382 -0.197674
2383 -0.348837
2384 0.3
2385 0.148649
2386 -0.0405405
2387 -0.22973
2388 0.2
2389 0.142857
2390 2.05946e-13
2391 -0.142857
2392 6.40821e-13
2393 0.0571429
2394 -0.0857143
2395 -0.228571
2396 -0.2
2397 -0.0285714
2398 -0.171429
2399 -0.314286
2400 6.26416e-13
2401 0.0945946
2402 -0.0945946
2403 -0.283784
2404 0.1
2405 0.114286
2406 -0.0285714
2407 -0.171429
2408 -0.1
2409 0.0285714
2410 -0.114286
2411 -0.257143
2412 -0.3
2413 -0.0571429
2414 -0.2
2415 -0.342857
2416 -0.3
2417 0.0405405
2418 -0.148649
2419 -0.337838
2420 -1.31939e-12
2421 0.0857143
2422 -0.0571429
2423 -0.2
2424 -0.2
2425 -1.20903e-13
2426 -0.142857
2427 -0.285714
2428 -0.4
2429 -0.0857143
2430 -0.228571
2431 -0.371429
2432 -6.61693e-14
2433 0.142857
2434 -0.0714286
2435 -0.285714
2436 0.171429
2437 0.162791
2438 0.0116279
2439 -0.139535
2440 -0.0857143
2441 0.0697674
2442 -0.0813954
2443 -0.232558
2444 -0.342857
2445 -0.0232558
2446 -0.174419
2447 -0.325581
2448 0.2
2449 0.162162
2450 -0.027027
2451 -0.216216
2452 0.2
2453 0.171429
2454 0.0285714
2455 -0.114286
2456 -4.92939e-13
2457 0.0857143
2458 -0.0571429
2459 -0.2
2460 -0.2
2461 -7.63833e-14
2462 -0.142857
2463 -0.285714
2464 -0.1
2465 0.108108
2466 -0.0810811
2467 -0.27027
2468 0.1
2469 0.142857
2470 -2.55351e-14
2471 -0.142857
2472 -0.1
2473 0.0571429
2474 -0.0857143
2475 -0.228571
2476 -0.3
2477 -0.0285714
2478 -0.171429
2479 -0.314286
2480 -0.4
2481 0.0540541
2482 -0.135135
2483 -0.324324
2484 -3.06422e-14
2485 0.114286
2486 -0.0285714
2487 -0.171429
2488 -0.2
2489 0.0285714
2490 -0.114286
2491 -0.257143
2492 -0.4
2493 -0.0571429
2494 -0.2
2495 -0.342857
2496 -0.5
2497 0.142857
2498 -0.0714286
2499 -0.285714
2500 0.142857
2501 0.186047
2502 0.0348837
2503 -0.116279
2504 -0.114286
2505 0.0930233
2506 -0.0581395
2507 -0.209302
2508 -0.371429
2509 1.80411e-13
2510 -0.151163
2511 -0.302326
2512 0.1
2513 0.175676
2514 -0.0135135
2515 -0.202703
2516 0.2
2517 0.2
2518 0.0571429
2519 -0.0857143
2520 4.70957e-13
2521 0.114286
2522 -0.0285714
2523 -0.171429
2524 -0.2
2525 0.0285714
2526 -0.114286
2527 -0.257143
2528 -0.2
2529 0.121622
2530 -0.0675676
2531 -0.256757
2532 0.1
2533 0.171429
2534 0.0285714
2535 -0.114286
2536 -0.1
2537 0.0857143
2538 -0.0571429
2539 -0.2
2540 -0.3
2541 3.51497e-13
2542 -0.142857
2543 -0.285714
2544 -0.5
2545 0.0675676
2546 -0.121622
2547 -0.310811
2548 -8.82849e-13
2549 0.142857
2550 4.94826e-13
2551 -0.142857
2552 -0.2
2553 0.0571429
2554 -0.0857143
2555 -0.228571
2556 -0.4
2557 -0.0285714
2558 -0.171429
2559 -0.314286
2560 0
2561 0.214286
2562 -8.28226e-14
2563 -0.214286
2564 0.269231
2565 0.235294
2566 0.0882353
2567 -0.0588235
2568 -1.13698e-12
2569 0.147059
2570 6.83897e-14
2571 -0.147059
2572 -0.269231
2573 0.0588235
2574 -0.0882353
2575 -0.235294
2576 0.357143
2577 0.237288
2578 0.0508475
2579 -0.135593
2580 0.3
2581 0.244186
2582 0.104651
2583 -0.0348837
2584 0.1
2585 0.162791
2586 0.0232558
2587 -0.116279
2588 -0.1
2589 0.0813954
2590 -0.0581395
2591 -0.197674
2592 6.09712e-15
2593 0.186441
2594 3.27294e-13
2595 -0.186441
2596 0.2
2597 0.22093
2598 0.0813954
2599 -0.0581395
2600 -4.37539e-13
2601 0.139535
2602 -2.4647e-14
2603 -0.139535
2604 -0.2
2605 0.0581395
2606 -0.0813954
2607 -0.22093
2608 -0.357143
2609 0.135593
2610 -0.0508475
2611 -0.237288
2612 0.1
2613 0.197674
2614 0.0581395
2615 -0.0813954
2616 -0.1
2617 0.116279
2618 -0.0232558
2619 -0.162791
2620 -0.3
2621 0.0348837
2622 -0.104651
2623 -0.244186
2624 0.5
2625 0.214286
2626 1.29341e-12
2627 -0.214286
2628 0.285714
2629 0.22093
2630 0.0697674
2631 -0.0813954
2632 0.0285714
2633 0.127907
2634 -0.0232558
2635 -0.174419
2636 -0.228571
2637 0.0348837
2638 -0.116279
2639 -0.267442
2640 0.4
2641 0.22973
2642 0.0405405
2643 -0.148649
2644 0.3
2645 0.228571
2646 0.0857143
2647 -0.0571429
2648 0.1
2649 0.142857
2650 -2.28595e-13
2651 -0.142857
2652 -0.1
2653 0.0571429
2654 -0.0857143
2655 -0.228571
2656 0.1
2657 0.175676
2658 -0.0135135
2659 -0.202703
2660 0.2
2661 0.2
2662 0.0571429
2663 -0.0857143
2664 1.29452e-12
2665 0.114286
2666 -0.0285714
2667 -0.171429
2668 -0.2
2669 0.0285714
2670 -0.114286
2671 -0.257143
2672 -0.2
2673 0.121622
2674 -0.0675676
2675 -0.256757
2676 0.1
2677 0.171429
2678 0.0285714
2679 -0.114286
2680 -0.1
2681 0.0857143
2682 -0.0571429
2683 -0.2
2684 -0.3
2685 -1.5854e-13
2686 -0.142857
2687 -0.285714
2688 2.26263e-13
2689 0.214286
2690 -1.01474e-13
2691 -0.214286
2692 0.257143
2693 0.244186
2694 0.0930233
2695 -0.0581395
2696 -1.15663e-12
2697 0.151163
2698 8.88178e-16
2699 -0.151163
2700 -0.257143
2701 0.0581395
2702 -0.0930233
2703 -0.244186
2704 0.3
2705 0.243243
2706 0.0540541
2707 -0.135135
2708 0.3
2709 0.257143
2710 0.114286
2711 -0.0285714
2712 0.1
2713 0.171429
2714 0.0285714
2715 -0.114286
2716 -0.1
2717 0.0857143
2718 -0.0571429
2719 -0.2
2720 -2.37831e-14
2721 0.189189
2722 -9.59233e-14
2723 -0.189189
2724 0.2
2725 0.228571
2726 0.0857143
2727 -0.0571429
2728 -4.08562e-13
2729 0.142857
2730 1.50546e-13
2731 -0.142857
2732 -0.2
2733 0.0571429
2734 -0.0857143
2735 -0.228571
2736 -0.3
2737 0.135135
2738 -0.0540541
2739 -0.243243
2740 0.1
2741 0.2
2742 0.0571429
2743 -0.0857143
2744 -0.1
2745 0.114286
2746 -0.0285714
2747 -0.171429
2748 -0.3
2749 0.0285714
2750 -0.114286
2751 -0.257143
2752 -0.5
2753 0.214286
2754 -1.3689e-13
2755 -0.214286
2756 0.228571
2757 0.267442
2758 0.116279
2759 -0.0348837
2760 -0.0285714
2761 0.174419
2762 0.0232558
2763 -0.127907
2764 -0.285714
2765 0.0813954
2766 -0.0697674
2767 -0.22093
2768 0.2
2769 0.256757
2770 0.0675676
2771 -0.121622
2772 0.3
2773 0.285714
2774 0.142857
2775 -3.82139e-13
2776 0.1
2777 0.2
2778 0.0571429
2779 -0.0857143
2780 -0.1
2781 0.114286
2782 -0.0285714
2783 -0.171429
2784 -0.1
2785 0.202703
2786 0.0135135
2787 -0.175676
2788 0.2
2789 0.257143
2790 0.114286
2791 -0.0285714
2792 -2.64455e-13
2793 0.171429
2794 0.0285714
2795 -0.114286
2796 -0.2
2797 0.0857143
2798 -0.0571429
2799 -0.2
2800 -0.4
2801 0.148649
2802 -0.0405405
2803 -0.22973
2804 0.1
2805 0.228571
2806 0.0857143
2807 -0.0571429
2808 -0.1
2809 0.142857
2810 1.93845e-13
2811 -0.142857
2812 -0.3
2813 0.0571429
2814 -0.0857143
2815 -0.228571
2816 0
2817 0.285714
2818 0.0714286
2819 -0.142857
2820 0.346154
2821 0.323529
2822 0.176471
2823 0.0294118
2824 0.0769231
2825 0.235294
2826 0.0882353
2827 -0.0588235
2828 -0.192308
2829 0.147059
2830 -1.37002e-13
2831 -0.147059
2832 0.428571
2833 0.322034
2834 0.135593
2835 -0.0508475
2836 0.4
2837 0.337209
2838 0.197674
2839 0.0581395
2840 0.2
2841 0.255814
2842 0.116279
2843 -0.0232558
2844 1.07225e-12
2845 0.174419
2846 0.0348837
2847 -0.104651
2848 0.0714286
2849 0.271186
2850 0.0847458
2851 -0.101695
2852 0.3
2853 0.313953
2854 0.174419
2855 0.0348837
2856 0.1
2857 0.232558
2858 0.0930233
2859 -0.0465116
2860 -0.1
2861 0.151163
2862 0.0116279
2863 -0.127907
2864 -0.285714
2865 0.220339
2866 0.0338983
2867 -0.152542
2868 0.2
2869 0.290698
2870 0.151163
2871 0.0116279
2872 9.47464e-13
2873 0.209302
2874 0.0697674
2875 -0.0697674
2876 -0.2
2877 0.127907
2878 -0.0116279
2879 -0.151163
2880 0.5
2881 0.285714
2882 0.0714286
2883 -0.142857
2884 0.371429
2885 0.302326
2886 0.151163
2887 -3.10529e-13
2888 0.114286
2889 0.209302
2890 0.0581395
2891 -0.0930233
2892 -0.142857
2893 0.116279
2894 -0.0348837
2895 -0.186047
2896 0.5
2897 0.310811
2898 0.121622
2899 -0.0675676
2900 0.4
2901 0.314286
2902 0.171429
2903 0.0285714
2904 0.2
2905 0.228571
2906 0.0857143
2907 -0.0571429
2908 2.02793e-12
2909 0.142857
2910 -9.04832e-14
2911 -0.142857
2912 0.2
2913 0.256757
2914 0.0675676
2915 -0.121622
2916 0.3
2917 0.285714
2918 0.142857
2919 1.69087e-13
2920 0.1
2921 0.2
2922 0.0571429
2923 -0.0857143
2924 -0.1
2925 0.114286
2926 -0.0285714
2927 -0.171429
2928 -0.1
2929 0.202703
2930 0.0135135
2931 -0.175676
2932 0.2
2933 0.257143
2934 0.114286
2935 -0.0285714
2936 -1.1926e-12
2937 0.171429
2938 0.0285714
2939 -0.114286
2940 -0.2
2941 0.0857143
2942 -0.0571429
2943 -0.2
2944 8.17124e-14
2945 0.285714
2946 0.0714286
2947 -0.142857
2948 0.342857
2949 0.325581
2950 0.174419
2951 0.0232558
2952 0.0857143
2953 0.232558
2954 0.0813954
2955 -0.0697674
2956 -0.171429
2957 0.139535
2958 -0.0116279
2959 -0.162791
2960 0.4
2961 0.324324
2962 0.135135
2963 -0.0540541
2964 0.4
2965 0.342857
2966 0.2
2967 0.0571429
2968 0.2
2969 0.257143
2970 0.114286
2971 -0.0285714
2972 -3.95239e-13
2973 0.171429
2974 0.0285714
2975 -0.114286
2976 0.1
2977 0.27027
2978 0.0810811
2979 -0.108108
2980 0.3
2981 0.314286
2982 0.171429
2983 0.0285714
2984 0.1
2985 0.228571
2986 0.0857143
2987 -0.0571429
2988 -0.1
2989 0.142857
2990 -1.35336e-13
2991 -0.142857
2992 -0.2
2993 0.216216
2994 0.027027
2995 -0.162162
2996 0.2
2997 0.285714
2998 0.142857
2999 3.20965e-13
3000 7.72715e-13
3001 0.2
3002 0.0571429
3003 -0.0857143
3004 -0.2
3005 0.114286
3006 -0.0285714
3007 -0.171429
3008 -0.5
3009 0.285714
3010 0.0714286
3011 -0.142857
3012 0.314286
3013 0.348837
3014 0.197674
3015 0.0465116
3016 0.0571429
3017 0.255814
3018 0.104651
3019 -0.0465116
3020 -0.2
3021 0.162791
3022 0.0116279
3023 -0.139535
3024 0.3
3025 0.337838
3026 0.148649
3027 -0.0405405
3028 0.4
3029 0.371429
3030 0.228571
3031 0.0857143
3032 0.2
3033 0.285714
3034 0.142857
3035 -5.79536e-14
3036 -1.40221e-12
3037 0.2
3038 0.0571429
3039 -0.0857143
3040 -3.34866e-13
3041 0.283784
3042 0.0945946
3043 -0.0945946
3044 0.3
3045 0.342857
3046 0.2
3047 0.0571429
3048 0.1
3049 0.257143
3050 0.114286
3051 -0.0285714
3052 -0.1
3053 0.171429
3054 0.0285714
3055 -0.114286
3056 -0.3
3057 0.22973
3058 0.0405405
3059 -0.148649
3060 0.2
3061 0.314286
3062 0.171429
3063 0.0285714
3064 -2.5091e-13
3065 0.228571
3066 0.0857143
3067 -0.0571429
3068 -0.2
3069 0.142857
3070 3.94795e-13
3071 -0.142857
3072 0
3073 0
3074 0
3075 0
3076 0
3077 0.428571
3078 0.285714
3079 0.142857
3080 0
3081 0.357143
3082 0.214286
3083 0.0714286
3084 0
3085 0.285714
3086 0.142857
3087 -2.49393e-13
3088 0
3089 0.421053
3090 0.236842
3091 0.0526316
3092 0.538462
3093 0.428571
3094 0.285714
3095 0.142857
3096 0.346154
3097 0.357143
3098 0.214286
3099 0.0714286
3100 0.153846
3101 0.285714
3102 0.142857
3103 0
3104 0
3105 0.394737
3106 0.210526
3107 0.0263158
3108 0.461538
3109 0.428571
3110 0.285714
3111 0.142857
3112 0.269231
3113 0.357143
3114 0.214286
3115 0.0714286
3116 0.0769231
3117 0.285714
3118 0.142857
3119 0
3120 0
3121 0.368421
3122 0.184211
3123 2.45274e-16
3124 0.384615
3125 0.428571
3126 0.285714
3127 0.142857
3128 0.192308
3129 0.357143
3130 0.214286
3131 0.0714286
3132 3.80029e-13
3133 0.285714
3134 0.142857
3135 0
3136 0
3137 0.368421
3138 0.157895
3139 -0.0526316
3140 0.5
3141 0.372881
3142 0.220339
3143 0.0678048
3144 0.25
3145 0.288136
3146 0.135593
3147 -0.0169463
3148 -5.10925e-13
3149 0.20339
3150 0.0508542
3151 -0.101694
3152 0.714286
3153 0.384615
3154 0.192308
3155 7.88258e-14
3156 0.514286
3157 0.378378
3158 0.22973
3159 0.081085
3160 0.314286
3161 0.297297
3162 0.148657
3163 1.39571e-06
3164 0.114286
3165 0.216216
3166 0.0675709
3167 -0.0810807
3168 0.428571
3169 0.346154
3170 0.153846
3171 -0.0384615
3172 0.428571
3173 0.364865
3174 0.216216
3175 0.0675709
3176 0.228571
3177 0.283784
3178 0.135142
3179 -0.0135123
3180 0.0285714
3181 0.202703
3182 0.054057
3183 -0.0945942
3184 0.142857
3185 0.307692
3186 0.115385
3187 -0.0769231
3188 0.342857
3189 0.351351
3190 0.202703
3191 0.054057
3192 0.142857
3193 0.27027
3194 0.121628
3195 -0.027026
3196 -0.0571429
3197 0.189189
3198 0.040543
3199 -0.108108
3200 0
3201 0.394737
3202 0.184211
3203 -0.0263158
3204 0.5
3205 0.423729
3206 0.271186
3207 0.118644
3208 0.25
3209 0.338983
3210 0.186441
3211 0.033904
3212 1.02118e-12
3213 0.254237
3214 0.101695
3215 -0.0508454
3216 0.642857
3217 0.423077
3218 0.230769
3219 0.0384615
3220 0.542857
3221 0.432432
3222 0.283784
3223 0.135142
3224 0.342857
3225 0.351351
3226 0.202703
3227 0.054057
3228 0.142857
3229 0.27027
3230 0.121628
3231 -0.027026
3232 0.357143
3233 0.384615
3234 0.192308
3235 1.19127e-13
3236 0.457143
3237 0.418919
3238 0.27027
3239 0.121628
3240 0.257143
3241 0.337838
3242 0.189189
3243 0.040543
3244 0.0571429
3245 0.256757
3246 0.108113
3247 -0.0405396
3248 0.0714286
3249 0.346154
3250 0.153846
3251 -0.0384615
3252 0.371429
3253 0.405405
3254 0.256757
3255 0.108113
3256 0.171429
3257 0.324324
3258 0.175686
3259 0.0270292
3260 -0.0285714
3261 0.243243
3262 0.0945992
3263 -0.0540533
3264 0
3265 0.421053
3266 0.210526
3267 -3.12639e-13
3268 0.5
3269 0.474576
3270 0.322034
3271 0.169492
3272 0.25
3273 0.38983
3274 0.237288
3275 0.0847458
3276 -1.60538e-13
3277 0.305085
3278 0.152542
3279 4.10204e-06
3280 0.571429
3281 0.461538
3282 0.269231
3283 0.0769231
3284 0.571429
3285 0.486486
3286 0.337838
3287 0.189189
3288 0.371429
3289 0.405405
3290 0.256757
3291 0.108113
3292 0.171429
3293 0.324324
3294 0.175686
3295 0.0270292
3296 0.285714
3297 0.423077
3298 0.230769
3299 0.0384615
3300 0.485714
3301 0.472973
3302 0.324324
3303 0.175686
3304 0.285714
3305 0.391892
3306 0.243243
3307 0.0945992
3308 0.0857143
3309 0.310811
3310 0.162171
3311 0.0135154
3312 -2.66875e-12
3313 0.384615
3314 0.192308
3315 -9.73666e-14
3316 0.4
3317 0.459459
3318 0.310811
3319 0.162171
3320 0.2
3321 0.378378
3322 0.22973
3323 0.0810851
3324 9.39249e-13
3325 0.297297
3326 0.148656
3327 1.67485e-06
3328 0
3329 0.285714
3330 0.0714286
3331 -0.142857
3332 0.384615
3333 0.294118
3334 0.147059
3335 1.36002e-13
3336 0.115385
3337 0.205882
3338 0.0588235
3339 -0.0882353
3340 -0.153846
3341 0.117647
3342 -0.0294118
3343 -0.176471
3344 0.571429
3345 0.305085
3346 0.118644
3347 -0.0677966
3348 0.4
3349 0.302326
3350 0.162791
3351 0.0232558
3352 0.2
3353 0.22093
3354 0.0813954
3355 -0.0581395
3356 1.72751e-13
3357 0.139535
3358 -2.38365e-13
3359 -0.139535
3360 0.214286
3361 0.254237
3362 0.0677966
3363 -0.118644
3364 0.3
3365 0.27907
3366 0.139535
3367 4.75175e-14
3368 0.1
3369 0.197674
3370 0.0581395
3371 -0.0813954
3372 -0.1
3373 0.116279
3374 -0.0232558
3375 -0.162791
3376 -0.142857
3377 0.20339
3378 0.0169492
3379 -0.169492
3380 0.2
3381 0.255814
3382 0.116279
3383 -0.0232558
3384 -6.39266e-13
3385 0.174419
3386 0.0348837
3387 -0.104651
3388 -0.2
3389 0.0930233
3390 -0.0465116
3391 -0.186047
3392 1
3393 0.285714
3394 0.0714286
3395 -0.142857
3396 0.4
3397 0.27907
3398 0.127907
3399 -0.0232558
3400 0.142857
3401 0.186047
3402 0.0348837
3403 -0.116279
3404 -0.114286
3405 0.0930233
3406 -0.0581395
3407 -0.209302
3408 0.6
3409 0.297297
3410 0.108108
3411 -0.0810811
3412 0.4
3413 0.285714
3414 0.142857
3415 1.00253e-13
3416 0.2
3417 0.2
3418 0.0571429
3419 -0.0857143
3420 4.48086e-13
3421 0.114286
3422 -0.0285714
3423 -0.171429
3424 0.3
3425 0.243243
3426 0.0540541
3427 -0.135135
3428 0.3
3429 0.257143
3430 0.114286
3431 -0.0285714
3432 0.1
3433 0.171429
3434 0.0285714
3435 -0.114286
3436 -0.1
3437 0.0857143
3438 -0.0571429
3439 -0.2
3440 9.69554e-14
3441 0.189189
3442 1.98397e-13
3443 -0.189189
3444 0.2
3445 0.228571
3446 0.0857143
3447 -0.0571429
3448 -1.64269e-12
3449 0.142857
3450 -4.95159e-14
3451 -0.142857
3452 -0.2
3453 0.0571429
3454 -0.0857143
3455 -0.228571
3456 0.5
3457 0.285714
3458 0.0714286
3459 -0.142857
3460 0.371429
3461 0.302326
3462 0.151163
3463 5.78426e-14
3464 0.114286
3465 0.209302
3466 0.0581395
3467 -0.0930233
3468 -0.142857
3469 0.116279
3470 -0.0348837
3471 -0.186047
3472 0.5
3473 0.310811
3474 0.121622
3475 -0.0675676
3476 0.4
3477 0.314286
3478 0.171429
3479 0.0285714
3480 0.2
3481 0.228571
3482 0.0857143
3483 -0.0571429
3484 -8.96838e-13
3485 0.142857
3486 3.89688e-13
3487 -0.142857
3488 0.2
3489 0.256757
3490 0.0675676
3491 -0.121622
3492 0.3
3493 0.285714
3494 0.142857
3495 5.55112e-14
3496 0.1
3497 0.2
3498 0.0571429
3499 -0.0857143
3500 -0.1
3501 0.114286
3502 -0.0285714
3503 -0.171429
3504 -0.1
3505 0.202703
3506 0.0135135
3507 -0.175676
3508 0.2
3509 0.257143
3510 0.114286
3511 -0.0285714
3512 -6.6791e-13
3513 0.171429
3514 0.0285714
3515 -0.114286
3516 -0.2
3517 0.0857143
3518 -0.0571429
3519 -0.2
3520 8.64864e-13
3521 0.285714
3522 0.0714286
3523 -0.142857
3524 0.342857
3525 0.325581
3526 0.174419
3527 0.0232558
3528 0.0857143
3529 0.232558
3530 0.0813954
3531 -0.0697674
3532 -0.171429
3533 0.139535
3534 -0.0116279
3535 -0.162791
3536 0.4
3537 0.324324
3538 0.135135
3539 -0.0540541
3540 0.4
3541 0.342857
3542 0.2
3543 0.0571429
3544 0.2
3545 0.257143
3546 0.114286
3547 -0.0285714
3548 1.05715e-12
3549 0.171429
3550 0.0285714
3551 -0.114286
3552 0.1
3553 0.27027
3554 0.0810811
3555 -0.108108
3556 0.3
3557 0.314286
3558 0.171429
3559 0.0285714
3560 0.1
3561 0.228571
3562 0.0857143
3563 -0.0571429
3564 -0.1
3565 0.142857
3566 -1.26565e-14
3567 -0.142857
3568 -0.2
3569 0.216216
3570 0.027027
3571 -0.162162
3572 0.2
3573 0.285714
3574 0.142857
3575 4.12337e-13
3576 -7.03215e-13
3577 0.2
3578 0.0571429
3579 -0.0857143
3580 -0.2
3581 0.114286
3582 -0.0285714
3583 -0.171429
3584 0
3585 0.357143
3586 0.142857
3587 -0.0714286
3588 0.461538
3589 0.382353
3590 0.235294
3591 0.0882353
3592 0.192308
3593 0.294118
3594 0.147059
3595 -5.06262e-14
3596 -0.0769231
3597 0.205882
3598 0.0588235
3599 -0.0882353
3600 0.642857
3601 0.38983
3602 0.20339
3603 0.0169492
3604 0.5
3605 0.395349
3606 0.255814
3607 0.116279
3608 0.3
3609 0.313953
3610 0.174419
3611 0.0348837
3612 0.1
3613 0.232558
3614 0.0930233
3615 -0.0465116
3616 0.285714
3617 0.338983
3618 0.152542
3619 -0.0338983
3620 0.4
3621 0.372093
3622 0.232558
3623 0.0930233
3624 0.2
3625 0.290698
3626 0.151163
3627 0.0116279
3628 9.93872e-13
3629 0.209302
3630 0.0697674
3631 -0.0697674
3632 -0.0714286
3633 0.288136
3634 0.101695
3635 -0.0847458
3636 0.3
3637 0.348837
3638 0.209302
3639 0.0697674
3640 0.1
3641 0.267442
3642 0.127907
3643 -0.0116279
3644 -0.1
3645 0.186047
3646 0.0465116
3647 -0.0930233
3648 1
3649 0.357143
3650 0.142857
3651 -0.0714286
3652 0.485714
3653 0.360465
3654 0.209302
3655 0.0581395
3656 0.228571
3657 0.267442
3658 0.116279
3659 -0.0348837
3660 -0.0285714
3661 0.174419
3662 0.0232558
3663 -0.127907
3664 0.7
3665 0.378378
3666 0.189189
3667 -5.84532e-13
3668 0.5
3669 0.371429
3670 0.228571
3671 0.0857143
3672 0.3
3673 0.285714
3674 0.142857
3675 3.27627e-13
3676 0.1
3677 0.2
3678 0.0571429
3679 -0.0857143
3680 0.4
3681 0.324324
3682 0.135135
3683 -0.0540541
3684 0.4
3685 0.342857
3686 0.2
3687 0.0571429
3688 0.2
3689 0.257143
3690 0.114286
3691 -0.0285714
3692 1.803e-13
3693 0.171429
3694 0.0285714
3695 -0.114286
3696 0.1
3697 0.27027
3698 0.0810811
3699 -0.108108
3700 0.3
3701 0.314286
3702 0.171429
3703 0.0285714
3704 0.1
3705 0.228571
3706 0.0857143
3707 -0.0571429
3708 -0.1
3709 0.142857
3710 -1.77969e-13
3711 -0.142857
3712 0.5
3713 0.357143
3714 0.142857
3715 -0.0714286
3716 0.457143
3717 0.383721
3718 0.232558
3719 0.0813954
3720 0.2
3721 0.290698
3722 0.139535
3723 -0.0116279
3724 -0.0571429
3725 0.197674
3726 0.0465116
3727 -0.104651
3728 0.6
3729 0.391892
3730 0.202703
3731 0.0135135
3732 0.5
3733 0.4
3734 0.257143
3735 0.114286
3736 0.3
3737 0.314286
3738 0.171429
3739 0.0285714
3740 0.1
3741 0.228571
3742 0.0857143
3743 -0.0571429
3744 0.3
3745 0.337838
3746 0.148649
3747 -0.0405405
3748 0.4
3749 0.371429
3750 0.228571
3751 0.0857143
3752 0.2
3753 0.285714
3754 0.142857
3755 8.33777e-14
3756 -4.83613e-13
3757 0.2
3758 0.0571429
3759 -0.0857143
3760 -4.70145e-14
3761 0.283784
3762 0.0945946
3763 -0.0945946
3764 0.3
3765 0.342857
3766 0.2
3767 0.0571429
3768 0.1
3769 0.257143
3770 0.114286
3771 -0.0285714
3772 -0.1
3773 0.171429
3774 0.0285714
3775 -0.114286
3776 -5.4845e-13
3777 0.357143
3778 0.142857
3779 -0.0714286
3780 0.428571
3781 0.406977
3782 0.255814
3783 0.104651
3784 0.171429
3785 0.313953
3786 0.162791
3787 0.0116279
3788 -0.0857143
3789 0.22093
3790 0.0697674
3791 -0.0813954
3792 0.5
3793 0.405405
3794 0.216216
3795 0.027027
3796 0.5
3797 0.428571
3798 0.285714
3799 0.142857
3800 0.3
3801 0.342857
3802 0.2
3803 0.0571429
3804 0.1
3805 0.257143
3806 0.114286
3807 -0.0285714
3808 0.2
3809 0.351351
3810 0.162162
3811 -0.027027
3812 0.4
3813 0.4
3814 0.257143
3815 0.114286
3816 0.2
3817 0.314286
3818 0.171429
3819 0.0285714
3820 5.22249e-13
3821 0.228571
3822 0.0857143
3823 -0.0571429
3824 -0.1
3825 0.297297
3826 0.108108
3827 -0.0810811
3828 0.3
3829 0.371429
3830 0.228571
3831 0.0857143
3832 0.1
3833 0.285714
3834 0.142857
3835 -3.33955e-13
3836 -0.1
3837 0.2
3838 0.0571429
3839 -0.0857143
3840 0
3841 0.428571
3842 0.214286
3843 5.12035e-13
3844 0.538462
3845 0.470588
3846 0.323529
3847 0.176471
3848 0.269231
3849 0.382353
3850 0.235294
3851 0.0882353
3852 7.58504e-13
3853 0.294118
3854 0.147059
3855 1.3789e-13
3856 0.714286
3857 0.474576
3858 0.288136
3859 0.101695
3860 0.6
3861 0.488372
3862 0.348837
3863 0.209302
3864 0.4
3865 0.406977
3866 0.267442
3867 0.127907
3868 0.2
3869 0.325581
3870 0.186047
3871 0.0465116
3872 0.357143
3873 0.423729
3874 0.237288
3875 0.0508475
3876 0.5
3877 0.465116
3878 0.325581
3879 0.186047
3880 0.3
3881 0.383721
3882 0.244186
3883 0.104651
3884 0.1
3885 0.302326
3886 0.162791
3887 0.0232558
3888 -8.71265e-15
3889 0.372881
3890 0.186441
3891 -3.21299e-13
3892 0.4
3893 0.44186
3894 0.302326
3895 0.162791
3896 0.2
3897 0.360465
3898 0.22093
3899 0.0813954
3900 -1.2863e-12
3901 0.27907
3902 0.139535
3903 -3.70814e-14
3904 1
3905 0.428571
3906 0.214286
3907 -6.60805e-13
3908 0.571429
3909 0.44186
3910 0.290698
3911 0.139535
3912 0.314286
3913 0.348837
3914 0.197674
3915 0.0465116
3916 0.0571429
3917 0.255814
3918 0.104651
3919 -0.0465116
3920 0.8
3921 0.459459
3922 0.27027
3923 0.0810811
3924 0.6
3925 0.457143
3926 0.314286
3927 0.171429
3928 0.4
3929 0.371429
3930 0.228571
3931 0.0857143
3932 0.2
3933 0.285714
3934 0.142857
3935 2.37921e-13
3936 0.5
3937 0.405405
3938 0.216216
3939 0.027027
3940 0.5
3941 0.428571
3942 0.285714
3943 0.142857
3944 0.3
3945 0.342857
3946 0.2
3947 0.0571429
3948 0.1
3949 0.257143
3950 0.114286
3951 -0.0285714
3952 0.2
3953 0.351351
3954 0.162162
3955 -0.027027
3956 0.4
3957 0.4
3958 0.257143
3959 0.114286
3960 0.2
3961 0.314286
3962 0.171429
3963 0.0285714
3964 1.27409e-12
3965 0.228571
3966 0.0857143
3967 -0.0571429
3968 0.5
3969 0.428571
3970 0.214286
3971 2.57239e-13
3972 0.542857
3973 0.465116
3974 0.313953
3975 0.162791
3976 0.285714
3977 0.372093
3978 0.22093
3979 0.0697674
3980 0.0285714
3981 0.27907
3982 0.127907
3983 -0.0232558
3984 0.7
3985 0.472973
3986 0.283784
3987 0.0945946
3988 0.6
3989 0.485714
3990 0.342857
3991 0.2
3992 0.4
3993 0.4
3994 0.257143
3995 0.114286
3996 0.2
3997 0.314286
3998 0.171429
3999 0.0285714
4000 0.4
4001 0.418919
4002 0.22973
4003 0.0405405
4004 0.5
4005 0.457143
4006 0.314286
4007 0.171429
4008 0.3
4009 0.371429
4010 0.228571
4011 0.0857143
4012 0.1
4013 0.285714
4014 0.142857
4015 1.97287e-13
4016 0.1
4017 0.364865
4018 0.175676
4019 -0.0135135
4020 0.4
4021 0.428571
4022 0.285714
4023 0.142857
4024 0.2
4025 0.342857
4026 0.2
4027 0.0571429
4028 7.28306e-13
4029 0.257143
4030 0.114286
4031 -0.0285714
4032 -3.16858e-13
4033 0.428571
4034 0.214286
4035 1.6076e-13
4036 0.514286
4037 0.488372
4038 0.337209
4039 0.186047
4040 0.257143
4041 0.395349
4042 0.244186
4043 0.0930233
4044 -9.42801e-13
4045 0.302326
4046 0.151163
4047 -4.38538e-14
4048 0.6
4049 0.486486
4050 0.297297
4051 0.108108
4052 0.6
4053 0.514286
4054 0.371429
4055 0.228571
4056 0.4
4057 0.428571
4058 0.285714
4059 0.142857
4060 0.2
4061 0.342857
4062 0.2
4063 0.0571429
4064 0.3
4065 0.432432
4066 0.243243
4067 0.0540541
4068 0.5
4069 0.485714
4070 0.342857
4071 0.2
4072 0.3
4073 0.4
4074 0.257143
4075 0.114286
4076 0.1
4077 0.314286
4078 0.171429
4079 0.0285714
4080 -5.12784e-15
4081 0.378378
4082 0.189189
4083 -4.73399e-13
4084 0.4
4085 0.457143
4086 0.314286
4087 0.171429
4088 0.2
4089 0.371429
4090 0.228571
4091 0.0857143
4092 -6.49258e-13
4093 0.285714
4094 0.142857
4095 2.0306e-13
