#CSC Position Offset LUT
#Structure is comparator code (iCC) -> Stub position offset
#iCC bits: 12
#<header> v1.0 12 32 </header>
0 0
1 0
2 0
3 0
4 0
5 0
6 0
7 0
8 0
9 0
10 0
11 0
12 0
13 0
14 0
15 0
16 0
17 0
18 0
19 0
20 0
21 0.166667
22 2.63434e-12
23 -0.166667
24 0
25 0.5
26 0.333333
27 0.166667
28 0
29 0.833333
30 0.666667
31 0.5
32 0
33 0
34 0
35 0
36 0
37 1
38 0.833333
39 0.666667
40 0
41 1.33333
42 1.16667
43 1
44 0
45 1.66667
46 1.5
47 1.33333
48 0
49 0
50 0
51 0
52 0
53 1.83333
54 1.66667
55 1.5
56 0
57 2.16667
58 2
59 1.83333
60 0
61 2.5
62 2.33333
63 2.16667
64 0
65 0
66 0
67 0
68 0
69 -0.142857
70 1.10134e-13
71 0.142857
72 0
73 0.142857
74 0.285714
75 0.428571
76 0
77 0.428571
78 0.571429
79 0.714286
80 0
81 -0.214286
82 1.45661e-13
83 0.214286
84 -3.69044e-09
85 -0.1
86 -1.28342e-12
87 0.1
88 0.333333
89 0.1
90 0.2
91 0.3
92 0.666667
93 0.3
94 0.4
95 0.5
96 0
97 0.142857
98 0.357143
99 0.571429
100 0.333333
101 0.2
102 0.3
103 0.4
104 0.666667
105 0.4
106 0.5
107 0.6
108 1
109 0.6
110 0.7
111 0.8
112 0
113 0.5
114 0.714286
115 0.928571
116 0.666667
117 0.5
118 0.6
119 0.7
120 1
121 0.7
122 0.8
123 0.9
124 1.33333
125 0.9
126 1
127 1.1
128 0
129 0
130 0
131 0
132 0
133 0.428571
134 0.571429
135 0.714286
136 0
137 0.714286
138 0.857143
139 1
140 0
141 1
142 1.14286
143 1.28571
144 0
145 0.214286
146 0.428571
147 0.642857
148 0.333333
149 0.3
150 0.4
151 0.5
152 0.666667
153 0.5
154 0.6
155 0.7
156 1
157 0.7
158 0.8
159 0.9
160 0
161 0.571429
162 0.785714
163 1
164 0.666667
165 0.6
166 0.7
167 0.8
168 1
169 0.8
170 0.9
171 1
172 1.33333
173 1
174 1.1
175 1.2
176 0
177 0.928571
178 1.14286
179 1.35714
180 1
181 0.9
182 1
183 1.1
184 1.33333
185 1.1
186 1.2
187 1.3
188 1.66667
189 1.3
190 1.4
191 1.5
192 0
193 0
194 0
195 0
196 0
197 1
198 1.14286
199 1.28571
200 0
201 1.28571
202 1.42857
203 1.57143
204 0
205 1.57143
206 1.71429
207 1.85714
208 0
209 0.642857
210 0.857143
211 1.07143
212 0.666667
213 0.7
214 0.8
215 0.9
216 1
217 0.9
218 1
219 1.1
220 1.33333
221 1.1
222 1.2
223 1.3
224 0
225 1
226 1.21429
227 1.42857
228 1
229 1
230 1.1
231 1.2
232 1.33333
233 1.2
234 1.3
235 1.4
236 1.66667
237 1.4
238 1.5
239 1.6
240 0
241 1.35714
242 1.57143
243 1.78571
244 1.33333
245 1.3
246 1.4
247 1.5
248 1.66667
249 1.5
250 1.6
251 1.7
252 2
253 1.7
254 1.8
255 1.9
256 0
257 0
258 0
259 0
260 0
261 -0.269231
262 2.91323e-13
263 0.269231
264 0
265 0.0384615
266 0.307692
267 0.576923
268 0
269 0.346154
270 0.615385
271 0.884615
272 0
273 -0.333333
274 -5.06793e-10
275 0.333333
276 -2.2915e-13
277 -0.2
278 -3.3662e-13
279 0.2
280 0.428571
281 0.0285714
282 0.228571
283 0.428571
284 0.857143
285 0.257143
286 0.457143
287 0.657143
288 0
289 -2.67174e-09
290 0.333333
291 0.666667
292 0.357143
293 0.0571429
294 0.257143
295 0.457143
296 0.785714
297 0.285714
298 0.485714
299 0.685714
300 1.21429
301 0.514286
302 0.714286
303 0.914286
304 0
305 0.333333
306 0.666667
307 1
308 0.714286
309 0.314286
310 0.514286
311 0.714286
312 1.14286
313 0.542857
314 0.742857
315 0.942857
316 1.57143
317 0.771429
318 0.971429
319 1.17143
320 0
321 -0.423077
322 -2.99316e-13
323 0.423077
324 1.98952e-13
325 -0.25
326 2.92767e-09
327 0.25
328 0.571429
329 3.66032e-09
330 0.25
331 0.5
332 1.14286
333 0.25
334 0.5
335 0.75
336 2.80842e-12
337 -0.314286
338 -4.13003e-13
339 0.314286
340 3.14415e-13
341 -0.2
342 -1.28918e-09
343 0.2
344 0.4
345 -7.79534e-10
346 0.2
347 0.4
348 0.8
349 0.2
350 0.4
351 0.6
352 0.833333
353 -0.0571429
354 0.257143
355 0.571429
356 0.3
357 1.20494e-09
358 0.2
359 0.4
360 0.7
361 0.2
362 0.4
363 0.6
364 1.1
365 0.4
366 0.6
367 0.8
368 1.66667
369 0.2
370 0.514286
371 0.828571
372 0.6
373 0.2
374 0.4
375 0.6
376 1
377 0.4
378 0.6
379 0.8
380 1.4
381 0.6
382 0.8
383 1
384 0
385 -0.115385
386 0.307692
387 0.730769
388 0.285714
389 -2.23388e-10
390 0.25
391 0.5
392 0.857143
393 0.25
394 0.5
395 0.75
396 1.42857
397 0.5
398 0.75
399 1
400 0.333333
401 -0.0857143
402 0.228571
403 0.542857
404 0.2
405 -1.83194e-09
406 0.2
407 0.4
408 0.6
409 0.2
410 0.4
411 0.6
412 1
413 0.4
414 0.6
415 0.8
416 1.16667
417 0.171429
418 0.485714
419 0.8
420 0.5
421 0.2
422 0.4
423 0.6
424 0.9
425 0.4
426 0.6
427 0.8
428 1.3
429 0.6
430 0.8
431 1
432 2
433 0.428571
434 0.742857
435 1.05714
436 0.8
437 0.4
438 0.6
439 0.8
440 1.2
441 0.6
442 0.8
443 1
444 1.6
445 0.8
446 1
447 1.2
448 0
449 0.192308
450 0.615385
451 1.03846
452 0.571429
453 0.25
454 0.5
455 0.75
456 1.14286
457 0.5
458 0.75
459 1
460 1.71429
461 0.75
462 1
463 1.25
464 0.666667
465 0.142857
466 0.457143
467 0.771429
468 0.4
469 0.2
470 0.4
471 0.6
472 0.8
473 0.4
474 0.6
475 0.8
476 1.2
477 0.6
478 0.8
479 1
480 1.5
481 0.4
482 0.714286
483 1.02857
484 0.7
485 0.4
486 0.6
487 0.8
488 1.1
489 0.6
490 0.8
491 1
492 1.5
493 0.8
494 1
495 1.2
496 2.33333
497 0.657143
498 0.971429
499 1.28571
500 1
501 0.6
502 0.8
503 1
504 1.4
505 0.8
506 1
507 1.2
508 1.8
509 1
510 1.2
511 1.4
512 0
513 0
514 0
515 0
516 0
517 0.153846
518 0.423077
519 0.692308
520 0
521 0.461538
522 0.730769
523 1
524 0
525 0.769231
526 1.03846
527 1.30769
528 0
529 4.51384e-09
530 0.333333
531 0.666667
532 0.214286
533 0.114286
534 0.314286
535 0.514286
536 0.642857
537 0.342857
538 0.542857
539 0.742857
540 1.07143
541 0.571429
542 0.771429
543 0.971429
544 0
545 0.333333
546 0.666667
547 1
548 0.571429
549 0.371429
550 0.571429
551 0.771429
552 1
553 0.6
554 0.8
555 1
556 1.42857
557 0.828571
558 1.02857
559 1.22857
560 0
561 0.666667
562 1
563 1.33333
564 0.928571
565 0.628571
566 0.828571
567 1.02857
568 1.35714
569 0.857143
570 1.05714
571 1.25714
572 1.78571
573 1.08571
574 1.28571
575 1.48571
576 0
577 -0.153846
578 0.269231
579 0.692308
580 0.142857
581 -1.13959e-09
582 0.25
583 0.5
584 0.714286
585 0.25
586 0.5
587 0.75
588 1.28571
589 0.5
590 0.75
591 1
592 -0.166667
593 -0.114286
594 0.2
595 0.514286
596 0.1
597 3.34729e-09
598 0.2
599 0.4
600 0.5
601 0.2
602 0.4
603 0.6
604 0.9
605 0.4
606 0.6
607 0.8
608 0.666667
609 0.142857
610 0.457143
611 0.771429
612 0.4
613 0.2
614 0.4
615 0.6
616 0.8
617 0.4
618 0.6
619 0.8
620 1.2
621 0.6
622 0.8
623 1
624 1.5
625 0.4
626 0.714286
627 1.02857
628 0.7
629 0.4
630 0.6
631 0.8
632 1.1
633 0.6
634 0.8
635 1
636 1.5
637 0.8
638 1
639 1.2
640 0
641 0.153846
642 0.576923
643 1
644 0.428571
645 0.25
646 0.5
647 0.75
648 1
649 0.5
650 0.75
651 1
652 1.57143
653 0.75
654 1
655 1.25
656 0.166667
657 0.114286
658 0.428571
659 0.742857
660 0.3
661 0.2
662 0.4
663 0.6
664 0.7
665 0.4
666 0.6
667 0.8
668 1.1
669 0.6
670 0.8
671 1
672 1
673 0.371429
674 0.685714
675 1
676 0.6
677 0.4
678 0.6
679 0.8
680 1
681 0.6
682 0.8
683 1
684 1.4
685 0.8
686 1
687 1.2
688 1.83333
689 0.628571
690 0.942857
691 1.25714
692 0.9
693 0.6
694 0.8
695 1
696 1.3
697 0.8
698 1
699 1.2
700 1.7
701 1
702 1.2
703 1.4
704 0
705 0.461538
706 0.884615
707 1.30769
708 0.714286
709 0.5
710 0.75
711 1
712 1.28571
713 0.75
714 1
715 1.25
716 1.85714
717 1
718 1.25
719 1.5
720 0.5
721 0.342857
722 0.657143
723 0.971429
724 0.5
725 0.4
726 0.6
727 0.8
728 0.9
729 0.6
730 0.8
731 1
732 1.3
733 0.8
734 1
735 1.2
736 1.33333
737 0.6
738 0.914286
739 1.22857
740 0.8
741 0.6
742 0.8
743 1
744 1.2
745 0.8
746 1
747 1.2
748 1.6
749 1
750 1.2
751 1.4
752 2.16667
753 0.857143
754 1.17143
755 1.48571
756 1.1
757 0.8
758 1
759 1.2
760 1.5
761 1
762 1.2
763 1.4
764 1.9
765 1.2
766 1.4
767 1.6
768 0
769 0
770 0
771 0
772 0
773 0.576923
774 0.846154
775 1.11538
776 0
777 0.884615
778 1.15385
779 1.42308
780 0
781 1.19231
782 1.46154
783 1.73077
784 0
785 0.333333
786 0.666667
787 1
788 0.428591
789 0.428571
790 0.628571
791 0.828571
792 0.857143
793 0.657143
794 0.857143
795 1.05714
796 1.28571
797 0.885714
798 1.08571
799 1.28571
800 0
801 0.666667
802 1
803 1.33333
804 0.785732
805 0.685714
806 0.885714
807 1.08571
808 1.21436
809 0.914286
810 1.11429
811 1.31429
812 1.64286
813 1.14286
814 1.34286
815 1.54286
816 0
817 1
818 1.33333
819 1.66667
820 1.14287
821 0.942857
822 1.14286
823 1.34286
824 1.5715
825 1.17143
826 1.37143
827 1.57143
828 2
829 1.4
830 1.6
831 1.8
832 0
833 0.115385
834 0.538462
835 0.961538
836 0.285714
837 0.25
838 0.5
839 0.75
840 0.857143
841 0.5
842 0.75
843 1
844 1.42857
845 0.75
846 1
847 1.25
848 -0.333333
849 0.0857143
850 0.4
851 0.714286
852 0.2
853 0.2
854 0.4
855 0.6
856 0.6
857 0.4
858 0.6
859 0.8
860 1
861 0.6
862 0.8
863 1
864 0.5
865 0.342857
866 0.657143
867 0.971429
868 0.5
869 0.4
870 0.6
871 0.8
872 0.9
873 0.6
874 0.8
875 1
876 1.3
877 0.8
878 1
879 1.2
880 1.33333
881 0.6
882 0.914286
883 1.22857
884 0.8
885 0.6
886 0.8
887 1
888 1.2
889 0.8
890 1
891 1.2
892 1.6
893 1
894 1.2
895 1.4
896 0
897 0.423077
898 0.846154
899 1.26923
900 0.571429
901 0.5
902 0.75
903 1
904 1.14286
905 0.75
906 1
907 1.25
908 1.71429
909 1
910 1.25
911 1.5
912 5.32907e-15
913 0.314286
914 0.628571
915 0.942857
916 0.4
917 0.4
918 0.6
919 0.8
920 0.8
921 0.6
922 0.8
923 1
924 1.2
925 0.8
926 1
927 1.2
928 0.833333
929 0.571429
930 0.885714
931 1.2
932 0.7
933 0.6
934 0.8
935 1
936 1.1
937 0.8
938 1
939 1.2
940 1.5
941 1
942 1.2
943 1.4
944 1.66667
945 0.828571
946 1.14286
947 1.45714
948 1
949 0.8
950 1
951 1.2
952 1.4
953 1
954 1.2
955 1.4
956 1.8
957 1.2
958 1.4
959 1.6
960 0
961 0.730769
962 1.15385
963 1.57692
964 0.857143
965 0.75
966 1
967 1.25
968 1.42857
969 1
970 1.25
971 1.5
972 2
973 1.25
974 1.5
975 1.75
976 0.333333
977 0.542857
978 0.857143
979 1.17143
980 0.6
981 0.6
982 0.8
983 1
984 1
985 0.8
986 1
987 1.2
988 1.4
989 1
990 1.2
991 1.4
992 1.16667
993 0.8
994 1.11429
995 1.42857
996 0.9
997 0.8
998 1
999 1.2
1000 1.3
1001 1
1002 1.2
1003 1.4
1004 1.7
1005 1.2
1006 1.4
1007 1.6
1008 2
1009 1.05715
1010 1.37143
1011 1.68571
1012 1.2
1013 1
1014 1.2
1015 1.4
1016 1.6
1017 1.2
1018 1.4
1019 1.6
1020 2
1021 1.4
1022 1.6
1023 1.8
1024 0
1025 0
1026 0
1027 0
1028 0
1029 -2.08684e-09
1030 0.333333
1031 0.666667
1032 0
1033 0.333333
1034 0.666667
1035 1
1036 0
1037 0.666667
1038 1
1039 1.33333
1040 0
1041 -0.131579
1042 0.263158
1043 0.657895
1044 0.153846
1045 1.17659e-10
1046 0.25
1047 0.5
1048 0.615385
1049 0.25
1050 0.5
1051 0.75
1052 1.07692
1053 0.5
1054 0.75
1055 1
1056 0
1057 0.210526
1058 0.605263
1059 1
1060 0.538462
1061 0.25
1062 0.5
1063 0.75
1064 1
1065 0.5
1066 0.75
1067 1
1068 1.46154
1069 0.75
1070 1
1071 1.25
1072 0
1073 0.552632
1074 0.947368
1075 1.34211
1076 0.923077
1077 0.5
1078 0.75
1079 1
1080 1.38462
1081 0.75
1082 1
1083 1.25
1084 1.84615
1085 1
1086 1.25
1087 1.5
1088 0
1089 -0.263158
1090 0.210526
1091 0.684211
1092 0.0833333
1093 -0.0847458
1094 0.20339
1095 0.491525
1096 0.666667
1097 0.186441
1098 0.474576
1099 0.762712
1100 1.25
1101 0.457627
1102 0.745763
1103 1.0339
1104 -0.142857
1105 -0.192308
1106 0.153846
1107 0.5
1108 0.0571429
1109 -0.0675676
1110 0.162162
1111 0.391892
1112 0.457143
1113 0.148649
1114 0.378378
1115 0.608108
1116 0.857143
1117 0.364865
1118 0.594595
1119 0.824324
1120 0.571429
1121 0.0769231
1122 0.423077
1123 0.769231
1124 0.371429
1125 0.135135
1126 0.364865
1127 0.594595
1128 0.771429
1129 0.351351
1130 0.581081
1131 0.810811
1132 1.17143
1133 0.567568
1134 0.797297
1135 1.02703
1136 1.28571
1137 0.346154
1138 0.692308
1139 1.03846
1140 0.685714
1141 0.337838
1142 0.567568
1143 0.797297
1144 1.08571
1145 0.554054
1146 0.783784
1147 1.01351
1148 1.48571
1149 0.77027
1150 1
1151 1.22973
1152 0
1153 0.0526316
1154 0.526316
1155 1
1156 0.416667
1157 0.152542
1158 0.440678
1159 0.728814
1160 1
1161 0.423729
1162 0.711864
1163 1
1164 1.58333
1165 0.694915
1166 0.983051
1167 1.27119
1168 0.285714
1169 0.0384615
1170 0.384615
1171 0.730769
1172 0.285714
1173 0.121622
1174 0.351351
1175 0.581081
1176 0.685714
1177 0.337838
1178 0.567568
1179 0.797297
1180 1.08571
1181 0.554054
1182 0.783784
1183 1.01351
1184 1
1185 0.307692
1186 0.653846
1187 1
1188 0.6
1189 0.324324
1190 0.554054
1191 0.783784
1192 1
1193 0.540541
1194 0.77027
1195 1
1196 1.4
1197 0.756757
1198 0.986486
1199 1.21622
1200 1.71429
1201 0.576923
1202 0.923077
1203 1.26923
1204 0.914286
1205 0.527027
1206 0.756757
1207 0.986486
1208 1.31429
1209 0.743243
1210 0.972973
1211 1.2027
1212 1.71429
1213 0.959459
1214 1.18919
1215 1.41892
1216 0
1217 0.368421
1218 0.842105
1219 1.31579
1220 0.75
1221 0.38983
1222 0.677966
1223 0.966102
1224 1.33333
1225 0.661017
1226 0.949153
1227 1.23729
1228 1.91667
1229 0.932203
1230 1.22034
1231 1.50847
1232 0.714286
1233 0.269231
1234 0.615385
1235 0.961538
1236 0.514286
1237 0.310811
1238 0.540541
1239 0.77027
1240 0.914286
1241 0.527027
1242 0.756757
1243 0.986486
1244 1.31429
1245 0.743243
1246 0.972973
1247 1.2027
1248 1.42857
1249 0.538462
1250 0.884615
1251 1.23077
1252 0.828571
1253 0.513514
1254 0.743243
1255 0.972973
1256 1.22857
1257 0.72973
1258 0.959459
1259 1.18919
1260 1.62857
1261 0.945946
1262 1.17568
1263 1.40541
1264 2.14286
1265 0.807692
1266 1.15385
1267 1.5
1268 1.14286
1269 0.716216
1270 0.945946
1271 1.17568
1272 1.54286
1273 0.932432
1274 1.16216
1275 1.39189
1276 1.94286
1277 1.14865
1278 1.37838
1279 1.60811
1280 0
1281 -0.357143
1282 0.190476
1283 0.738095
1284 0.0769231
1285 -0.147059
1286 0.176471
1287 0.5
1288 0.769231
1289 0.147059
1290 0.470588
1291 0.794118
1292 1.46154
1293 0.441176
1294 0.764706
1295 1.08824
1296 -0.142857
1297 -0.254237
1298 0.135593
1299 0.525424
1300 0.05
1301 -0.116279
1302 0.139535
1303 0.395349
1304 0.5
1305 0.116279
1306 0.372093
1307 0.627907
1308 0.95
1309 0.348837
1310 0.604651
1311 0.860465
1312 0.785714
1313 0.0338983
1314 0.423729
1315 0.813559
1316 0.4
1317 0.0930233
1318 0.348837
1319 0.604651
1320 0.85
1321 0.325581
1322 0.581395
1323 0.837209
1324 1.3
1325 0.55814
1326 0.813953
1327 1.06977
1328 1.71429
1329 0.322034
1330 0.711864
1331 1.10169
1332 0.75
1333 0.302326
1334 0.55814
1335 0.813953
1336 1.2
1337 0.534884
1338 0.790698
1339 1.04651
1340 1.65
1341 0.767442
1342 1.02326
1343 1.27907
1344 -0.666667
1345 -0.357143
1346 0.107143
1347 0.571429
1348 4.76064e-13
1349 -0.174419
1350 0.116279
1351 0.406977
1352 0.571429
1353 0.0813954
1354 0.372093
1355 0.662791
1356 1.14286
1357 0.337209
1358 0.627907
1359 0.918605
1360 -0.2
1361 -0.27027
1362 0.0810811
1363 0.432432
1364 -1.04805e-13
1365 -0.142857
1366 0.0952381
1367 0.333333
1368 0.4
1369 0.0666667
1370 0.304762
1371 0.542857
1372 0.8
1373 0.27619
1374 0.514286
1375 0.752381
1376 0.5
1377 -0.027027
1378 0.324324
1379 0.675676
1380 0.3
1381 0.0380952
1382 0.27619
1383 0.514286
1384 0.7
1385 0.247619
1386 0.485714
1387 0.72381
1388 1.1
1389 0.457143
1390 0.695238
1391 0.933333
1392 1.2
1393 0.216216
1394 0.567568
1395 0.918919
1396 0.6
1397 0.219048
1398 0.457143
1399 0.695238
1400 1
1401 0.428571
1402 0.666667
1403 0.904762
1404 1.4
1405 0.638095
1406 0.87619
1407 1.11429
1408 0.666667
1409 -0.107143
1410 0.357143
1411 0.821429
1412 0.285714
1413 0.0116279
1414 0.302326
1415 0.593023
1416 0.857143
1417 0.267442
1418 0.55814
1419 0.848837
1420 1.42857
1421 0.523256
1422 0.813953
1423 1.10465
1424 0.2
1425 -0.0810811
1426 0.27027
1427 0.621622
1428 0.2
1429 0.00952381
1430 0.247619
1431 0.485714
1432 0.6
1433 0.219048
1434 0.457143
1435 0.695238
1436 1
1437 0.428571
1438 0.666667
1439 0.904762
1440 0.9
1441 0.162162
1442 0.513514
1443 0.864865
1444 0.5
1445 0.190476
1446 0.428571
1447 0.666667
1448 0.9
1449 0.4
1450 0.638095
1451 0.87619
1452 1.3
1453 0.609524
1454 0.847619
1455 1.08571
1456 1.6
1457 0.405405
1458 0.756757
1459 1.10811
1460 0.8
1461 0.371429
1462 0.609524
1463 0.847619
1464 1.2
1465 0.580952
1466 0.819048
1467 1.05714
1468 1.6
1469 0.790476
1470 1.02857
1471 1.26667
1472 2
1473 0.142857
1474 0.607143
1475 1.07143
1476 0.571429
1477 0.197674
1478 0.488372
1479 0.77907
1480 1.14286
1481 0.453488
1482 0.744186
1483 1.03488
1484 1.71429
1485 0.709302
1486 1
1487 1.2907
1488 0.6
1489 0.108108
1490 0.459459
1491 0.810811
1492 0.4
1493 0.161905
1494 0.4
1495 0.638095
1496 0.8
1497 0.371429
1498 0.609524
1499 0.847619
1500 1.2
1501 0.580952
1502 0.819048
1503 1.05714
1504 1.3
1505 0.351351
1506 0.702703
1507 1.05405
1508 0.7
1509 0.342857
1510 0.580952
1511 0.819048
1512 1.1
1513 0.552381
1514 0.790476
1515 1.02857
1516 1.5
1517 0.761905
1518 1
1519 1.2381
1520 2
1521 0.594595
1522 0.945946
1523 1.2973
1524 1
1525 0.52381
1526 0.761905
1527 1
1528 1.4
1529 0.733333
1530 0.971429
1531 1.20952
1532 1.8
1533 0.942857
1534 1.18095
1535 1.41905
1536 0
1537 -0.0952381
1538 0.452381
1539 1
1540 0.307692
1541 0.0588235
1542 0.382353
1543 0.705882
1544 1
1545 0.352941
1546 0.676471
1547 1
1548 1.69231
1549 0.647059
1550 0.970588
1551 1.29412
1552 0.0714286
1553 -0.0677966
1554 0.322034
1555 0.711864
1556 0.2
1557 0.0465116
1558 0.302326
1559 0.55814
1560 0.65
1561 0.27907
1562 0.534884
1563 0.790698
1564 1.1
1565 0.511628
1566 0.767442
1567 1.02326
1568 1
1569 0.220339
1570 0.610169
1571 1
1572 0.55
1573 0.255814
1574 0.511628
1575 0.767442
1576 1
1577 0.488372
1578 0.744186
1579 1
1580 1.45
1581 0.72093
1582 0.976744
1583 1.23256
1584 1.92857
1585 0.508475
1586 0.898305
1587 1.28814
1588 0.9
1589 0.465116
1590 0.72093
1591 0.976744
1592 1.35
1593 0.697674
1594 0.953488
1595 1.2093
1596 1.8
1597 0.930233
1598 1.18605
1599 1.44186
1600 -0.333333
1601 -0.178571
1602 0.285714
1603 0.75
1604 0.142857
1605 -0.0232558
1606 0.267442
1607 0.55814
1608 0.714286
1609 0.232558
1610 0.523256
1611 0.813953
1612 1.28571
1613 0.488372
1614 0.77907
1615 1.06977
1616 -0.1
1617 -0.135135
1618 0.216216
1619 0.567568
1620 0.1
1621 -0.0190476
1622 0.219048
1623 0.457143
1624 0.5
1625 0.190476
1626 0.428571
1627 0.666667
1628 0.9
1629 0.4
1630 0.638095
1631 0.87619
1632 0.6
1633 0.108108
1634 0.459459
1635 0.810811
1636 0.4
1637 0.161905
1638 0.4
1639 0.638095
1640 0.8
1641 0.371429
1642 0.609524
1643 0.847619
1644 1.2
1645 0.580952
1646 0.819048
1647 1.05714
1648 1.3
1649 0.351351
1650 0.702703
1651 1.05405
1652 0.7
1653 0.342857
1654 0.580952
1655 0.819048
1656 1.1
1657 0.552381
1658 0.790476
1659 1.02857
1660 1.5
1661 0.761905
1662 1
1663 1.2381
1664 1
1665 0.0714286
1666 0.535714
1667 1
1668 0.428571
1669 0.162791
1670 0.453488
1671 0.744186
1672 1
1673 0.418605
1674 0.709302
1675 1
1676 1.57143
1677 0.674419
1678 0.965116
1679 1.25581
1680 0.3
1681 0.0540541
1682 0.405405
1683 0.756757
1684 0.3
1685 0.133333
1686 0.371429
1687 0.609524
1688 0.7
1689 0.342857
1690 0.580952
1691 0.819048
1692 1.1
1693 0.552381
1694 0.790476
1695 1.02857
1696 1
1697 0.297297
1698 0.648649
1699 1
1700 0.6
1701 0.314286
1702 0.552381
1703 0.790476
1704 1
1705 0.52381
1706 0.761905
1707 1
1708 1.4
1709 0.733333
1710 0.971429
1711 1.20952
1712 1.7
1713 0.540541
1714 0.891892
1715 1.24324
1716 0.9
1717 0.495238
1718 0.733333
1719 0.971429
1720 1.3
1721 0.704762
1722 0.942857
1723 1.18095
1724 1.7
1725 0.914286
1726 1.15238
1727 1.39048
1728 2.33333
1729 0.321429
1730 0.785714
1731 1.25
1732 0.714286
1733 0.348837
1734 0.639535
1735 0.930233
1736 1.28571
1737 0.604651
1738 0.895349
1739 1.18605
1740 1.85714
1741 0.860465
1742 1.15116
1743 1.44186
1744 0.7
1745 0.243243
1746 0.594595
1747 0.945946
1748 0.5
1749 0.285714
1750 0.52381
1751 0.761905
1752 0.9
1753 0.495238
1754 0.733333
1755 0.971429
1756 1.3
1757 0.704762
1758 0.942857
1759 1.18095
1760 1.4
1761 0.486486
1762 0.837838
1763 1.18919
1764 0.8
1765 0.466667
1766 0.704762
1767 0.942857
1768 1.2
1769 0.67619
1770 0.914286
1771 1.15238
1772 1.6
1773 0.885714
1774 1.12381
1775 1.3619
1776 2.1
1777 0.72973
1778 1.08108
1779 1.43243
1780 1.1
1781 0.647619
1782 0.885714
1783 1.12381
1784 1.5
1785 0.857143
1786 1.09524
1787 1.33333
1788 1.9
1789 1.06667
1790 1.30476
1791 1.54286
1792 0
1793 0.166667
1794 0.714286
1795 1.2619
1796 0.538462
1797 0.264706
1798 0.588235
1799 0.911765
1800 1.23077
1801 0.558824
1802 0.882353
1803 1.20588
1804 1.92308
1805 0.852941
1806 1.17647
1807 1.5
1808 0.285714
1809 0.118644
1810 0.508475
1811 0.898305
1812 0.35
1813 0.209302
1814 0.465116
1815 0.72093
1816 0.8
1817 0.44186
1818 0.697674
1819 0.953488
1820 1.25
1821 0.674419
1822 0.930233
1823 1.18605
1824 1.21429
1825 0.40678
1826 0.79661
1827 1.18644
1828 0.7
1829 0.418605
1830 0.674419
1831 0.930233
1832 1.15
1833 0.651163
1834 0.906977
1835 1.16279
1836 1.6
1837 0.883721
1838 1.13953
1839 1.39535
1840 2.14286
1841 0.694915
1842 1.08475
1843 1.47458
1844 1.05
1845 0.627907
1846 0.883721
1847 1.13953
1848 1.5
1849 0.860465
1850 1.11628
1851 1.37209
1852 1.95
1853 1.09302
1854 1.34884
1855 1.60465
1856 8.88178e-14
1857 4.34319e-13
1858 0.464286
1859 0.928571
1860 0.285714
1861 0.127907
1862 0.418605
1863 0.709302
1864 0.857143
1865 0.383721
1866 0.674419
1867 0.965116
1868 1.42857
1869 0.639535
1870 0.930233
1871 1.22093
1872 -1.2399e-12
1873 2.17604e-13
1874 0.351351
1875 0.702703
1876 0.2
1877 0.104762
1878 0.342857
1879 0.580952
1880 0.6
1881 0.314286
1882 0.552381
1883 0.790476
1884 1
1885 0.52381
1886 0.761905
1887 1
1888 0.7
1889 0.243243
1890 0.594595
1891 0.945946
1892 0.5
1893 0.285714
1894 0.52381
1895 0.761905
1896 0.9
1897 0.495238
1898 0.733333
1899 0.971429
1900 1.3
1901 0.704762
1902 0.942857
1903 1.18095
1904 1.4
1905 0.486486
1906 0.837838
1907 1.18919
1908 0.8
1909 0.466667
1910 0.704762
1911 0.942857
1912 1.2
1913 0.67619
1914 0.914286
1915 1.15238
1916 1.6
1917 0.885714
1918 1.12381
1919 1.3619
1920 1.33333
1921 0.25
1922 0.714286
1923 1.17857
1924 0.571429
1925 0.313953
1926 0.604651
1927 0.895349
1928 1.14286
1929 0.569767
1930 0.860465
1931 1.15116
1932 1.71429
1933 0.825581
1934 1.11628
1935 1.40698
1936 0.4
1937 0.189189
1938 0.540541
1939 0.891892
1940 0.4
1941 0.257143
1942 0.495238
1943 0.733333
1944 0.8
1945 0.466667
1946 0.704762
1947 0.942857
1948 1.2
1949 0.67619
1950 0.914286
1951 1.15238
1952 1.1
1953 0.432432
1954 0.783784
1955 1.13514
1956 0.7
1957 0.438095
1958 0.67619
1959 0.914286
1960 1.1
1961 0.647619
1962 0.885714
1963 1.12381
1964 1.5
1965 0.857143
1966 1.09524
1967 1.33333
1968 1.8
1969 0.675676
1970 1.02703
1971 1.37838
1972 1
1973 0.619048
1974 0.857143
1975 1.09524
1976 1.4
1977 0.828571
1978 1.06667
1979 1.30476
1980 1.8
1981 1.0381
1982 1.27619
1983 1.51429
1984 2.66667
1985 0.5
1986 0.964286
1987 1.42857
1988 0.857143
1989 0.5
1990 0.790698
1991 1.0814
1992 1.42857
1993 0.755814
1994 1.04651
1995 1.33721
1996 2
1997 1.01163
1998 1.30233
1999 1.59302
2000 0.8
2001 0.378378
2002 0.72973
2003 1.08108
2004 0.6
2005 0.409524
2006 0.647619
2007 0.885714
2008 1
2009 0.619048
2010 0.857143
2011 1.09524
2012 1.4
2013 0.828571
2014 1.06667
2015 1.30476
2016 1.5
2017 0.621622
2018 0.972973
2019 1.32432
2020 0.9
2021 0.590476
2022 0.828571
2023 1.06667
2024 1.3
2025 0.8
2026 1.0381
2027 1.27619
2028 1.7
2029 1.00952
2030 1.24762
2031 1.48571
2032 2.2
2033 0.864865
2034 1.21622
2035 1.56757
2036 1.2
2037 0.771429
2038 1.00952
2039 1.24762
2040 1.6
2041 0.980952
2042 1.21905
2043 1.45714
2044 2
2045 1.19048
2046 1.42857
2047 1.66667
2048 0
2049 0
2050 0
2051 0
2052 0
2053 0.333333
2054 0.666667
2055 1
2056 0
2057 0.666667
2058 1
2059 1.33333
2060 0
2061 1
2062 1.33333
2063 1.66667
2064 0
2065 0.131579
2066 0.526316
2067 0.921053
2068 0.307692
2069 0.25
2070 0.5
2071 0.75
2072 0.769231
2073 0.5
2074 0.75
2075 1
2076 1.23077
2077 0.75
2078 1
2079 1.25
2080 0
2081 0.473684
2082 0.868421
2083 1.26316
2084 0.692308
2085 0.5
2086 0.75
2087 1
2088 1.15385
2089 0.75
2090 1
2091 1.25
2092 1.61538
2093 1
2094 1.25
2095 1.5
2096 0
2097 0.815789
2098 1.21053
2099 1.60526
2100 1.07692
2101 0.75
2102 1
2103 1.25
2104 1.53846
2105 1
2106 1.25
2107 1.5
2108 2
2109 1.25
2110 1.5
2111 1.75
2112 0
2113 -0.0526316
2114 0.421053
2115 0.894737
2116 0.166667
2117 0.118644
2118 0.40678
2119 0.694915
2120 0.75
2121 0.38983
2122 0.677966
2123 0.966102
2124 1.33333
2125 0.661017
2126 0.949153
2127 1.23729
2128 -0.285714
2129 -0.0384615
2130 0.307692
2131 0.653846
2132 0.114286
2133 0.0945946
2134 0.324324
2135 0.554054
2136 0.514286
2137 0.310811
2138 0.540541
2139 0.77027
2140 0.914286
2141 0.527027
2142 0.756757
2143 0.986486
2144 0.428571
2145 0.230769
2146 0.576923
2147 0.923077
2148 0.428571
2149 0.297297
2150 0.527027
2151 0.756757
2152 0.828571
2153 0.513514
2154 0.743243
2155 0.972973
2156 1.22857
2157 0.72973
2158 0.959459
2159 1.18919
2160 1.14286
2161 0.5
2162 0.846154
2163 1.19231
2164 0.742857
2165 0.5
2166 0.72973
2167 0.959459
2168 1.14286
2169 0.716216
2170 0.945946
2171 1.17568
2172 1.54286
2173 0.932432
2174 1.16216
2175 1.39189
2176 0
2177 0.263158
2178 0.736842
2179 1.21053
2180 0.5
2181 0.355932
2182 0.644068
2183 0.932203
2184 1.08333
2185 0.627119
2186 0.915254
2187 1.20339
2188 1.66667
2189 0.898305
2190 1.18644
2191 1.47458
2192 0.142857
2193 0.192308
2194 0.538462
2195 0.884615
2196 0.342857
2197 0.283784
2198 0.513514
2199 0.743243
2200 0.742857
2201 0.5
2202 0.72973
2203 0.959459
2204 1.14286
2205 0.716216
2206 0.945946
2207 1.17568
2208 0.857143
2209 0.461538
2210 0.807692
2211 1.15385
2212 0.657143
2213 0.486486
2214 0.716216
2215 0.945946
2216 1.05714
2217 0.702703
2218 0.932432
2219 1.16216
2220 1.45714
2221 0.918919
2222 1.14865
2223 1.37838
2224 1.57143
2225 0.730769
2226 1.07692
2227 1.42308
2228 0.971429
2229 0.689189
2230 0.918919
2231 1.14865
2232 1.37143
2233 0.905405
2234 1.13514
2235 1.36486
2236 1.77143
2237 1.12162
2238 1.35135
2239 1.58108
2240 0
2241 0.578947
2242 1.05263
2243 1.52632
2244 0.833333
2245 0.59322
2246 0.881356
2247 1.16949
2248 1.41667
2249 0.864407
2250 1.15254
2251 1.44068
2252 2
2253 1.13559
2254 1.42373
2255 1.71186
2256 0.571429
2257 0.423077
2258 0.769231
2259 1.11538
2260 0.571429
2261 0.472973
2262 0.702703
2263 0.932432
2264 0.971429
2265 0.689189
2266 0.918919
2267 1.14865
2268 1.37143
2269 0.905405
2270 1.13514
2271 1.36486
2272 1.28571
2273 0.692308
2274 1.03846
2275 1.38462
2276 0.885714
2277 0.675676
2278 0.905405
2279 1.13514
2280 1.28571
2281 0.891892
2282 1.12162
2283 1.35135
2284 1.68571
2285 1.10811
2286 1.33784
2287 1.56757
2288 2
2289 0.961538
2290 1.30769
2291 1.65385
2292 1.2
2293 0.878378
2294 1.10811
2295 1.33784
2296 1.6
2297 1.09459
2298 1.32432
2299 1.55405
2300 2
2301 1.31081
2302 1.54054
2303 1.77027
2304 0
2305 -0.166667
2306 0.380952
2307 0.928571
2308 0.153846
2309 0.0294118
2310 0.352941
2311 0.676471
2312 0.846154
2313 0.323529
2314 0.647059
2315 0.970588
2316 1.53846
2317 0.617647
2318 0.941176
2319 1.26471
2320 -0.285714
2321 -0.118644
2322 0.271186
2323 0.661017
2324 0.1
2325 0.0232558
2326 0.27907
2327 0.534884
2328 0.55
2329 0.255814
2330 0.511628
2331 0.767442
2332 1
2333 0.488372
2334 0.744186
2335 1
2336 0.642857
2337 0.169492
2338 0.559322
2339 0.949153
2340 0.45
2341 0.232558
2342 0.488372
2343 0.744186
2344 0.9
2345 0.465116
2346 0.72093
2347 0.976744
2348 1.35
2349 0.697674
2350 0.953488
2351 1.2093
2352 1.57143
2353 0.457627
2354 0.847458
2355 1.23729
2356 0.8
2357 0.44186
2358 0.697674
2359 0.953488
2360 1.25
2361 0.674419
2362 0.930233
2363 1.18605
2364 1.7
2365 0.906977
2366 1.16279
2367 1.4186
2368 -1.33333
2369 -0.25
2370 0.214286
2371 0.678571
2372 -6.79456e-13
2373 -0.0581395
2374 0.232558
2375 0.523256
2376 0.571429
2377 0.197674
2378 0.488372
2379 0.77907
2380 1.14286
2381 0.453488
2382 0.744186
2383 1.03488
2384 -0.4
2385 -0.189189
2386 0.162162
2387 0.513514
2388 1.42109e-14
2389 -0.047619
2390 0.190476
2391 0.428571
2392 0.4
2393 0.161905
2394 0.4
2395 0.638095
2396 0.8
2397 0.371429
2398 0.609524
2399 0.847619
2400 0.3
2401 0.0540541
2402 0.405405
2403 0.756757
2404 0.3
2405 0.133333
2406 0.371429
2407 0.609524
2408 0.7
2409 0.342857
2410 0.580952
2411 0.819048
2412 1.1
2413 0.552381
2414 0.790476
2415 1.02857
2416 1
2417 0.297297
2418 0.648649
2419 1
2420 0.6
2421 0.314286
2422 0.552381
2423 0.790476
2424 1
2425 0.52381
2426 0.761905
2427 1
2428 1.4
2429 0.733333
2430 0.971429
2431 1.20952
2432 -7.21201e-13
2433 3.7037e-13
2434 0.464286
2435 0.928571
2436 0.285714
2437 0.127907
2438 0.418605
2439 0.709302
2440 0.857143
2441 0.383721
2442 0.674419
2443 0.965116
2444 1.42857
2445 0.639535
2446 0.930233
2447 1.22093
2448 -3.95417e-12
2449 5.08038e-13
2450 0.351351
2451 0.702703
2452 0.2
2453 0.104762
2454 0.342857
2455 0.580952
2456 0.6
2457 0.314286
2458 0.552381
2459 0.790476
2460 1
2461 0.52381
2462 0.761905
2463 1
2464 0.7
2465 0.243243
2466 0.594595
2467 0.945946
2468 0.5
2469 0.285714
2470 0.52381
2471 0.761905
2472 0.9
2473 0.495238
2474 0.733333
2475 0.971429
2476 1.3
2477 0.704762
2478 0.942857
2479 1.18095
2480 1.4
2481 0.486486
2482 0.837838
2483 1.18919
2484 0.8
2485 0.466667
2486 0.704762
2487 0.942857
2488 1.2
2489 0.67619
2490 0.914286
2491 1.15238
2492 1.6
2493 0.885714
2494 1.12381
2495 1.3619
2496 1.33333
2497 0.25
2498 0.714286
2499 1.17857
2500 0.571429
2501 0.313953
2502 0.604651
2503 0.895349
2504 1.14286
2505 0.569767
2506 0.860465
2507 1.15116
2508 1.71429
2509 0.825581
2510 1.11628
2511 1.40698
2512 0.4
2513 0.189189
2514 0.540541
2515 0.891892
2516 0.4
2517 0.257143
2518 0.495238
2519 0.733333
2520 0.8
2521 0.466667
2522 0.704762
2523 0.942857
2524 1.2
2525 0.67619
2526 0.914286
2527 1.15238
2528 1.1
2529 0.432432
2530 0.783784
2531 1.13514
2532 0.7
2533 0.438095
2534 0.67619
2535 0.914286
2536 1.1
2537 0.647619
2538 0.885714
2539 1.12381
2540 1.5
2541 0.857143
2542 1.09524
2543 1.33333
2544 1.8
2545 0.675676
2546 1.02703
2547 1.37838
2548 1
2549 0.619048
2550 0.857143
2551 1.09524
2552 1.4
2553 0.828571
2554 1.06667
2555 1.30476
2556 1.8
2557 1.0381
2558 1.27619
2559 1.51429
2560 0
2561 0.0952381
2562 0.642857
2563 1.19048
2564 0.384615
2565 0.235294
2566 0.558824
2567 0.882353
2568 1.07692
2569 0.529412
2570 0.852941
2571 1.17647
2572 1.76923
2573 0.823529
2574 1.14706
2575 1.47059
2576 -0.0714286
2577 0.0677966
2578 0.457627
2579 0.847458
2580 0.25
2581 0.186047
2582 0.44186
2583 0.697674
2584 0.7
2585 0.418605
2586 0.674419
2587 0.930233
2588 1.15
2589 0.651163
2590 0.906977
2591 1.16279
2592 0.857143
2593 0.355932
2594 0.745763
2595 1.13559
2596 0.6
2597 0.395349
2598 0.651163
2599 0.906977
2600 1.05
2601 0.627907
2602 0.883721
2603 1.13953
2604 1.5
2605 0.860465
2606 1.11628
2607 1.37209
2608 1.78571
2609 0.644068
2610 1.0339
2611 1.42373
2612 0.95
2613 0.604651
2614 0.860465
2615 1.11628
2616 1.4
2617 0.837209
2618 1.09302
2619 1.34884
2620 1.85
2621 1.06977
2622 1.32558
2623 1.5814
2624 -1
2625 -0.0714286
2626 0.392857
2627 0.857143
2628 0.142857
2629 0.0930233
2630 0.383721
2631 0.674419
2632 0.714286
2633 0.348837
2634 0.639535
2635 0.930233
2636 1.28571
2637 0.604651
2638 0.895349
2639 1.18605
2640 -0.3
2641 -0.0540541
2642 0.297297
2643 0.648649
2644 0.1
2645 0.0761905
2646 0.314286
2647 0.552381
2648 0.5
2649 0.285714
2650 0.52381
2651 0.761905
2652 0.9
2653 0.495238
2654 0.733333
2655 0.971429
2656 0.4
2657 0.189189
2658 0.540541
2659 0.891892
2660 0.4
2661 0.257143
2662 0.495238
2663 0.733333
2664 0.8
2665 0.466667
2666 0.704762
2667 0.942857
2668 1.2
2669 0.67619
2670 0.914286
2671 1.15238
2672 1.1
2673 0.432432
2674 0.783784
2675 1.13514
2676 0.7
2677 0.438095
2678 0.67619
2679 0.914286
2680 1.1
2681 0.647619
2682 0.885714
2683 1.12381
2684 1.5
2685 0.857143
2686 1.09524
2687 1.33333
2688 0.333333
2689 0.178571
2690 0.642857
2691 1.10714
2692 0.428571
2693 0.27907
2694 0.569767
2695 0.860465
2696 1
2697 0.534884
2698 0.825581
2699 1.11628
2700 1.57143
2701 0.790698
2702 1.0814
2703 1.37209
2704 0.1
2705 0.135135
2706 0.486486
2707 0.837838
2708 0.3
2709 0.228571
2710 0.466667
2711 0.704762
2712 0.7
2713 0.438095
2714 0.67619
2715 0.914286
2716 1.1
2717 0.647619
2718 0.885714
2719 1.12381
2720 0.8
2721 0.378378
2722 0.72973
2723 1.08108
2724 0.6
2725 0.409524
2726 0.647619
2727 0.885714
2728 1
2729 0.619048
2730 0.857143
2731 1.09524
2732 1.4
2733 0.828571
2734 1.06667
2735 1.30476
2736 1.5
2737 0.621622
2738 0.972973
2739 1.32432
2740 0.9
2741 0.590476
2742 0.828571
2743 1.06667
2744 1.3
2745 0.8
2746 1.0381
2747 1.27619
2748 1.7
2749 1.00952
2750 1.24762
2751 1.48571
2752 1.66667
2753 0.428571
2754 0.892857
2755 1.35714
2756 0.714286
2757 0.465116
2758 0.755814
2759 1.04651
2760 1.28571
2761 0.72093
2762 1.01163
2763 1.30233
2764 1.85714
2765 0.976744
2766 1.26744
2767 1.55814
2768 0.5
2769 0.324324
2770 0.675676
2771 1.02703
2772 0.5
2773 0.380952
2774 0.619048
2775 0.857143
2776 0.9
2777 0.590476
2778 0.828571
2779 1.06667
2780 1.3
2781 0.8
2782 1.0381
2783 1.27619
2784 1.2
2785 0.567568
2786 0.918919
2787 1.27027
2788 0.8
2789 0.561905
2790 0.8
2791 1.0381
2792 1.2
2793 0.771429
2794 1.00952
2795 1.24762
2796 1.6
2797 0.980952
2798 1.21905
2799 1.45714
2800 1.9
2801 0.810811
2802 1.16216
2803 1.51351
2804 1.1
2805 0.742857
2806 0.980952
2807 1.21905
2808 1.5
2809 0.952381
2810 1.19048
2811 1.42857
2812 1.9
2813 1.1619
2814 1.4
2815 1.6381
2816 0
2817 0.357143
2818 0.904762
2819 1.45238
2820 0.615385
2821 0.441176
2822 0.764706
2823 1.08824
2824 1.30769
2825 0.735294
2826 1.05882
2827 1.38235
2828 2
2829 1.02941
2830 1.35294
2831 1.67647
2832 0.142857
2833 0.254237
2834 0.644068
2835 1.0339
2836 0.4
2837 0.348837
2838 0.604651
2839 0.860465
2840 0.85
2841 0.581395
2842 0.837209
2843 1.09302
2844 1.3
2845 0.813953
2846 1.06977
2847 1.32558
2848 1.07143
2849 0.542373
2850 0.932203
2851 1.32203
2852 0.75
2853 0.55814
2854 0.813953
2855 1.06977
2856 1.2
2857 0.790698
2858 1.04651
2859 1.30233
2860 1.65
2861 1.02326
2862 1.27907
2863 1.53488
2864 2
2865 0.830508
2866 1.22034
2867 1.61017
2868 1.1
2869 0.767442
2870 1.02326
2871 1.27907
2872 1.55
2873 1
2874 1.25581
2875 1.51163
2876 2
2877 1.23256
2878 1.48837
2879 1.74419
2880 -0.666667
2881 0.107143
2882 0.571429
2883 1.03571
2884 0.285714
2885 0.244186
2886 0.534884
2887 0.825581
2888 0.857143
2889 0.5
2890 0.790698
2891 1.0814
2892 1.42857
2893 0.755814
2894 1.04651
2895 1.33721
2896 -0.2
2897 0.0810811
2898 0.432432
2899 0.783784
2900 0.2
2901 0.2
2902 0.438095
2903 0.67619
2904 0.6
2905 0.409524
2906 0.647619
2907 0.885714
2908 1
2909 0.619048
2910 0.857143
2911 1.09524
2912 0.5
2913 0.324324
2914 0.675676
2915 1.02703
2916 0.5
2917 0.380952
2918 0.619048
2919 0.857143
2920 0.9
2921 0.590476
2922 0.828571
2923 1.06667
2924 1.3
2925 0.8
2926 1.0381
2927 1.27619
2928 1.2
2929 0.567568
2930 0.918919
2931 1.27027
2932 0.8
2933 0.561905
2934 0.8
2935 1.0381
2936 1.2
2937 0.771429
2938 1.00952
2939 1.24762
2940 1.6
2941 0.980952
2942 1.21905
2943 1.45714
2944 0.666667
2945 0.357143
2946 0.821429
2947 1.28571
2948 0.571429
2949 0.430233
2950 0.72093
2951 1.01163
2952 1.14286
2953 0.686047
2954 0.976744
2955 1.26744
2956 1.71429
2957 0.94186
2958 1.23256
2959 1.52326
2960 0.2
2961 0.27027
2962 0.621622
2963 0.972973
2964 0.4
2965 0.352381
2966 0.590476
2967 0.828571
2968 0.8
2969 0.561905
2970 0.8
2971 1.0381
2972 1.2
2973 0.771429
2974 1.00952
2975 1.24762
2976 0.9
2977 0.513514
2978 0.864865
2979 1.21622
2980 0.7
2981 0.533333
2982 0.771429
2983 1.00952
2984 1.1
2985 0.742857
2986 0.980952
2987 1.21905
2988 1.5
2989 0.952381
2990 1.19048
2991 1.42857
2992 1.6
2993 0.756757
2994 1.10811
2995 1.45946
2996 1
2997 0.714286
2998 0.952381
2999 1.19048
3000 1.4
3001 0.92381
3002 1.1619
3003 1.4
3004 1.8
3005 1.13333
3006 1.37143
3007 1.60952
3008 2
3009 0.607143
3010 1.07143
3011 1.53571
3012 0.857143
3013 0.616279
3014 0.906977
3015 1.19767
3016 1.42857
3017 0.872093
3018 1.16279
3019 1.45349
3020 2
3021 1.12791
3022 1.4186
3023 1.7093
3024 0.6
3025 0.459459
3026 0.810811
3027 1.16216
3028 0.6
3029 0.504762
3030 0.742857
3031 0.980952
3032 1
3033 0.714286
3034 0.952381
3035 1.19048
3036 1.4
3037 0.92381
3038 1.1619
3039 1.4
3040 1.3
3041 0.702703
3042 1.05405
3043 1.40541
3044 0.9
3045 0.685714
3046 0.92381
3047 1.1619
3048 1.3
3049 0.895238
3050 1.13333
3051 1.37143
3052 1.7
3053 1.10476
3054 1.34286
3055 1.58095
3056 2
3057 0.945946
3058 1.2973
3059 1.64865
3060 1.2
3061 0.866667
3062 1.10476
3063 1.34286
3064 1.6
3065 1.07619
3066 1.31429
3067 1.55238
3068 2
3069 1.28571
3070 1.52381
3071 1.7619
3072 0
3073 0
3074 0
3075 0
3076 0
3077 0.666667
3078 1
3079 1.33333
3080 0
3081 1
3082 1.33333
3083 1.66667
3084 0
3085 1.33333
3086 1.66667
3087 2
3088 0
3089 0.394737
3090 0.789474
3091 1.18421
3092 0.461607
3093 0.5
3094 0.75
3095 1
3096 0.923077
3097 0.75
3098 1
3099 1.25
3100 1.38462
3101 1
3102 1.25
3103 1.5
3104 0
3105 0.736842
3106 1.13158
3107 1.52632
3108 0.846215
3109 0.75
3110 1
3111 1.25
3112 1.30769
3113 1
3114 1.25
3115 1.5
3116 1.76923
3117 1.25
3118 1.5
3119 1.75
3120 0
3121 1.07895
3122 1.47368
3123 1.86842
3124 1.23082
3125 1
3126 1.25
3127 1.5
3128 1.69231
3129 1.25
3130 1.5
3131 1.75
3132 2.15385
3133 1.5
3134 1.75
3135 2
3136 0
3137 0.157895
3138 0.631579
3139 1.10526
3140 0.25
3141 0.322034
3142 0.610169
3143 0.898305
3144 0.833333
3145 0.59322
3146 0.881356
3147 1.16949
3148 1.41667
3149 0.864407
3150 1.15254
3151 1.44068
3152 -0.428571
3153 0.115385
3154 0.461538
3155 0.807692
3156 0.171429
3157 0.256757
3158 0.486486
3159 0.716216
3160 0.571429
3161 0.472973
3162 0.702703
3163 0.932432
3164 0.971429
3165 0.689189
3166 0.918919
3167 1.14865
3168 0.285714
3169 0.384615
3170 0.730769
3171 1.07692
3172 0.485714
3173 0.459459
3174 0.689189
3175 0.918919
3176 0.885714
3177 0.675676
3178 0.905405
3179 1.13514
3180 1.28571
3181 0.891892
3182 1.12162
3183 1.35135
3184 1
3185 0.653846
3186 1
3187 1.34615
3188 0.8
3189 0.662162
3190 0.891892
3191 1.12162
3192 1.2
3193 0.878378
3194 1.10811
3195 1.33784
3196 1.6
3197 1.09459
3198 1.32432
3199 1.55405
3200 0
3201 0.473684
3202 0.947368
3203 1.42105
3204 0.583333
3205 0.559322
3206 0.847458
3207 1.13559
3208 1.16667
3209 0.830508
3210 1.11864
3211 1.40678
3212 1.75
3213 1.10169
3214 1.38983
3215 1.67797
3216 3.29869e-12
3217 0.346154
3218 0.692308
3219 1.03846
3220 0.4
3221 0.445946
3222 0.675676
3223 0.905405
3224 0.8
3225 0.662162
3226 0.891892
3227 1.12162
3228 1.2
3229 0.878378
3230 1.10811
3231 1.33784
3232 0.714286
3233 0.615385
3234 0.961538
3235 1.30769
3236 0.714286
3237 0.648649
3238 0.878378
3239 1.10811
3240 1.11429
3241 0.864865
3242 1.09459
3243 1.32432
3244 1.51429
3245 1.08108
3246 1.31081
3247 1.54054
3248 1.42857
3249 0.884615
3250 1.23077
3251 1.57692
3252 1.02857
3253 0.851351
3254 1.08108
3255 1.31081
3256 1.42857
3257 1.06757
3258 1.2973
3259 1.52703
3260 1.82857
3261 1.28378
3262 1.51351
3263 1.74324
3264 0
3265 0.789474
3266 1.26316
3267 1.73684
3268 0.916667
3269 0.79661
3270 1.08475
3271 1.37288
3272 1.5
3273 1.0678
3274 1.35593
3275 1.64407
3276 2.08333
3277 1.33898
3278 1.62712
3279 1.91525
3280 0.428571
3281 0.576923
3282 0.923077
3283 1.26923
3284 0.628571
3285 0.635135
3286 0.864865
3287 1.09459
3288 1.02857
3289 0.851351
3290 1.08108
3291 1.31081
3292 1.42857
3293 1.06757
3294 1.2973
3295 1.52703
3296 1.14286
3297 0.846154
3298 1.19231
3299 1.53846
3300 0.942857
3301 0.837838
3302 1.06757
3303 1.2973
3304 1.34286
3305 1.05405
3306 1.28378
3307 1.51351
3308 1.74286
3309 1.27027
3310 1.5
3311 1.72973
3312 1.85714
3313 1.11538
3314 1.46154
3315 1.80769
3316 1.25714
3317 1.04054
3318 1.27027
3319 1.5
3320 1.65714
3321 1.25676
3322 1.48649
3323 1.71622
3324 2.05714
3325 1.47297
3326 1.7027
3327 1.93243
3328 0
3329 0.0238095
3330 0.571429
3331 1.11905
3332 0.230769
3333 0.205882
3334 0.529412
3335 0.852941
3336 0.923077
3337 0.5
3338 0.823529
3339 1.14706
3340 1.61538
3341 0.794118
3342 1.11765
3343 1.44118
3344 -0.428571
3345 0.0169492
3346 0.40678
3347 0.79661
3348 0.15
3349 0.162791
3350 0.418605
3351 0.674419
3352 0.6
3353 0.395349
3354 0.651163
3355 0.906977
3356 1.05
3357 0.627907
3358 0.883721
3359 1.13953
3360 0.5
3361 0.305085
3362 0.694915
3363 1.08475
3364 0.5
3365 0.372093
3366 0.627907
3367 0.883721
3368 0.95
3369 0.604651
3370 0.860465
3371 1.11628
3372 1.4
3373 0.837209
3374 1.09302
3375 1.34884
3376 1.42857
3377 0.59322
3378 0.983051
3379 1.37288
3380 0.85
3381 0.581395
3382 0.837209
3383 1.09302
3384 1.3
3385 0.813953
3386 1.06977
3387 1.32558
3388 1.75
3389 1.04651
3390 1.30233
3391 1.55814
3392 -2
3393 -0.142857
3394 0.321429
3395 0.785714
3396 1.01696e-12
3397 0.0581395
3398 0.348837
3399 0.639535
3400 0.571429
3401 0.313953
3402 0.604651
3403 0.895349
3404 1.14286
3405 0.569767
3406 0.860465
3407 1.15116
3408 -0.6
3409 -0.108108
3410 0.243243
3411 0.594595
3412 -1.95399e-14
3413 0.047619
3414 0.285714
3415 0.52381
3416 0.4
3417 0.257143
3418 0.495238
3419 0.733333
3420 0.8
3421 0.466667
3422 0.704762
3423 0.942857
3424 0.1
3425 0.135135
3426 0.486486
3427 0.837838
3428 0.3
3429 0.228571
3430 0.466667
3431 0.704762
3432 0.7
3433 0.438095
3434 0.67619
3435 0.914286
3436 1.1
3437 0.647619
3438 0.885714
3439 1.12381
3440 0.8
3441 0.378378
3442 0.72973
3443 1.08108
3444 0.6
3445 0.409524
3446 0.647619
3447 0.885714
3448 1
3449 0.619048
3450 0.857143
3451 1.09524
3452 1.4
3453 0.828571
3454 1.06667
3455 1.30476
3456 -0.666667
3457 0.107143
3458 0.571429
3459 1.03571
3460 0.285714
3461 0.244186
3462 0.534884
3463 0.825581
3464 0.857143
3465 0.5
3466 0.790698
3467 1.0814
3468 1.42857
3469 0.755814
3470 1.04651
3471 1.33721
3472 -0.2
3473 0.0810811
3474 0.432432
3475 0.783784
3476 0.2
3477 0.2
3478 0.438095
3479 0.67619
3480 0.6
3481 0.409524
3482 0.647619
3483 0.885714
3484 1
3485 0.619048
3486 0.857143
3487 1.09524
3488 0.5
3489 0.324324
3490 0.675676
3491 1.02703
3492 0.5
3493 0.380952
3494 0.619048
3495 0.857143
3496 0.9
3497 0.590476
3498 0.828571
3499 1.06667
3500 1.3
3501 0.8
3502 1.0381
3503 1.27619
3504 1.2
3505 0.567568
3506 0.918919
3507 1.27027
3508 0.8
3509 0.561905
3510 0.8
3511 1.0381
3512 1.2
3513 0.771429
3514 1.00952
3515 1.24762
3516 1.6
3517 0.980952
3518 1.21905
3519 1.45714
3520 0.666667
3521 0.357143
3522 0.821429
3523 1.28571
3524 0.571429
3525 0.430233
3526 0.72093
3527 1.01163
3528 1.14286
3529 0.686047
3530 0.976744
3531 1.26744
3532 1.71429
3533 0.94186
3534 1.23256
3535 1.52326
3536 0.2
3537 0.27027
3538 0.621622
3539 0.972973
3540 0.4
3541 0.352381
3542 0.590476
3543 0.828571
3544 0.8
3545 0.561905
3546 0.8
3547 1.0381
3548 1.2
3549 0.771429
3550 1.00952
3551 1.24762
3552 0.9
3553 0.513514
3554 0.864865
3555 1.21622
3556 0.7
3557 0.533333
3558 0.771429
3559 1.00952
3560 1.1
3561 0.742857
3562 0.980952
3563 1.21905
3564 1.5
3565 0.952381
3566 1.19048
3567 1.42857
3568 1.6
3569 0.756757
3570 1.10811
3571 1.45946
3572 1
3573 0.714286
3574 0.952381
3575 1.19048
3576 1.4
3577 0.92381
3578 1.1619
3579 1.4
3580 1.8
3581 1.13333
3582 1.37143
3583 1.60952
3584 0
3585 0.285714
3586 0.833333
3587 1.38095
3588 0.461538
3589 0.411765
3590 0.735294
3591 1.05882
3592 1.15385
3593 0.705882
3594 1.02941
3595 1.35294
3596 1.84615
3597 1
3598 1.32353
3599 1.64706
3600 -0.214286
3601 0.20339
3602 0.59322
3603 0.983051
3604 0.3
3605 0.325581
3606 0.581395
3607 0.837209
3608 0.75
3609 0.55814
3610 0.813953
3611 1.06977
3612 1.2
3613 0.790698
3614 1.04651
3615 1.30233
3616 0.714286
3617 0.491525
3618 0.881356
3619 1.27119
3620 0.65
3621 0.534884
3622 0.790698
3623 1.04651
3624 1.1
3625 0.767442
3626 1.02326
3627 1.27907
3628 1.55
3629 1
3630 1.25581
3631 1.51163
3632 1.64286
3633 0.779661
3634 1.16949
3635 1.55932
3636 1
3637 0.744186
3638 1
3639 1.25581
3640 1.45
3641 0.976744
3642 1.23256
3643 1.48837
3644 1.9
3645 1.2093
3646 1.46512
3647 1.72093
3648 -1.66667
3649 0.0357143
3650 0.5
3651 0.964286
3652 0.142857
3653 0.209302
3654 0.5
3655 0.790698
3656 0.714286
3657 0.465116
3658 0.755814
3659 1.04651
3660 1.28571
3661 0.72093
3662 1.01163
3663 1.30233
3664 -0.5
3665 0.027027
3666 0.378378
3667 0.72973
3668 0.1
3669 0.171429
3670 0.409524
3671 0.647619
3672 0.5
3673 0.380952
3674 0.619048
3675 0.857143
3676 0.9
3677 0.590476
3678 0.828571
3679 1.06667
3680 0.2
3681 0.27027
3682 0.621622
3683 0.972973
3684 0.4
3685 0.352381
3686 0.590476
3687 0.828571
3688 0.8
3689 0.561905
3690 0.8
3691 1.0381
3692 1.2
3693 0.771429
3694 1.00952
3695 1.24762
3696 0.9
3697 0.513514
3698 0.864865
3699 1.21622
3700 0.7
3701 0.533333
3702 0.771429
3703 1.00952
3704 1.1
3705 0.742857
3706 0.980952
3707 1.21905
3708 1.5
3709 0.952381
3710 1.19048
3711 1.42857
3712 -0.333333
3713 0.285714
3714 0.75
3715 1.21429
3716 0.428571
3717 0.395349
3718 0.686047
3719 0.976744
3720 1
3721 0.651163
3722 0.94186
3723 1.23256
3724 1.57143
3725 0.906977
3726 1.19767
3727 1.48837
3728 -0.1
3729 0.216216
3730 0.567568
3731 0.918919
3732 0.3
3733 0.32381
3734 0.561905
3735 0.8
3736 0.7
3737 0.533333
3738 0.771429
3739 1.00952
3740 1.1
3741 0.742857
3742 0.980952
3743 1.21905
3744 0.6
3745 0.459459
3746 0.810811
3747 1.16216
3748 0.6
3749 0.504762
3750 0.742857
3751 0.980952
3752 1
3753 0.714286
3754 0.952381
3755 1.19048
3756 1.4
3757 0.92381
3758 1.1619
3759 1.4
3760 1.3
3761 0.702703
3762 1.05405
3763 1.40541
3764 0.9
3765 0.685714
3766 0.92381
3767 1.1619
3768 1.3
3769 0.895238
3770 1.13333
3771 1.37143
3772 1.7
3773 1.10476
3774 1.34286
3775 1.58095
3776 1
3777 0.535714
3778 1
3779 1.46429
3780 0.714286
3781 0.581395
3782 0.872093
3783 1.16279
3784 1.28571
3785 0.837209
3786 1.12791
3787 1.4186
3788 1.85714
3789 1.09302
3790 1.38372
3791 1.67442
3792 0.3
3793 0.405445
3794 0.756757
3795 1.10811
3796 0.5
3797 0.47619
3798 0.714286
3799 0.952381
3800 0.9
3801 0.685714
3802 0.92381
3803 1.1619
3804 1.3
3805 0.895238
3806 1.13333
3807 1.37143
3808 1
3809 0.648685
3810 1
3811 1.35135
3812 0.8
3813 0.657143
3814 0.895238
3815 1.13333
3816 1.2
3817 0.866667
3818 1.10476
3819 1.34286
3820 1.6
3821 1.07619
3822 1.31429
3823 1.55238
3824 1.7
3825 0.891926
3826 1.24324
3827 1.59459
3828 1.1
3829 0.838095
3830 1.07619
3831 1.31429
3832 1.5
3833 1.04762
3834 1.28571
3835 1.52381
3836 1.9
3837 1.25714
3838 1.49524
3839 1.73333
3840 0
3841 0.547619
3842 1.09524
3843 1.64286
3844 0.692308
3845 0.617647
3846 0.941176
3847 1.26471
3848 1.38462
3849 0.911765
3850 1.23529
3851 1.55882
3852 2.07692
3853 1.20588
3854 1.52941
3855 1.85294
3856 8.03801e-13
3857 0.38983
3858 0.779661
3859 1.16949
3860 0.45
3861 0.488372
3862 0.744186
3863 1
3864 0.9
3865 0.72093
3866 0.976744
3867 1.23256
3868 1.35
3869 0.953488
3870 1.2093
3871 1.46512
3872 0.928571
3873 0.677966
3874 1.0678
3875 1.45763
3876 0.8
3877 0.697674
3878 0.953488
3879 1.2093
3880 1.25
3881 0.930233
3882 1.18605
3883 1.44186
3884 1.7
3885 1.16279
3886 1.4186
3887 1.67442
3888 1.85714
3889 0.966102
3890 1.35593
3891 1.74576
3892 1.15
3893 0.906977
3894 1.16279
3895 1.4186
3896 1.6
3897 1.13953
3898 1.39535
3899 1.65116
3900 2.05
3901 1.37209
3902 1.62791
3903 1.88372
3904 -1.33333
3905 0.214286
3906 0.678571
3907 1.14286
3908 0.285714
3909 0.360465
3910 0.651163
3911 0.94186
3912 0.857143
3913 0.616279
3914 0.906977
3915 1.19767
3916 1.42857
3917 0.872093
3918 1.16279
3919 1.45349
3920 -0.4
3921 0.162205
3922 0.513514
3923 0.864865
3924 0.2
3925 0.295238
3926 0.533333
3927 0.771429
3928 0.6
3929 0.504762
3930 0.742857
3931 0.980952
3932 1
3933 0.714286
3934 0.952381
3935 1.19048
3936 0.3
3937 0.405445
3938 0.756757
3939 1.10811
3940 0.5
3941 0.47619
3942 0.714286
3943 0.952381
3944 0.9
3945 0.685714
3946 0.92381
3947 1.1619
3948 1.3
3949 0.895238
3950 1.13333
3951 1.37143
3952 1
3953 0.648685
3954 1
3955 1.35135
3956 0.8
3957 0.657143
3958 0.895238
3959 1.13333
3960 1.2
3961 0.866667
3962 1.10476
3963 1.34286
3964 1.6
3965 1.07619
3966 1.31429
3967 1.55238
3968 5.25802e-13
3969 0.464286
3970 0.928571
3971 1.39286
3972 0.571429
3973 0.546512
3974 0.837209
3975 1.12791
3976 1.14286
3977 0.802326
3978 1.09302
3979 1.38372
3980 1.71429
3981 1.05814
3982 1.34884
3983 1.63953
3984 -1.77636e-14
3985 0.351351
3986 0.702703
3987 1.05405
3988 0.4
3989 0.447619
3990 0.685714
3991 0.92381
3992 0.8
3993 0.657143
3994 0.895238
3995 1.13333
3996 1.2
3997 0.866667
3998 1.10476
3999 1.34286
4000 0.7
4001 0.594595
4002 0.945946
4003 1.2973
4004 0.7
4005 0.628571
4006 0.866667
4007 1.10476
4008 1.1
4009 0.838095
4010 1.07619
4011 1.31429
4012 1.5
4013 1.04762
4014 1.28571
4015 1.52381
4016 1.4
4017 0.837838
4018 1.18919
4019 1.54054
4020 1
4021 0.809524
4022 1.04762
4023 1.28571
4024 1.4
4025 1.01905
4026 1.25714
4027 1.49524
4028 1.8
4029 1.22857
4030 1.46667
4031 1.70476
4032 1.33333
4033 0.714286
4034 1.17867
4035 1.64286
4036 0.857143
4037 0.732558
4038 1.02326
4039 1.31395
4040 1.42857
4041 0.988372
4042 1.27907
4043 1.56977
4044 2
4045 1.24419
4046 1.53488
4047 1.82558
4048 0.4
4049 0.540495
4050 0.891926
4051 1.24324
4052 0.6
4053 0.6
4054 0.838095
4055 1.07619
4056 1
4057 0.809524
4058 1.04762
4059 1.28571
4060 1.4
4061 1.01905
4062 1.25714
4063 1.49524
4064 1.1
4065 0.783742
4066 1.13517
4067 1.48649
4068 0.9
4069 0.780952
4070 1.01905
4071 1.25714
4072 1.3
4073 0.990476
4074 1.22857
4075 1.46667
4076 1.7
4077 1.2
4078 1.4381
4079 1.67619
4080 1.8
4081 1.02699
4082 1.37841
4083 1.72973
4084 1.2
4085 0.961905
4086 1.2
4087 1.4381
4088 1.6
4089 1.17143
4090 1.40952
4091 1.64762
4092 2
4093 1.38095
4094 1.61905
4095 1.85714
