#CSC Position Offset LUT
#Structure is comparator code (iCC) -> Stub position offset
#iCC bits: 12
#<header> v1.0 12 32 </header>
0 8
1 8
2 8
3 8
4 8
5 8
6 8
7 8
8 8
9 8
10 8
11 8
12 8
13 8
14 8
15 8
16 8
17 8
18 8
19 8
20 8
21 4
22 3
23 2
24 8
25 5
26 4
27 4
28 8
29 7
30 6
31 5
32 8
33 8
34 8
35 8
36 8
37 7
38 7
39 6
40 8
41 9
42 8
43 7
44 8
45 10
46 9
47 9
48 8
49 8
50 8
51 8
52 8
53 11
54 10
55 9
56 8
57 12
58 12
59 11
60 8
61 14
62 13
63 12
64 8
65 8
66 8
67 8
68 8
69 4
70 4
71 5
72 8
73 5
74 6
75 6
76 8
77 6
78 7
79 7
80 8
81 4
82 5
83 6
84 4
85 4
86 4
87 5
88 5
89 5
90 5
91 5
92 7
93 5
94 6
95 6
96 8
97 5
98 6
99 7
100 5
101 5
102 5
103 6
104 7
105 6
106 6
107 7
108 8
109 7
110 7
111 8
112 8
113 7
114 8
115 9
116 7
117 6
118 7
119 7
120 8
121 7
122 8
123 8
124 9
125 8
126 8
127 9
128 8
129 8
130 8
131 8
132 8
133 6
134 7
135 7
136 8
137 7
138 8
139 9
140 8
141 9
142 9
143 10
144 8
145 6
146 6
147 7
148 5
149 5
150 6
151 6
152 7
153 6
154 7
155 7
156 8
157 7
158 8
159 8
160 8
161 7
162 8
163 9
164 7
165 7
166 7
167 8
168 8
169 8
170 8
171 8
172 9
173 8
174 9
175 9
176 8
177 9
178 9
179 10
180 8
181 8
182 8
183 9
184 9
185 9
186 9
187 10
188 11
189 10
190 10
191 11
192 8
193 8
194 8
195 8
196 8
197 9
198 9
199 10
200 8
201 10
202 10
203 11
204 8
205 11
206 12
207 12
208 8
209 7
210 8
211 9
212 7
213 7
214 8
215 8
216 8
217 8
218 8
219 9
220 9
221 9
222 9
223 10
224 8
225 9
226 10
227 11
228 8
229 8
230 9
231 9
232 9
233 9
234 10
235 10
236 11
237 10
238 11
239 11
240 8
241 10
242 11
243 12
244 9
245 10
246 10
247 11
248 11
249 11
250 11
251 11
252 12
253 11
254 12
255 12
256 8
257 8
258 8
259 8
260 8
261 4
262 5
263 6
264 8
265 5
266 6
267 7
268 8
269 6
270 7
271 9
272 8
273 4
274 5
275 7
276 4
277 4
278 5
279 5
280 6
281 5
282 6
283 6
284 7
285 6
286 7
287 7
288 8
289 5
290 7
291 8
292 5
293 5
294 6
295 7
296 7
297 6
298 7
299 7
300 9
301 7
302 8
303 8
304 8
305 7
306 8
307 9
308 7
309 6
310 7
311 8
312 9
313 7
314 8
315 9
316 10
317 8
318 9
319 10
320 8
321 4
322 6
323 7
324 4
325 4
326 5
327 6
328 6
329 5
330 6
331 7
332 9
333 6
334 7
335 8
336 4
337 4
338 5
339 6
340 4
341 4
342 5
343 5
344 5
345 5
346 5
347 6
348 7
349 5
350 6
351 7
352 7
353 5
354 6
355 7
356 5
357 5
358 5
359 6
360 7
361 5
362 6
363 7
364 8
365 6
366 7
367 8
368 11
369 6
370 7
371 9
372 6
373 5
374 6
375 7
376 8
377 6
378 7
379 8
380 10
381 7
382 8
383 9
384 8
385 5
386 7
387 9
388 5
389 5
390 6
391 7
392 7
393 6
394 7
395 8
396 10
397 7
398 8
399 9
400 5
401 5
402 6
403 7
404 5
405 5
406 5
407 6
408 6
409 5
410 6
411 7
412 8
413 6
414 7
415 8
416 9
417 6
418 7
419 8
420 6
421 5
422 6
423 7
424 8
425 6
426 7
427 8
428 9
429 7
430 8
431 9
432 12
433 7
434 8
435 10
436 7
437 6
438 7
439 8
440 9
441 7
442 8
443 9
444 11
445 8
446 9
447 10
448 8
449 6
450 8
451 10
452 6
453 6
454 7
455 8
456 9
457 7
458 8
459 9
460 11
461 8
462 9
463 10
464 7
465 6
466 7
467 8
468 5
469 5
470 6
471 7
472 7
473 6
474 7
475 8
476 9
477 7
478 8
479 9
480 10
481 7
482 8
483 9
484 7
485 6
486 7
487 8
488 8
489 7
490 8
491 9
492 10
493 8
494 9
495 10
496 14
497 8
498 9
499 11
500 8
501 7
502 8
503 9
504 10
505 8
506 9
507 10
508 11
509 9
510 10
511 11
512 8
513 8
514 8
515 8
516 8
517 6
518 7
519 8
520 8
521 7
522 8
523 9
524 8
525 8
526 9
527 10
528 8
529 5
530 7
531 8
532 5
533 5
534 6
535 7
536 6
537 6
538 7
539 8
540 8
541 7
542 8
543 9
544 8
545 7
546 8
547 9
548 6
549 6
550 7
551 8
552 8
553 7
554 8
555 9
556 10
557 8
558 9
559 10
560 8
561 8
562 9
563 11
564 8
565 7
566 8
567 9
568 9
569 8
570 9
571 10
572 11
573 9
574 10
575 11
576 8
577 5
578 7
579 8
580 4
581 5
582 6
583 7
584 7
585 6
586 7
587 8
588 9
589 7
590 8
591 9
592 3
593 5
594 6
595 7
596 4
597 5
598 5
599 6
600 6
601 5
602 6
603 7
604 8
605 6
606 7
607 8
608 7
609 6
610 7
611 8
612 5
613 5
614 6
615 7
616 7
617 6
618 7
619 8
620 9
621 7
622 8
623 9
624 10
625 7
626 8
627 9
628 7
629 6
630 7
631 8
632 8
633 7
634 8
635 9
636 10
637 8
638 9
639 10
640 8
641 6
642 8
643 10
644 6
645 6
646 7
647 8
648 8
649 7
650 8
651 9
652 10
653 8
654 9
655 10
656 4
657 6
658 7
659 8
660 5
661 5
662 6
663 7
664 7
665 6
666 7
667 8
668 8
669 7
670 8
671 9
672 8
673 7
674 8
675 9
676 6
677 6
678 7
679 8
680 8
681 7
682 8
683 9
684 10
685 8
686 9
687 10
688 12
689 8
690 9
691 10
692 8
693 7
694 8
695 9
696 9
697 8
698 9
699 10
700 11
701 9
702 10
703 11
704 8
705 7
706 9
707 11
708 7
709 7
710 8
711 9
712 9
713 8
714 9
715 10
716 12
717 9
718 10
719 11
720 6
721 7
722 8
723 9
724 6
725 6
726 7
727 8
728 8
729 7
730 8
731 9
732 9
733 8
734 9
735 10
736 9
737 8
738 9
739 10
740 7
741 7
742 8
743 9
744 9
745 8
746 9
747 10
748 11
749 9
750 10
751 11
752 13
753 9
754 10
755 11
756 8
757 8
758 9
759 10
760 10
761 9
762 10
763 11
764 12
765 10
766 11
767 11
768 8
769 8
770 8
771 8
772 8
773 7
774 8
775 10
776 8
777 9
778 10
779 11
780 8
781 10
782 11
783 12
784 8
785 7
786 8
787 9
788 6
789 6
790 7
791 8
792 7
793 7
794 8
795 9
796 9
797 8
798 9
799 10
800 8
801 8
802 9
803 11
804 7
805 7
806 8
807 9
808 9
809 8
810 9
811 10
812 11
813 9
814 10
815 11
816 8
817 9
818 11
819 12
820 9
821 9
822 9
823 10
824 10
825 10
826 10
827 11
828 12
829 11
830 11
831 12
832 8
833 6
834 8
835 10
836 5
837 6
838 7
839 8
840 7
841 7
842 8
843 9
844 10
845 8
846 9
847 10
848 2
849 5
850 7
851 8
852 5
853 5
854 6
855 7
856 6
857 6
858 7
859 8
860 8
861 7
862 8
863 9
864 6
865 7
866 8
867 9
868 6
869 6
870 7
871 8
872 8
873 7
874 8
875 9
876 9
877 8
878 9
879 10
880 9
881 8
882 9
883 10
884 7
885 7
886 8
887 9
888 9
889 8
890 9
891 10
892 11
893 9
894 10
895 11
896 8
897 7
898 9
899 11
900 6
901 7
902 8
903 9
904 9
905 8
906 9
907 10
908 11
909 9
910 10
911 11
912 4
913 6
914 8
915 9
916 5
917 6
918 7
919 8
920 7
921 7
922 8
923 9
924 9
925 8
926 9
927 10
928 7
929 7
930 9
931 10
932 7
933 7
934 8
935 9
936 8
937 8
938 9
939 10
940 10
941 9
942 10
943 11
944 11
945 9
946 10
947 11
948 8
949 8
950 9
951 10
952 10
953 9
954 10
955 11
956 11
957 10
958 11
959 11
960 8
961 9
962 10
963 12
964 7
965 8
966 9
967 10
968 10
969 9
970 10
971 11
972 12
973 10
974 11
975 12
976 5
977 7
978 9
979 10
980 6
981 7
982 8
983 9
984 8
985 8
986 9
987 10
988 10
989 9
990 10
991 11
992 9
993 8
994 10
995 11
996 8
997 8
998 9
999 10
1000 9
1001 9
1002 10
1003 11
1004 11
1005 10
1006 11
1007 11
1008 12
1009 10
1010 11
1011 12
1012 9
1013 9
1014 10
1015 11
1016 11
1017 10
1018 11
1019 11
1020 12
1021 11
1022 11
1023 12
1024 8
1025 8
1026 8
1027 8
1028 8
1029 4
1030 5
1031 7
1032 8
1033 5
1034 7
1035 8
1036 8
1037 7
1038 8
1039 9
1040 8
1041 4
1042 5
1043 7
1044 4
1045 4
1046 5
1047 6
1048 6
1049 5
1050 6
1051 7
1052 8
1053 6
1054 7
1055 8
1056 8
1057 5
1058 7
1059 9
1060 5
1061 5
1062 6
1063 7
1064 7
1065 6
1066 7
1067 8
1068 9
1069 7
1070 8
1071 9
1072 8
1073 7
1074 8
1075 10
1076 7
1077 6
1078 7
1079 8
1080 9
1081 7
1082 8
1083 9
1084 11
1085 8
1086 9
1087 10
1088 8
1089 4
1090 6
1091 8
1092 4
1093 4
1094 5
1095 6
1096 6
1097 5
1098 6
1099 7
1100 9
1101 6
1102 7
1103 8
1104 4
1105 4
1106 5
1107 7
1108 4
1109 4
1110 5
1111 6
1112 5
1113 5
1114 6
1115 7
1116 7
1117 6
1118 7
1119 8
1120 7
1121 5
1122 6
1123 8
1124 5
1125 5
1126 6
1127 7
1128 7
1129 5
1130 6
1131 7
1132 8
1133 6
1134 7
1135 8
1136 10
1137 6
1138 7
1139 9
1140 6
1141 5
1142 6
1143 7
1144 8
1145 6
1146 7
1147 8
1148 10
1149 7
1150 8
1151 9
1152 8
1153 5
1154 7
1155 9
1156 5
1157 5
1158 6
1159 7
1160 8
1161 6
1162 7
1163 8
1164 10
1165 7
1166 8
1167 9
1168 6
1169 5
1170 6
1171 8
1172 5
1173 5
1174 5
1175 6
1176 6
1177 5
1178 6
1179 7
1180 8
1181 6
1182 7
1183 8
1184 9
1185 6
1186 7
1187 9
1188 6
1189 5
1190 6
1191 7
1192 8
1193 6
1194 7
1195 8
1196 9
1197 7
1198 8
1199 9
1200 12
1201 7
1202 8
1203 10
1204 7
1205 6
1206 7
1207 8
1208 9
1209 7
1210 8
1211 9
1212 11
1213 8
1214 9
1215 10
1216 8
1217 6
1218 8
1219 10
1220 7
1221 6
1222 7
1223 8
1224 9
1225 7
1226 8
1227 9
1228 12
1229 8
1230 9
1231 10
1232 7
1233 6
1234 7
1235 9
1236 6
1237 5
1238 6
1239 7
1240 7
1241 6
1242 7
1243 8
1244 9
1245 7
1246 8
1247 9
1248 10
1249 7
1250 8
1251 10
1252 7
1253 6
1254 7
1255 8
1256 9
1257 7
1258 8
1259 9
1260 10
1261 8
1262 9
1263 10
1264 13
1265 8
1266 9
1267 11
1268 8
1269 7
1270 8
1271 9
1272 10
1273 8
1274 9
1275 10
1276 12
1277 9
1278 10
1279 11
1280 8
1281 4
1282 6
1283 8
1284 4
1285 4
1286 5
1287 6
1288 7
1289 5
1290 6
1291 8
1292 10
1293 6
1294 8
1295 9
1296 4
1297 4
1298 5
1299 7
1300 4
1301 4
1302 5
1303 6
1304 6
1305 5
1306 6
1307 7
1308 8
1309 6
1310 7
1311 8
1312 8
1313 5
1314 7
1315 8
1316 5
1317 5
1318 6
1319 7
1320 7
1321 6
1322 7
1323 8
1324 9
1325 7
1326 8
1327 9
1328 12
1329 6
1330 8
1331 9
1332 7
1333 5
1334 7
1335 8
1336 9
1337 6
1338 8
1339 9
1340 11
1341 7
1342 9
1343 10
1344 4
1345 4
1346 6
1347 8
1348 4
1349 4
1350 5
1351 6
1352 6
1353 5
1354 6
1355 7
1356 9
1357 6
1358 7
1359 8
1360 4
1361 4
1362 5
1363 7
1364 4
1365 4
1366 5
1367 6
1368 5
1369 5
1370 6
1371 7
1372 7
1373 5
1374 7
1375 8
1376 7
1377 5
1378 6
1379 8
1380 5
1381 4
1382 5
1383 7
1384 7
1385 5
1386 6
1387 7
1388 8
1389 6
1390 7
1391 8
1392 10
1393 6
1394 7
1395 9
1396 6
1397 5
1398 6
1399 7
1400 8
1401 6
1402 7
1403 8
1404 10
1405 7
1406 8
1407 9
1408 9
1409 5
1410 7
1411 9
1412 5
1413 4
1414 6
1415 7
1416 7
1417 6
1418 7
1419 8
1420 10
1421 7
1422 8
1423 9
1424 5
1425 5
1426 6
1427 8
1428 5
1429 4
1430 5
1431 6
1432 6
1433 5
1434 6
1435 7
1436 8
1437 6
1438 7
1439 8
1440 8
1441 6
1442 7
1443 9
1444 6
1445 5
1446 6
1447 7
1448 8
1449 6
1450 7
1451 8
1452 9
1453 7
1454 8
1455 9
1456 11
1457 7
1458 8
1459 10
1460 7
1461 6
1462 7
1463 8
1464 9
1465 7
1466 8
1467 9
1468 11
1469 8
1470 9
1471 10
1472 15
1473 6
1474 8
1475 10
1476 6
1477 5
1478 7
1479 8
1480 9
1481 6
1482 8
1483 9
1484 11
1485 7
1486 9
1487 10
1488 7
1489 5
1490 7
1491 8
1492 5
1493 5
1494 6
1495 7
1496 7
1497 6
1498 7
1499 8
1500 9
1501 7
1502 8
1503 9
1504 10
1505 6
1506 8
1507 9
1508 7
1509 6
1510 7
1511 8
1512 8
1513 7
1514 8
1515 9
1516 10
1517 8
1518 9
1519 10
1520 13
1521 7
1522 9
1523 10
1524 8
1525 7
1526 8
1527 9
1528 10
1529 7
1530 8
1531 9
1532 11
1533 8
1534 9
1535 10
1536 8
1537 5
1538 7
1539 9
1540 5
1541 5
1542 6
1543 7
1544 8
1545 6
1546 7
1547 9
1548 11
1549 7
1550 8
1551 10
1552 5
1553 4
1554 6
1555 8
1556 4
1557 4
1558 5
1559 7
1560 6
1561 5
1562 6
1563 8
1564 8
1565 6
1566 7
1567 9
1568 9
1569 6
1570 7
1571 9
1572 6
1573 5
1574 6
1575 7
1576 8
1577 6
1578 7
1579 8
1580 10
1581 7
1582 8
1583 9
1584 13
1585 7
1586 9
1587 10
1588 7
1589 6
1590 7
1591 8
1592 9
1593 7
1594 8
1595 9
1596 11
1597 8
1598 9
1599 10
1600 5
1601 4
1602 6
1603 8
1604 4
1605 4
1606 6
1607 7
1608 7
1609 5
1610 7
1611 8
1612 9
1613 7
1614 8
1615 9
1616 4
1617 4
1618 6
1619 7
1620 4
1621 4
1622 5
1623 6
1624 6
1625 5
1626 6
1627 7
1628 8
1629 6
1630 7
1631 8
1632 7
1633 5
1634 7
1635 8
1636 5
1637 5
1638 6
1639 7
1640 7
1641 6
1642 7
1643 8
1644 9
1645 7
1646 8
1647 9
1648 10
1649 6
1650 8
1651 9
1652 7
1653 6
1654 7
1655 8
1656 8
1657 7
1658 8
1659 9
1660 10
1661 8
1662 9
1663 10
1664 11
1665 6
1666 8
1667 9
1668 6
1669 5
1670 6
1671 8
1672 8
1673 6
1674 7
1675 9
1676 10
1677 7
1678 9
1679 10
1680 6
1681 5
1682 7
1683 8
1684 5
1685 5
1686 6
1687 7
1688 7
1689 6
1690 7
1691 8
1692 8
1693 7
1694 8
1695 9
1696 9
1697 6
1698 8
1699 9
1700 6
1701 6
1702 7
1703 8
1704 8
1705 7
1706 8
1707 9
1708 10
1709 7
1710 8
1711 9
1712 12
1713 7
1714 9
1715 10
1716 8
1717 6
1718 7
1719 8
1720 9
1721 7
1722 8
1723 9
1724 11
1725 8
1726 9
1727 10
1728 15
1729 7
1730 9
1731 11
1732 7
1733 6
1734 7
1735 8
1736 9
1737 7
1738 8
1739 10
1740 12
1741 8
1742 9
1743 11
1744 8
1745 6
1746 7
1747 9
1748 6
1749 6
1750 7
1751 8
1752 8
1753 6
1754 7
1755 8
1756 9
1757 7
1758 8
1759 9
1760 11
1761 7
1762 8
1763 10
1764 7
1765 6
1766 7
1767 8
1768 9
1769 7
1770 8
1771 9
1772 11
1773 8
1774 9
1775 10
1776 14
1777 8
1778 9
1779 11
1780 8
1781 7
1782 8
1783 9
1784 10
1785 8
1786 9
1787 10
1788 12
1789 9
1790 10
1791 11
1792 8
1793 6
1794 8
1795 11
1796 6
1797 5
1798 7
1799 8
1800 9
1801 7
1802 8
1803 9
1804 12
1805 8
1806 9
1807 11
1808 6
1809 5
1810 7
1811 9
1812 5
1813 5
1814 6
1815 7
1816 7
1817 6
1818 7
1819 8
1820 9
1821 7
1822 8
1823 9
1824 9
1825 7
1826 8
1827 10
1828 6
1829 6
1830 7
1831 8
1832 8
1833 7
1834 8
1835 9
1836 10
1837 8
1838 9
1839 10
1840 13
1841 8
1842 9
1843 11
1844 8
1845 7
1846 8
1847 9
1848 10
1849 8
1850 9
1851 10
1852 12
1853 9
1854 10
1855 11
1856 7
1857 5
1858 7
1859 9
1860 5
1861 5
1862 6
1863 7
1864 7
1865 6
1866 7
1867 9
1868 10
1869 7
1870 8
1871 10
1872 5
1873 5
1874 6
1875 8
1876 5
1877 5
1878 6
1879 7
1880 6
1881 6
1882 7
1883 8
1884 8
1885 7
1886 8
1887 9
1888 8
1889 6
1890 7
1891 9
1892 6
1893 6
1894 7
1895 8
1896 8
1897 6
1898 7
1899 8
1900 9
1901 7
1902 8
1903 9
1904 11
1905 7
1906 8
1907 10
1908 7
1909 6
1910 7
1911 8
1912 9
1913 7
1914 8
1915 9
1916 11
1917 8
1918 9
1919 10
1920 12
1921 6
1922 8
1923 10
1924 6
1925 6
1926 7
1927 8
1928 9
1929 7
1930 8
1931 9
1932 11
1933 8
1934 9
1935 10
1936 6
1937 6
1938 7
1939 9
1940 5
1941 5
1942 6
1943 7
1944 7
1945 6
1946 7
1947 8
1948 9
1949 7
1950 8
1951 9
1952 9
1953 7
1954 8
1955 10
1956 7
1957 6
1958 7
1959 8
1960 8
1961 7
1962 8
1963 9
1964 10
1965 8
1966 9
1967 10
1968 12
1969 8
1970 9
1971 11
1972 8
1973 7
1974 8
1975 9
1976 10
1977 8
1978 9
1979 10
1980 11
1981 9
1982 10
1983 11
1984 15
1985 7
1986 9
1987 11
1988 7
1989 7
1990 8
1991 9
1992 10
1993 8
1994 9
1995 10
1996 12
1997 9
1998 10
1999 11
2000 8
2001 6
2002 8
2003 9
2004 6
2005 6
2006 7
2007 8
2008 8
2009 7
2010 8
2011 9
2012 10
2013 8
2014 9
2015 10
2016 11
2017 8
2018 9
2019 11
2020 8
2021 7
2022 8
2023 9
2024 9
2025 8
2026 9
2027 10
2028 11
2029 9
2030 10
2031 11
2032 14
2033 9
2034 10
2035 12
2036 9
2037 8
2038 9
2039 10
2040 11
2041 8
2042 10
2043 11
2044 12
2045 9
2046 10
2047 11
2048 8
2049 8
2050 8
2051 8
2052 8
2053 5
2054 7
2055 8
2056 8
2057 7
2058 8
2059 9
2060 8
2061 8
2062 9
2063 11
2064 8
2065 5
2066 7
2067 8
2068 4
2069 5
2070 6
2071 7
2072 6
2073 6
2074 7
2075 8
2076 8
2077 7
2078 8
2079 9
2080 8
2081 6
2082 8
2083 10
2084 6
2085 6
2086 7
2087 8
2088 8
2089 7
2090 8
2091 9
2092 10
2093 8
2094 9
2095 10
2096 8
2097 8
2098 9
2099 11
2100 8
2101 7
2102 8
2103 9
2104 10
2105 8
2106 9
2107 10
2108 12
2109 9
2110 10
2111 11
2112 8
2113 5
2114 7
2115 9
2116 4
2117 5
2118 6
2119 7
2120 7
2121 6
2122 7
2123 8
2124 9
2125 7
2126 8
2127 9
2128 3
2129 4
2130 6
2131 7
2132 4
2133 4
2134 5
2135 6
2136 6
2137 5
2138 6
2139 7
2140 7
2141 6
2142 7
2143 8
2144 6
2145 6
2146 7
2147 8
2148 5
2149 5
2150 6
2151 7
2152 7
2153 6
2154 7
2155 8
2156 9
2157 7
2158 8
2159 9
2160 9
2161 7
2162 8
2163 10
2164 7
2165 6
2166 7
2167 8
2168 8
2169 7
2170 8
2171 9
2172 10
2173 8
2174 9
2175 10
2176 8
2177 6
2178 8
2179 10
2180 5
2181 6
2182 7
2183 8
2184 8
2185 7
2186 8
2187 9
2188 10
2189 8
2190 9
2191 10
2192 5
2193 5
2194 7
2195 8
2196 5
2197 5
2198 6
2199 7
2200 7
2201 6
2202 7
2203 8
2204 8
2205 7
2206 8
2207 9
2208 8
2209 6
2210 8
2211 9
2212 6
2213 6
2214 7
2215 8
2216 8
2217 7
2218 8
2219 9
2220 10
2221 8
2222 9
2223 10
2224 11
2225 8
2226 9
2227 11
2228 8
2229 7
2230 8
2231 9
2232 9
2233 8
2234 9
2235 10
2236 11
2237 9
2238 10
2239 11
2240 8
2241 7
2242 9
2243 11
2244 7
2245 7
2246 8
2247 9
2248 9
2249 8
2250 9
2251 10
2252 12
2253 9
2254 10
2255 11
2256 7
2257 6
2258 8
2259 9
2260 6
2261 6
2262 7
2263 8
2264 8
2265 7
2266 8
2267 9
2268 9
2269 8
2270 9
2271 10
2272 10
2273 7
2274 9
2275 10
2276 7
2277 7
2278 8
2279 9
2280 9
2281 8
2282 9
2283 10
2284 11
2285 9
2286 10
2287 11
2288 13
2289 9
2290 10
2291 12
2292 9
2293 8
2294 9
2295 10
2296 10
2297 9
2298 10
2299 11
2300 12
2301 10
2302 11
2303 12
2304 8
2305 5
2306 7
2307 9
2308 4
2309 4
2310 6
2311 7
2312 7
2313 6
2314 7
2315 8
2316 10
2317 7
2318 8
2319 10
2320 3
2321 4
2322 6
2323 8
2324 4
2325 4
2326 5
2327 6
2328 6
2329 5
2330 6
2331 7
2332 8
2333 6
2334 7
2335 8
2336 7
2337 6
2338 7
2339 9
2340 5
2341 5
2342 6
2343 7
2344 7
2345 6
2346 7
2347 8
2348 9
2349 7
2350 8
2351 9
2352 11
2353 7
2354 8
2355 10
2356 7
2357 6
2358 7
2359 8
2360 9
2361 7
2362 8
2363 9
2364 11
2365 8
2366 9
2367 10
2368 1
2369 4
2370 6
2371 8
2372 4
2373 4
2374 5
2375 7
2376 6
2377 5
2378 7
2379 8
2380 9
2381 6
2382 8
2383 9
2384 3
2385 4
2386 6
2387 7
2388 4
2389 4
2390 5
2391 6
2392 5
2393 5
2394 6
2395 7
2396 7
2397 6
2398 7
2399 8
2400 6
2401 5
2402 7
2403 8
2404 5
2405 5
2406 6
2407 7
2408 7
2409 6
2410 7
2411 8
2412 8
2413 7
2414 8
2415 9
2416 9
2417 6
2418 8
2419 9
2420 6
2421 6
2422 7
2423 8
2424 8
2425 7
2426 8
2427 9
2428 10
2429 7
2430 8
2431 9
2432 7
2433 5
2434 7
2435 9
2436 5
2437 5
2438 6
2439 7
2440 7
2441 6
2442 7
2443 9
2444 10
2445 7
2446 8
2447 10
2448 5
2449 5
2450 6
2451 8
2452 5
2453 5
2454 6
2455 7
2456 6
2457 6
2458 7
2459 8
2460 8
2461 7
2462 8
2463 9
2464 8
2465 6
2466 7
2467 9
2468 6
2469 6
2470 7
2471 8
2472 8
2473 6
2474 7
2475 8
2476 9
2477 7
2478 8
2479 9
2480 11
2481 7
2482 8
2483 10
2484 7
2485 6
2486 7
2487 8
2488 9
2489 7
2490 8
2491 9
2492 11
2493 8
2494 9
2495 10
2496 12
2497 6
2498 8
2499 10
2500 6
2501 6
2502 7
2503 8
2504 9
2505 7
2506 8
2507 9
2508 11
2509 8
2510 9
2511 10
2512 6
2513 6
2514 7
2515 9
2516 5
2517 5
2518 6
2519 7
2520 7
2521 6
2522 7
2523 8
2524 9
2525 7
2526 8
2527 9
2528 9
2529 7
2530 8
2531 10
2532 7
2533 6
2534 7
2535 8
2536 8
2537 7
2538 8
2539 9
2540 10
2541 8
2542 9
2543 10
2544 12
2545 8
2546 9
2547 11
2548 8
2549 7
2550 8
2551 9
2552 10
2553 8
2554 9
2555 10
2556 11
2557 9
2558 10
2559 11
2560 8
2561 6
2562 8
2563 10
2564 5
2565 5
2566 7
2567 8
2568 8
2569 7
2570 8
2571 9
2572 11
2573 8
2574 9
2575 11
2576 4
2577 5
2578 7
2579 8
2580 5
2581 5
2582 6
2583 7
2584 6
2585 6
2586 7
2587 8
2588 8
2589 7
2590 8
2591 9
2592 8
2593 6
2594 8
2595 10
2596 6
2597 6
2598 7
2599 8
2600 8
2601 7
2602 8
2603 9
2604 10
2605 8
2606 9
2607 10
2608 12
2609 8
2610 9
2611 11
2612 8
2613 7
2614 8
2615 9
2616 9
2617 8
2618 9
2619 10
2620 11
2621 9
2622 10
2623 11
2624 2
2625 5
2626 7
2627 9
2628 4
2629 5
2630 6
2631 7
2632 7
2633 6
2634 7
2635 8
2636 9
2637 7
2638 8
2639 10
2640 3
2641 5
2642 6
2643 8
2644 4
2645 5
2646 6
2647 7
2648 6
2649 6
2650 7
2651 8
2652 8
2653 6
2654 7
2655 8
2656 6
2657 6
2658 7
2659 9
2660 5
2661 5
2662 6
2663 7
2664 7
2665 6
2666 7
2667 8
2668 9
2669 7
2670 8
2671 9
2672 9
2673 7
2674 8
2675 10
2676 7
2677 6
2678 7
2679 8
2680 8
2681 7
2682 8
2683 9
2684 10
2685 8
2686 9
2687 10
2688 8
2689 6
2690 8
2691 10
2692 6
2693 6
2694 7
2695 8
2696 8
2697 7
2698 8
2699 9
2700 10
2701 8
2702 9
2703 10
2704 5
2705 5
2706 7
2707 8
2708 5
2709 5
2710 6
2711 7
2712 7
2713 6
2714 7
2715 8
2716 8
2717 7
2718 8
2719 9
2720 8
2721 6
2722 8
2723 9
2724 6
2725 6
2726 7
2727 8
2728 8
2729 7
2730 8
2731 9
2732 10
2733 8
2734 9
2735 10
2736 11
2737 8
2738 9
2739 11
2740 8
2741 7
2742 8
2743 9
2744 9
2745 8
2746 9
2747 10
2748 11
2749 9
2750 10
2751 11
2752 14
2753 7
2754 9
2755 11
2756 7
2757 6
2758 8
2759 9
2760 9
2761 8
2762 9
2763 10
2764 12
2765 9
2766 10
2767 11
2768 7
2769 6
2770 8
2771 9
2772 6
2773 6
2774 7
2775 8
2776 8
2777 7
2778 8
2779 9
2780 9
2781 8
2782 9
2783 10
2784 10
2785 7
2786 9
2787 10
2788 7
2789 7
2790 8
2791 9
2792 9
2793 8
2794 9
2795 10
2796 11
2797 8
2798 10
2799 11
2800 13
2801 8
2802 10
2803 11
2804 8
2805 7
2806 8
2807 10
2808 10
2809 8
2810 9
2811 10
2812 12
2813 9
2814 10
2815 11
2816 8
2817 7
2818 9
2819 11
2820 6
2821 6
2822 8
2823 9
2824 9
2825 7
2826 9
2827 10
2828 12
2829 9
2830 10
2831 11
2832 5
2833 6
2834 8
2835 9
2836 5
2837 6
2838 7
2839 8
2840 7
2841 7
2842 8
2843 9
2844 9
2845 8
2846 9
2847 10
2848 9
2849 7
2850 9
2851 10
2852 7
2853 7
2854 8
2855 9
2856 9
2857 8
2858 9
2859 10
2860 11
2861 9
2862 10
2863 11
2864 13
2865 8
2866 10
2867 12
2868 8
2869 7
2870 9
2871 10
2872 10
2873 8
2874 10
2875 11
2876 12
2877 9
2878 11
2879 12
2880 4
2881 6
2882 8
2883 10
2884 5
2885 5
2886 7
2887 8
2888 7
2889 7
2890 8
2891 9
2892 10
2893 8
2894 9
2895 10
2896 4
2897 5
2898 7
2899 8
2900 5
2901 5
2902 6
2903 7
2904 6
2905 6
2906 7
2907 8
2908 8
2909 7
2910 8
2911 9
2912 7
2913 6
2914 8
2915 9
2916 6
2917 6
2918 7
2919 8
2920 8
2921 7
2922 8
2923 9
2924 9
2925 8
2926 9
2927 10
2928 10
2929 7
2930 9
2931 10
2932 7
2933 7
2934 8
2935 9
2936 9
2937 8
2938 9
2939 10
2940 11
2941 8
2942 10
2943 11
2944 9
2945 7
2946 9
2947 11
2948 6
2949 6
2950 8
2951 9
2952 9
2953 7
2954 9
2955 10
2956 11
2957 8
2958 10
2959 11
2960 5
2961 6
2962 8
2963 9
2964 5
2965 6
2966 7
2967 8
2968 7
2969 7
2970 8
2971 9
2972 9
2973 8
2974 9
2975 10
2976 8
2977 7
2978 9
2979 10
2980 7
2981 7
2982 8
2983 9
2984 8
2985 7
2986 8
2987 10
2988 10
2989 8
2990 9
2991 10
2992 11
2993 8
2994 10
2995 11
2996 8
2997 7
2998 8
2999 9
3000 10
3001 8
3002 9
3003 10
3004 11
3005 9
3006 10
3007 11
3008 15
3009 8
3010 10
3011 12
3012 7
3013 7
3014 8
3015 10
3016 10
3017 8
3018 9
3019 11
3020 12
3021 9
3022 10
3023 12
3024 7
3025 7
3026 8
3027 10
3028 6
3029 6
3030 7
3031 8
3032 8
3033 7
3034 8
3035 9
3036 10
3037 8
3038 9
3039 10
3040 10
3041 8
3042 9
3043 11
3044 8
3045 7
3046 8
3047 9
3048 9
3049 8
3050 9
3051 10
3052 11
3053 9
3054 10
3055 11
3056 13
3057 9
3058 10
3059 12
3060 9
3061 8
3062 9
3063 10
3064 11
3065 9
3066 10
3067 11
3068 12
3069 10
3070 11
3071 12
3072 8
3073 8
3074 8
3075 8
3076 8
3077 7
3078 8
3079 9
3080 8
3081 8
3082 9
3083 11
3084 8
3085 9
3086 11
3087 12
3088 8
3089 6
3090 8
3091 9
3092 5
3093 6
3094 7
3095 8
3096 7
3097 7
3098 8
3099 9
3100 9
3101 8
3102 9
3103 10
3104 8
3105 7
3106 9
3107 11
3108 7
3109 7
3110 8
3111 9
3112 9
3113 8
3114 9
3115 10
3116 11
3117 9
3118 10
3119 11
3120 8
3121 9
3122 11
3123 12
3124 8
3125 8
3126 9
3127 10
3128 10
3129 9
3130 10
3131 11
3132 12
3133 10
3134 11
3135 12
3136 8
3137 5
3138 8
3139 10
3140 4
3141 5
3142 7
3143 8
3144 7
3145 7
3146 8
3147 9
3148 9
3149 8
3150 9
3151 10
3152 2
3153 5
3154 6
3155 8
3156 4
3157 5
3158 6
3159 7
3160 6
3161 6
3162 7
3163 8
3164 8
3165 7
3166 8
3167 9
3168 6
3169 6
3170 8
3171 9
3172 6
3173 6
3174 7
3175 8
3176 7
3177 7
3178 8
3179 9
3180 9
3181 8
3182 9
3183 10
3184 9
3185 7
3186 9
3187 10
3188 7
3189 7
3190 8
3191 9
3192 9
3193 8
3194 9
3195 10
3196 10
3197 9
3198 10
3199 11
3200 8
3201 7
3202 9
3203 11
3204 6
3205 6
3206 8
3207 9
3208 8
3209 8
3210 9
3211 10
3212 11
3213 9
3214 10
3215 11
3216 4
3217 6
3218 7
3219 9
3220 5
3221 6
3222 7
3223 8
3224 7
3225 7
3226 8
3227 9
3228 9
3229 8
3230 9
3231 10
3232 7
3233 7
3234 9
3235 10
3236 7
3237 7
3238 8
3239 9
3240 8
3241 8
3242 9
3243 10
3244 10
3245 9
3246 10
3247 11
3248 10
3249 8
3250 10
3251 11
3252 8
3253 8
3254 9
3255 10
3256 10
3257 9
3258 10
3259 11
3260 11
3261 9
3262 10
3263 11
3264 8
3265 8
3266 10
3267 12
3268 7
3269 7
3270 9
3271 10
3272 10
3273 9
3274 10
3275 11
3276 12
3277 10
3278 11
3279 12
3280 6
3281 7
3282 8
3283 10
3284 6
3285 7
3286 8
3287 9
3288 8
3289 8
3290 9
3291 10
3292 10
3293 9
3294 10
3295 11
3296 9
3297 8
3298 10
3299 11
3300 7
3301 8
3302 9
3303 10
3304 9
3305 8
3306 9
3307 10
3308 11
3309 9
3310 10
3311 11
3312 12
3313 9
3314 11
3315 12
3316 9
3317 8
3318 9
3319 10
3320 11
3321 9
3322 10
3323 11
3324 12
3325 10
3326 11
3327 12
3328 8
3329 5
3330 8
3331 10
3332 4
3333 5
3334 7
3335 8
3336 7
3337 6
3338 8
3339 9
3340 10
3341 8
3342 9
3343 10
3344 2
3345 5
3346 7
3347 8
3348 4
3349 5
3350 6
3351 7
3352 6
3353 6
3354 7
3355 8
3356 8
3357 7
3358 8
3359 9
3360 6
3361 6
3362 8
3363 9
3364 6
3365 6
3366 7
3367 8
3368 8
3369 7
3370 8
3371 9
3372 9
3373 8
3374 9
3375 10
3376 10
3377 7
3378 9
3379 11
3380 7
3381 7
3382 8
3383 9
3384 9
3385 8
3386 9
3387 10
3388 11
3389 9
3390 10
3391 11
3392 0
3393 5
3394 7
3395 9
3396 4
3397 5
3398 6
3399 7
3400 6
3401 6
3402 7
3403 8
3404 9
3405 7
3406 8
3407 9
3408 2
3409 4
3410 6
3411 7
3412 4
3413 5
3414 6
3415 7
3416 5
3417 5
3418 6
3419 7
3420 7
3421 6
3422 7
3423 8
3424 5
3425 5
3426 7
3427 8
3428 5
3429 5
3430 6
3431 7
3432 7
3433 6
3434 7
3435 8
3436 8
3437 7
3438 8
3439 9
3440 8
3441 6
3442 8
3443 9
3444 6
3445 6
3446 7
3447 8
3448 8
3449 7
3450 8
3451 9
3452 10
3453 8
3454 9
3455 10
3456 4
3457 6
3458 8
3459 10
3460 5
3461 5
3462 7
3463 8
3464 7
3465 7
3466 8
3467 9
3468 10
3469 8
3470 9
3471 10
3472 4
3473 5
3474 7
3475 8
3476 5
3477 5
3478 6
3479 7
3480 6
3481 6
3482 7
3483 8
3484 8
3485 7
3486 8
3487 9
3488 7
3489 6
3490 8
3491 9
3492 6
3493 6
3494 7
3495 8
3496 8
3497 7
3498 8
3499 9
3500 9
3501 8
3502 9
3503 10
3504 10
3505 7
3506 9
3507 10
3508 7
3509 7
3510 8
3511 9
3512 9
3513 8
3514 9
3515 10
3516 11
3517 8
3518 10
3519 11
3520 9
3521 7
3522 9
3523 11
3524 6
3525 6
3526 8
3527 9
3528 9
3529 7
3530 9
3531 10
3532 11
3533 8
3534 10
3535 11
3536 5
3537 6
3538 8
3539 9
3540 5
3541 6
3542 7
3543 8
3544 7
3545 7
3546 8
3547 9
3548 9
3549 8
3550 9
3551 10
3552 8
3553 7
3554 9
3555 10
3556 7
3557 7
3558 8
3559 9
3560 8
3561 7
3562 8
3563 10
3564 10
3565 8
3566 9
3567 10
3568 11
3569 8
3570 10
3571 11
3572 8
3573 7
3574 8
3575 9
3576 10
3577 8
3578 9
3579 10
3580 11
3581 9
3582 10
3583 11
3584 8
3585 6
3586 9
3587 11
3588 5
3589 6
3590 7
3591 9
3592 8
3593 7
3594 9
3595 10
3596 11
3597 9
3598 10
3599 11
3600 3
3601 6
3602 7
3603 9
3604 5
3605 6
3606 7
3607 8
3608 7
3609 7
3610 8
3611 9
3612 9
3613 8
3614 9
3615 10
3616 7
3617 7
3618 9
3619 10
3620 6
3621 6
3622 8
3623 9
3624 8
3625 7
3626 9
3627 10
3628 10
3629 8
3630 10
3631 11
3632 11
3633 8
3634 10
3635 11
3636 8
3637 7
3638 8
3639 10
3640 10
3641 8
3642 9
3643 11
3644 12
3645 9
3646 10
3647 12
3648 0
3649 5
3650 7
3651 9
3652 4
3653 5
3654 7
3655 8
3656 7
3657 6
3658 8
3659 9
3660 9
3661 8
3662 9
3663 10
3664 2
3665 5
3666 6
3667 8
3668 4
3669 5
3670 6
3671 7
3672 6
3673 6
3674 7
3675 8
3676 8
3677 7
3678 8
3679 9
3680 5
3681 6
3682 8
3683 9
3684 5
3685 6
3686 7
3687 8
3688 7
3689 7
3690 8
3691 9
3692 9
3693 8
3694 9
3695 10
3696 8
3697 7
3698 9
3699 10
3700 7
3701 7
3702 8
3703 9
3704 8
3705 7
3706 8
3707 10
3708 10
3709 8
3710 9
3711 10
3712 5
3713 6
3714 8
3715 10
3716 6
3717 6
3718 7
3719 9
3720 8
3721 7
3722 8
3723 10
3724 10
3725 8
3726 10
3727 11
3728 4
3729 6
3730 7
3731 9
3732 5
3733 6
3734 7
3735 8
3736 7
3737 7
3738 8
3739 9
3740 8
3741 7
3742 8
3743 10
3744 7
3745 7
3746 8
3747 10
3748 6
3749 6
3750 7
3751 8
3752 8
3753 7
3754 8
3755 9
3756 10
3757 8
3758 9
3759 10
3760 10
3761 8
3762 9
3763 11
3764 8
3765 7
3766 8
3767 9
3768 9
3769 8
3770 9
3771 10
3772 11
3773 9
3774 10
3775 11
3776 11
3777 8
3778 9
3779 11
3780 7
3781 7
3782 8
3783 9
3784 9
3785 8
3786 9
3787 10
3788 12
3789 9
3790 10
3791 12
3792 6
3793 7
3794 8
3795 10
3796 6
3797 6
3798 7
3799 8
3800 8
3801 7
3802 8
3803 9
3804 9
3805 8
3806 9
3807 10
3808 9
3809 8
3810 9
3811 11
3812 7
3813 7
3814 8
3815 9
3816 9
3817 8
3818 9
3819 10
3820 11
3821 9
3822 10
3823 11
3824 12
3825 9
3826 10
3827 12
3828 8
3829 8
3830 9
3831 10
3832 10
3833 9
3834 10
3835 11
3836 12
3837 10
3838 11
3839 12
3840 8
3841 8
3842 10
3843 12
3844 6
3845 7
3846 8
3847 10
3848 9
3849 8
3850 10
3851 11
3852 12
3853 9
3854 11
3855 12
3856 4
3857 6
3858 8
3859 10
3860 5
3861 6
3862 7
3863 8
3864 7
3865 7
3866 8
3867 9
3868 9
3869 8
3870 9
3871 10
3872 8
3873 8
3874 9
3875 11
3876 7
3877 7
3878 8
3879 9
3880 9
3881 8
3882 9
3883 10
3884 11
3885 9
3886 10
3887 11
3888 12
3889 9
3890 11
3891 12
3892 8
3893 8
3894 9
3895 10
3896 10
3897 9
3898 10
3899 11
3900 12
3901 10
3902 11
3903 12
3904 1
3905 6
3906 8
3907 10
3908 5
3909 6
3910 7
3911 8
3912 7
3913 7
3914 8
3915 10
3916 10
3917 8
3918 9
3919 11
3920 3
3921 6
3922 7
3923 9
3924 5
3925 6
3926 7
3927 8
3928 6
3929 6
3930 7
3931 8
3932 8
3933 7
3934 8
3935 9
3936 6
3937 7
3938 8
3939 10
3940 6
3941 6
3942 7
3943 8
3944 8
3945 7
3946 8
3947 9
3948 9
3949 8
3950 9
3951 10
3952 9
3953 8
3954 9
3955 11
3956 7
3957 7
3958 8
3959 9
3960 9
3961 8
3962 9
3963 10
3964 11
3965 9
3966 10
3967 11
3968 7
3969 7
3970 9
3971 11
3972 6
3973 7
3974 8
3975 9
3976 9
3977 8
3978 9
3979 10
3980 11
3981 9
3982 10
3983 11
3984 5
3985 6
3986 8
3987 9
3988 5
3989 6
3990 7
3991 8
3992 7
3993 7
3994 8
3995 9
3996 9
3997 8
3998 9
3999 10
4000 8
4001 7
4002 9
4003 10
4004 7
4005 7
4006 8
4007 9
4008 8
4009 8
4010 9
4011 10
4012 10
4013 9
4014 10
4015 11
4016 11
4017 8
4018 10
4019 11
4020 8
4021 8
4022 9
4023 10
4024 10
4025 9
4026 10
4027 11
4028 11
4029 10
4030 11
4031 12
4032 12
4033 8
4034 10
4035 12
4036 7
4037 8
4038 9
4039 10
4040 10
4041 9
4042 10
4043 11
4044 12
4045 10
4046 11
4047 12
4048 6
4049 7
4050 9
4051 10
4052 6
4053 7
4054 8
4055 9
4056 8
4057 8
4058 9
4059 10
4060 10
4061 9
4062 10
4063 11
4064 9
4065 8
4066 10
4067 11
4068 8
4069 8
4070 9
4071 10
4072 9
4073 9
4074 10
4075 11
4076 11
4077 9
4078 10
4079 11
4080 12
4081 9
4082 11
4083 12
4084 9
4085 8
4086 9
4087 10
4088 11
4089 9
4090 10
4091 11
4092 12
4093 10
4094 11
4095 12
