#CSC Slope LUT
#Structure is comparator code (iCC) -> Stub slope
#iCC bits: 12
#<header> v1.0 12 32 </header>
0 0
1 0
2 0
3 0
4 0
5 0
6 0
7 0
8 0
9 0
10 0
11 0
12 0
13 0
14 0
15 0
16 0
17 0
18 0
19 0
20 0
21 1
22 0.5
23 2.5222e-12
24 0
25 1
26 0.5
27 2.56195e-12
28 0
29 1
30 0.5
31 -6.82188e-12
32 0
33 0
34 0
35 0
36 0
37 1.5
38 1
39 0.5
40 0
41 1.5
42 1
43 0.5
44 0
45 1.5
46 1
47 0.5
48 0
49 0
50 0
51 0
52 0
53 2
54 1.5
55 1
56 0
57 2
58 1.5
59 1
60 0
61 2
62 1.5
63 1
64 0
65 0
66 0
67 0
68 0
69 0.642857
70 0.357143
71 0.0714286
72 0
73 0.571429
74 0.285714
75 7.08211e-13
76 0
77 0.5
78 0.214286
79 -0.0714286
80 0
81 0.714286
82 0.357143
83 -1.33116e-13
84 0.5
85 0.7
86 0.4
87 0.1
88 0
89 0.6
90 0.3
91 -3.27738e-13
92 -0.5
93 0.5
94 0.2
95 -0.1
96 0
97 0.785714
98 0.428571
99 0.0714286
100 0.5
101 0.8
102 0.5
103 0.2
104 0
105 0.7
106 0.4
107 0.1
108 -0.5
109 0.6
110 0.3
111 -1.19238e-13
112 0
113 0.857143
114 0.5
115 0.142857
116 0.5
117 0.9
118 0.6
119 0.3
120 -4.15684e-13
121 0.8
122 0.5
123 0.2
124 -0.5
125 0.7
126 0.4
127 0.1
128 0
129 0
130 0
131 0
132 0
133 1
134 0.714286
135 0.428571
136 0
137 0.928571
138 0.642857
139 0.357143
140 0
141 0.857143
142 0.571429
143 0.285714
144 0
145 0.999998
146 0.642852
147 0.285714
148 1
149 1
150 0.7
151 0.4
152 0.5
153 0.9
154 0.6
155 0.3
156 0
157 0.8
158 0.5
159 0.2
160 0
161 1.07143
162 0.714282
163 0.357143
164 1
165 1.1
166 0.8
167 0.5
168 0.5
169 1
170 0.7
171 0.4
172 -3.95833e-13
173 0.9
174 0.6
175 0.3
176 0
177 1.14286
178 0.785711
179 0.428571
180 1
181 1.2
182 0.9
183 0.6
184 0.5
185 1.1
186 0.8
187 0.5
188 0
189 1
190 0.7
191 0.4
192 0
193 0
194 0
195 0
196 0
197 1.35714
198 1.07143
199 0.785714
200 0
201 1.28571
202 1
203 0.714286
204 0
205 1.21429
206 0.928571
207 0.642857
208 0
209 1.28571
210 0.928571
211 0.571429
212 1.5
213 1.3
214 1
215 0.7
216 1
217 1.2
218 0.9
219 0.6
220 0.5
221 1.1
222 0.8
223 0.5
224 0
225 1.35714
226 1
227 0.642857
228 1.5
229 1.4
230 1.1
231 0.8
232 1
233 1.3
234 1
235 0.7
236 0.5
237 1.2
238 0.9
239 0.6
240 0
241 1.42857
242 1.07143
243 0.714286
244 1.5
245 1.5
246 1.2
247 0.9
248 1
249 1.4
250 1.1
251 0.8
252 0.5
253 1.3
254 1
255 0.7
256 0
257 0
258 0
259 0
260 0
261 0.730769
262 0.538461
263 0.346154
264 0
265 0.653846
266 0.461538
267 0.269227
268 0
269 0.576923
270 0.384615
271 0.192308
272 0
273 0.75
274 0.5
275 0.25
276 0.642857
277 0.742857
278 0.542857
279 0.342857
280 0.357143
281 0.657143
282 0.457143
283 0.257142
284 0.0714286
285 0.571429
286 0.371429
287 0.171423
288 0
289 0.75
290 0.5
291 0.25
292 0.571429
293 0.771428
294 0.571429
295 0.371429
296 0.285714
297 0.685714
298 0.485714
299 0.285713
300 3.4861e-14
301 0.6
302 0.4
303 0.199995
304 0
305 0.75
306 0.5
307 0.25
308 0.5
309 0.8
310 0.6
311 0.4
312 0.214286
313 0.714286
314 0.514286
315 0.314285
316 -0.0714286
317 0.628571
318 0.428571
319 0.228567
320 0
321 0.730769
322 0.461538
323 0.192308
324 0.642857
325 0.7
326 0.5
327 0.3
328 0.285714
329 0.6
330 0.4
331 0.2
332 -0.0714286
333 0.5
334 0.3
335 0.1
336 0.5
337 0.714286
338 0.457143
339 0.2
340 0.6
341 0.7
342 0.5
343 0.3
344 0.3
345 0.6
346 0.4
347 0.2
348 5.11147e-13
349 0.5
350 0.3
351 0.1
352 4.25704e-12
353 0.685714
354 0.428571
355 0.171429
356 0.5
357 0.7
358 0.5
359 0.3
360 0.2
361 0.6
362 0.4
363 0.2
364 -0.1
365 0.5
366 0.3
367 0.1
368 -0.5
369 0.657143
370 0.4
371 0.142857
372 0.4
373 0.7
374 0.5
375 0.3
376 0.1
377 0.6
378 0.4
379 0.2
380 -0.2
381 0.5
382 0.3
383 0.1
384 0
385 0.807692
386 0.538462
387 0.269231
388 0.714286
389 0.8
390 0.6
391 0.4
392 0.357143
393 0.7
394 0.5
395 0.3
396 1.75415e-13
397 0.6
398 0.4
399 0.2
400 0.5
401 0.8
402 0.542857
403 0.285714
404 0.7
405 0.8
406 0.6
407 0.4
408 0.4
409 0.7
410 0.5
411 0.3
412 0.1
413 0.6
414 0.4
415 0.2
416 1.78479e-12
417 0.771429
418 0.514286
419 0.257143
420 0.6
421 0.8
422 0.6
423 0.4
424 0.3
425 0.7
426 0.5
427 0.3
428 -2.01172e-13
429 0.6
430 0.4
431 0.2
432 -0.5
433 0.742857
434 0.485714
435 0.228571
436 0.5
437 0.8
438 0.6
439 0.4
440 0.2
441 0.7
442 0.5
443 0.3
444 -0.1
445 0.6
446 0.4
447 0.2
448 0
449 0.884615
450 0.615385
451 0.346154
452 0.785714
453 0.9
454 0.7
455 0.5
456 0.428571
457 0.8
458 0.6
459 0.4
460 0.0714286
461 0.7
462 0.5
463 0.3
464 0.5
465 0.885714
466 0.628571
467 0.371429
468 0.8
469 0.9
470 0.7
471 0.5
472 0.5
473 0.8
474 0.6
475 0.4
476 0.2
477 0.7
478 0.5
479 0.3
480 4.5457e-12
481 0.857143
482 0.6
483 0.342857
484 0.7
485 0.9
486 0.7
487 0.5
488 0.4
489 0.8
490 0.6
491 0.4
492 0.1
493 0.7
494 0.5
495 0.3
496 -0.5
497 0.828571
498 0.571429
499 0.314286
500 0.6
501 0.9
502 0.7
503 0.5
504 0.3
505 0.8
506 0.6
507 0.4
508 8.63754e-14
509 0.7
510 0.5
511 0.3
512 0
513 0
514 0
515 0
516 0
517 1
518 0.807692
519 0.615385
520 0
521 0.923077
522 0.730769
523 0.538462
524 0
525 0.846154
526 0.653846
527 0.461538
528 0
529 1
530 0.75
531 0.5
532 1
533 1
534 0.8
535 0.6
536 0.714286
537 0.914286
538 0.714286
539 0.514286
540 0.428571
541 0.828571
542 0.628571
543 0.428571
544 0
545 1
546 0.75
547 0.5
548 0.928571
549 1.02857
550 0.828571
551 0.628571
552 0.642857
553 0.942857
554 0.742857
555 0.542857
556 0.357143
557 0.857143
558 0.657143
559 0.457143
560 0
561 1
562 0.75
563 0.5
564 0.857143
565 1.05714
566 0.857143
567 0.657143
568 0.571429
569 0.971429
570 0.771428
571 0.571429
572 0.285714
573 0.885714
574 0.685714
575 0.485714
576 0
577 0.923077
578 0.653846
579 0.384615
580 0.928571
581 0.9
582 0.7
583 0.5
584 0.571429
585 0.8
586 0.6
587 0.4
588 0.214286
589 0.7
590 0.5
591 0.3
592 1
593 0.914286
594 0.657143
595 0.4
596 0.9
597 0.9
598 0.7
599 0.5
600 0.6
601 0.8
602 0.6
603 0.4
604 0.3
605 0.7
606 0.5
607 0.3
608 0.5
609 0.885714
610 0.628571
611 0.371429
612 0.8
613 0.9
614 0.7
615 0.5
616 0.5
617 0.8
618 0.6
619 0.4
620 0.2
621 0.7
622 0.5
623 0.3
624 3.57026e-12
625 0.857143
626 0.6
627 0.342857
628 0.7
629 0.9
630 0.7
631 0.5
632 0.4
633 0.8
634 0.6
635 0.4
636 0.1
637 0.7
638 0.5
639 0.3
640 0
641 1
642 0.730769
643 0.461538
644 1
645 1
646 0.8
647 0.6
648 0.642857
649 0.9
650 0.7
651 0.5
652 0.285714
653 0.8
654 0.6
655 0.4
656 1
657 1
658 0.742857
659 0.485714
660 1
661 1
662 0.8
663 0.6
664 0.7
665 0.9
666 0.7
667 0.5
668 0.4
669 0.8
670 0.6
671 0.4
672 0.5
673 0.971429
674 0.714286
675 0.457143
676 0.9
677 1
678 0.8
679 0.6
680 0.6
681 0.9
682 0.7
683 0.5
684 0.3
685 0.8
686 0.6
687 0.4
688 -4.22773e-13
689 0.942857
690 0.685714
691 0.428571
692 0.8
693 1
694 0.8
695 0.6
696 0.5
697 0.9
698 0.7
699 0.5
700 0.2
701 0.8
702 0.6
703 0.4
704 0
705 1.07692
706 0.807692
707 0.538462
708 1.07143
709 1.1
710 0.9
711 0.7
712 0.714286
713 1
714 0.8
715 0.6
716 0.357143
717 0.9
718 0.7
719 0.5
720 1
721 1.08571
722 0.828571
723 0.571429
724 1.1
725 1.1
726 0.9
727 0.7
728 0.8
729 1
730 0.8
731 0.6
732 0.5
733 0.9
734 0.7
735 0.5
736 0.5
737 1.05714
738 0.8
739 0.542857
740 1
741 1.1
742 0.9
743 0.7
744 0.7
745 1
746 0.8
747 0.6
748 0.4
749 0.9
750 0.7
751 0.5
752 4.19664e-13
753 1.02857
754 0.771429
755 0.514286
756 0.9
757 1.1
758 0.9
759 0.7
760 0.6
761 1
762 0.8
763 0.6
764 0.3
765 0.9
766 0.7
767 0.5
768 0
769 0
770 0
771 0
772 0
773 1.26923
774 1.07692
775 0.884615
776 0
777 1.19231
778 1
779 0.807692
780 0
781 1.11538
782 0.923077
783 0.730769
784 0
785 1.25
786 1
787 0.75
788 1.35714
789 1.25714
790 1.05714
791 0.857143
792 1.07143
793 1.17143
794 0.971429
795 0.771428
796 0.785714
797 1.08571
798 0.885714
799 0.685714
800 0
801 1.25
802 1
803 0.75
804 1.28571
805 1.28571
806 1.08571
807 0.885714
808 1
809 1.2
810 1
811 0.8
812 0.714286
813 1.11429
814 0.914286
815 0.714286
816 0
817 1.25
818 1
819 0.75
820 1.21429
821 1.31429
822 1.11429
823 0.914286
824 0.928571
825 1.22857
826 1.02857
827 0.828571
828 0.642857
829 1.14286
830 0.942857
831 0.742857
832 0
833 1.11538
834 0.846154
835 0.576923
836 1.21429
837 1.1
838 0.9
839 0.7
840 0.857143
841 1
842 0.8
843 0.6
844 0.5
845 0.9
846 0.7
847 0.5
848 1.5
849 1.11429
850 0.857143
851 0.6
852 1.2
853 1.1
854 0.9
855 0.7
856 0.9
857 1
858 0.8
859 0.6
860 0.6
861 0.9
862 0.7
863 0.5
864 1
865 1.08571
866 0.828571
867 0.571429
868 1.1
869 1.1
870 0.9
871 0.7
872 0.8
873 1
874 0.8
875 0.6
876 0.5
877 0.9
878 0.7
879 0.5
880 0.5
881 1.05714
882 0.8
883 0.542857
884 1
885 1.1
886 0.9
887 0.7
888 0.7
889 1
890 0.8
891 0.6
892 0.4
893 0.9
894 0.7
895 0.5
896 0
897 1.19231
898 0.923077
899 0.653846
900 1.28571
901 1.2
902 1
903 0.8
904 0.928571
905 1.1
906 0.9
907 0.7
908 0.571429
909 1
910 0.8
911 0.6
912 1.5
913 1.2
914 0.942857
915 0.685714
916 1.3
917 1.2
918 1
919 0.8
920 1
921 1.1
922 0.9
923 0.7
924 0.7
925 1
926 0.8
927 0.6
928 1
929 1.17143
930 0.914286
931 0.657143
932 1.2
933 1.2
934 1
935 0.8
936 0.9
937 1.1
938 0.9
939 0.7
940 0.6
941 1
942 0.8
943 0.6
944 0.5
945 1.14286
946 0.885714
947 0.628571
948 1.1
949 1.2
950 1
951 0.8
952 0.8
953 1.1
954 0.9
955 0.7
956 0.5
957 1
958 0.8
959 0.6
960 0
961 1.26923
962 1
963 0.730769
964 1.35714
965 1.3
966 1.1
967 0.9
968 1
969 1.2
970 1
971 0.8
972 0.642857
973 1.1
974 0.9
975 0.7
976 1.5
977 1.28571
978 1.02857
979 0.771429
980 1.4
981 1.3
982 1.1
983 0.9
984 1.1
985 1.2
986 1
987 0.8
988 0.8
989 1.1
990 0.9
991 0.7
992 1
993 1.25714
994 1
995 0.742857
996 1.3
997 1.3
998 1.1
999 0.9
1000 1
1001 1.2
1002 1
1003 0.8
1004 0.7
1005 1.1
1006 0.9
1007 0.7
1008 0.5
1009 1.22857
1010 0.971429
1011 0.714286
1012 1.2
1013 1.3
1014 1.1
1015 0.9
1016 0.9
1017 1.2
1018 1
1019 0.8
1020 0.6
1021 1.1
1022 0.9
1023 0.7
1024 0
1025 0
1026 0
1027 0
1028 0
1029 0.785714
1030 0.642857
1031 0.5
1032 0
1033 0.714286
1034 0.571429
1035 0.428571
1036 0
1037 0.642857
1038 0.5
1039 0.357143
1040 0
1041 0.789474
1042 0.605263
1043 0.421053
1044 0.730769
1045 0.785714
1046 0.642857
1047 0.5
1048 0.538462
1049 0.714286
1050 0.571429
1051 0.428571
1052 0.346154
1053 0.642857
1054 0.5
1055 0.357143
1056 0
1057 0.763158
1058 0.578947
1059 0.394737
1060 0.653846
1061 0.785714
1062 0.642857
1063 0.5
1064 0.461538
1065 0.714286
1066 0.571429
1067 0.428571
1068 0.269231
1069 0.642857
1070 0.5
1071 0.357143
1072 0
1073 0.736842
1074 0.552632
1075 0.368421
1076 0.576923
1077 0.785714
1078 0.642857
1079 0.5
1080 0.384615
1081 0.714286
1082 0.571429
1083 0.428571
1084 0.192308
1085 0.642857
1086 0.5
1087 0.357143
1088 0
1089 0.789474
1090 0.578947
1091 0.368421
1092 0.75
1093 0.762712
1094 0.610169
1095 0.457627
1096 0.5
1097 0.677966
1098 0.525424
1099 0.372881
1100 0.25
1101 0.59322
1102 0.440678
1103 0.288136
1104 0.714286
1105 0.769231
1106 0.576923
1107 0.384615
1108 0.714286
1109 0.756757
1110 0.608108
1111 0.459459
1112 0.514286
1113 0.675676
1114 0.527027
1115 0.378378
1116 0.314286
1117 0.594595
1118 0.445946
1119 0.297297
1120 0.428571
1121 0.730769
1122 0.538462
1123 0.346154
1124 0.628571
1125 0.743243
1126 0.594595
1127 0.445946
1128 0.428571
1129 0.662162
1130 0.513514
1131 0.364865
1132 0.228571
1133 0.581081
1134 0.432432
1135 0.283784
1136 0.142857
1137 0.692308
1138 0.5
1139 0.307692
1140 0.542857
1141 0.72973
1142 0.581081
1143 0.432432
1144 0.342857
1145 0.648649
1146 0.5
1147 0.351351
1148 0.142857
1149 0.567568
1150 0.418919
1151 0.27027
1152 0
1153 0.815789
1154 0.605263
1155 0.394737
1156 0.75
1157 0.813559
1158 0.661017
1159 0.508475
1160 0.5
1161 0.728814
1162 0.576271
1163 0.423729
1164 0.25
1165 0.644068
1166 0.491525
1167 0.338983
1168 0.642857
1169 0.807692
1170 0.615385
1171 0.423077
1172 0.742857
1173 0.810811
1174 0.662162
1175 0.513514
1176 0.542857
1177 0.72973
1178 0.581081
1179 0.432432
1180 0.342857
1181 0.648649
1182 0.5
1183 0.351351
1184 0.357143
1185 0.769231
1186 0.576923
1187 0.384615
1188 0.657143
1189 0.797297
1190 0.648649
1191 0.5
1192 0.457143
1193 0.716216
1194 0.567568
1195 0.418919
1196 0.257143
1197 0.635135
1198 0.486486
1199 0.337838
1200 0.0714286
1201 0.730769
1202 0.538462
1203 0.346154
1204 0.571429
1205 0.783784
1206 0.635135
1207 0.486486
1208 0.371429
1209 0.702703
1210 0.554054
1211 0.405405
1212 0.171429
1213 0.621622
1214 0.472973
1215 0.324324
1216 0
1217 0.842105
1218 0.631579
1219 0.421053
1220 0.75
1221 0.864407
1222 0.711864
1223 0.559322
1224 0.5
1225 0.779661
1226 0.627119
1227 0.474576
1228 0.25
1229 0.694915
1230 0.542373
1231 0.38983
1232 0.571429
1233 0.846154
1234 0.653846
1235 0.461538
1236 0.771429
1237 0.864865
1238 0.716216
1239 0.567568
1240 0.571429
1241 0.783784
1242 0.635135
1243 0.486486
1244 0.371429
1245 0.702703
1246 0.554054
1247 0.405405
1248 0.285714
1249 0.807692
1250 0.615385
1251 0.423077
1252 0.685714
1253 0.851351
1254 0.702703
1255 0.554054
1256 0.485714
1257 0.77027
1258 0.621622
1259 0.472973
1260 0.285714
1261 0.689189
1262 0.540541
1263 0.391892
1264 -2.66875e-12
1265 0.769231
1266 0.576923
1267 0.384615
1268 0.6
1269 0.837838
1270 0.689189
1271 0.540541
1272 0.4
1273 0.756757
1274 0.608108
1275 0.459459
1276 0.2
1277 0.675676
1278 0.527027
1279 0.378378
1280 0
1281 0.785714
1282 0.571429
1283 0.357143
1284 0.730769
1285 0.764706
1286 0.617647
1287 0.470588
1288 0.461538
1289 0.676471
1290 0.529412
1291 0.382353
1292 0.192308
1293 0.588235
1294 0.441176
1295 0.294118
1296 0.642857
1297 0.762712
1298 0.576271
1299 0.38983
1300 0.7
1301 0.755814
1302 0.616279
1303 0.476744
1304 0.5
1305 0.674419
1306 0.534884
1307 0.395349
1308 0.3
1309 0.593023
1310 0.453488
1311 0.313953
1312 0.285714
1313 0.711864
1314 0.525424
1315 0.338983
1316 0.6
1317 0.732558
1318 0.593023
1319 0.453488
1320 0.4
1321 0.651163
1322 0.511628
1323 0.372093
1324 0.2
1325 0.569767
1326 0.430233
1327 0.290698
1328 -0.0714286
1329 0.661017
1330 0.474576
1331 0.288136
1332 0.5
1333 0.709302
1334 0.569767
1335 0.430233
1336 0.3
1337 0.627907
1338 0.488372
1339 0.348837
1340 0.1
1341 0.546512
1342 0.406977
1343 0.267442
1344 1
1345 0.785714
1346 0.571429
1347 0.357143
1348 0.742857
1349 0.755814
1350 0.604651
1351 0.453488
1352 0.485714
1353 0.662791
1354 0.511628
1355 0.360465
1356 0.228571
1357 0.569767
1358 0.418605
1359 0.267442
1360 0.7
1361 0.756757
1362 0.567568
1363 0.378378
1364 0.7
1365 0.742857
1366 0.6
1367 0.457143
1368 0.5
1369 0.657143
1370 0.514286
1371 0.371429
1372 0.3
1373 0.571429
1374 0.428571
1375 0.285714
1376 0.4
1377 0.702703
1378 0.513514
1379 0.324324
1380 0.6
1381 0.714286
1382 0.571429
1383 0.428571
1384 0.4
1385 0.628571
1386 0.485714
1387 0.342857
1388 0.2
1389 0.542857
1390 0.4
1391 0.257143
1392 0.1
1393 0.648649
1394 0.459459
1395 0.27027
1396 0.5
1397 0.685714
1398 0.542857
1399 0.4
1400 0.3
1401 0.6
1402 0.457143
1403 0.314286
1404 0.1
1405 0.514286
1406 0.371429
1407 0.228571
1408 0.5
1409 0.785714
1410 0.571429
1411 0.357143
1412 0.714286
1413 0.77907
1414 0.627907
1415 0.476744
1416 0.457143
1417 0.686047
1418 0.534884
1419 0.383721
1420 0.2
1421 0.593023
1422 0.44186
1423 0.290698
1424 0.6
1425 0.77027
1426 0.581081
1427 0.391892
1428 0.7
1429 0.771429
1430 0.628571
1431 0.485714
1432 0.5
1433 0.685714
1434 0.542857
1435 0.4
1436 0.3
1437 0.6
1438 0.457143
1439 0.314286
1440 0.3
1441 0.716216
1442 0.527027
1443 0.337838
1444 0.6
1445 0.742857
1446 0.6
1447 0.457143
1448 0.4
1449 0.657143
1450 0.514286
1451 0.371429
1452 0.2
1453 0.571429
1454 0.428571
1455 0.285714
1456 -4.70145e-14
1457 0.662162
1458 0.472973
1459 0.283784
1460 0.5
1461 0.714286
1462 0.571429
1463 0.428571
1464 0.3
1465 0.628571
1466 0.485714
1467 0.342857
1468 0.1
1469 0.542857
1470 0.4
1471 0.257143
1472 -5.4845e-13
1473 0.785714
1474 0.571429
1475 0.357143
1476 0.685714
1477 0.802326
1478 0.651163
1479 0.5
1480 0.428571
1481 0.709302
1482 0.55814
1483 0.406977
1484 0.171429
1485 0.616279
1486 0.465116
1487 0.313953
1488 0.5
1489 0.783784
1490 0.594595
1491 0.405405
1492 0.7
1493 0.8
1494 0.657143
1495 0.514286
1496 0.5
1497 0.714286
1498 0.571429
1499 0.428571
1500 0.3
1501 0.628571
1502 0.485714
1503 0.342857
1504 0.2
1505 0.72973
1506 0.540541
1507 0.351351
1508 0.6
1509 0.771429
1510 0.628571
1511 0.485714
1512 0.4
1513 0.685714
1514 0.542857
1515 0.4
1516 0.2
1517 0.6
1518 0.457143
1519 0.314286
1520 -0.1
1521 0.675676
1522 0.486486
1523 0.297297
1524 0.5
1525 0.742857
1526 0.6
1527 0.457143
1528 0.3
1529 0.657143
1530 0.514286
1531 0.371429
1532 0.1
1533 0.571429
1534 0.428571
1535 0.285714
1536 0
1537 0.857143
1538 0.642857
1539 0.428571
1540 0.807692
1541 0.852941
1542 0.705882
1543 0.558824
1544 0.538462
1545 0.764706
1546 0.617647
1547 0.470588
1548 0.269231
1549 0.676471
1550 0.529412
1551 0.382353
1552 0.714286
1553 0.847458
1554 0.661017
1555 0.474576
1556 0.8
1557 0.848837
1558 0.709302
1559 0.569767
1560 0.6
1561 0.767442
1562 0.627907
1563 0.488372
1564 0.4
1565 0.686047
1566 0.546512
1567 0.406977
1568 0.357143
1569 0.79661
1570 0.610169
1571 0.423729
1572 0.7
1573 0.825581
1574 0.686047
1575 0.546512
1576 0.5
1577 0.744186
1578 0.604651
1579 0.465116
1580 0.3
1581 0.662791
1582 0.523256
1583 0.383721
1584 -8.71265e-15
1585 0.745763
1586 0.559322
1587 0.372881
1588 0.6
1589 0.802326
1590 0.662791
1591 0.523256
1592 0.4
1593 0.72093
1594 0.581395
1595 0.44186
1596 0.2
1597 0.639535
1598 0.5
1599 0.360465
1600 1
1601 0.857143
1602 0.642857
1603 0.428571
1604 0.828571
1605 0.837209
1606 0.686047
1607 0.534884
1608 0.571429
1609 0.744186
1610 0.593023
1611 0.44186
1612 0.314286
1613 0.651163
1614 0.5
1615 0.348837
1616 0.8
1617 0.837838
1618 0.648649
1619 0.459459
1620 0.8
1621 0.828571
1622 0.685714
1623 0.542857
1624 0.6
1625 0.742857
1626 0.6
1627 0.457143
1628 0.4
1629 0.657143
1630 0.514286
1631 0.371429
1632 0.5
1633 0.783784
1634 0.594595
1635 0.405405
1636 0.7
1637 0.8
1638 0.657143
1639 0.514286
1640 0.5
1641 0.714286
1642 0.571429
1643 0.428571
1644 0.3
1645 0.628571
1646 0.485714
1647 0.342857
1648 0.2
1649 0.72973
1650 0.540541
1651 0.351351
1652 0.6
1653 0.771429
1654 0.628571
1655 0.485714
1656 0.4
1657 0.685714
1658 0.542857
1659 0.4
1660 0.2
1661 0.6
1662 0.457143
1663 0.314286
1664 0.5
1665 0.857143
1666 0.642857
1667 0.428571
1668 0.8
1669 0.860465
1670 0.709302
1671 0.55814
1672 0.542857
1673 0.767442
1674 0.616279
1675 0.465116
1676 0.285714
1677 0.674419
1678 0.523256
1679 0.372093
1680 0.7
1681 0.851351
1682 0.662162
1683 0.472973
1684 0.8
1685 0.857143
1686 0.714286
1687 0.571429
1688 0.6
1689 0.771429
1690 0.628571
1691 0.485714
1692 0.4
1693 0.685714
1694 0.542857
1695 0.4
1696 0.4
1697 0.797297
1698 0.608108
1699 0.418919
1700 0.7
1701 0.828571
1702 0.685714
1703 0.542857
1704 0.5
1705 0.742857
1706 0.6
1707 0.457143
1708 0.3
1709 0.657143
1710 0.514286
1711 0.371429
1712 0.1
1713 0.743243
1714 0.554054
1715 0.364865
1716 0.6
1717 0.8
1718 0.657143
1719 0.514286
1720 0.4
1721 0.714286
1722 0.571429
1723 0.428571
1724 0.2
1725 0.628571
1726 0.485714
1727 0.342857
1728 -3.16858e-13
1729 0.857143
1730 0.642857
1731 0.428571
1732 0.771429
1733 0.883721
1734 0.732558
1735 0.581395
1736 0.514286
1737 0.790698
1738 0.639535
1739 0.488372
1740 0.257143
1741 0.697674
1742 0.546512
1743 0.395349
1744 0.6
1745 0.864865
1746 0.675676
1747 0.486486
1748 0.8
1749 0.885714
1750 0.742857
1751 0.6
1752 0.6
1753 0.8
1754 0.657143
1755 0.514286
1756 0.4
1757 0.714286
1758 0.571429
1759 0.428571
1760 0.3
1761 0.810811
1762 0.621622
1763 0.432432
1764 0.7
1765 0.857143
1766 0.714286
1767 0.571429
1768 0.5
1769 0.771429
1770 0.628571
1771 0.485714
1772 0.3
1773 0.685714
1774 0.542857
1775 0.4
1776 -5.12784e-15
1777 0.756757
1778 0.567568
1779 0.378378
1780 0.6
1781 0.828571
1782 0.685714
1783 0.542857
1784 0.4
1785 0.742857
1786 0.6
1787 0.457143
1788 0.2
1789 0.657143
1790 0.514286
1791 0.371429
1792 0
1793 0.928571
1794 0.714286
1795 0.5
1796 0.884615
1797 0.941176
1798 0.794118
1799 0.647059
1800 0.615385
1801 0.852941
1802 0.705882
1803 0.558824
1804 0.346154
1805 0.764706
1806 0.617647
1807 0.470588
1808 0.785714
1809 0.932203
1810 0.745763
1811 0.559322
1812 0.9
1813 0.94186
1814 0.802326
1815 0.662791
1816 0.7
1817 0.860465
1818 0.72093
1819 0.581395
1820 0.5
1821 0.77907
1822 0.639535
1823 0.5
1824 0.428571
1825 0.881356
1826 0.694915
1827 0.508475
1828 0.8
1829 0.918605
1830 0.77907
1831 0.639535
1832 0.6
1833 0.837209
1834 0.697674
1835 0.55814
1836 0.4
1837 0.755814
1838 0.616279
1839 0.476744
1840 0.0714286
1841 0.830508
1842 0.644068
1843 0.457627
1844 0.7
1845 0.895349
1846 0.755814
1847 0.616279
1848 0.5
1849 0.813953
1850 0.674419
1851 0.534884
1852 0.3
1853 0.732558
1854 0.593023
1855 0.453488
1856 1
1857 0.928571
1858 0.714286
1859 0.5
1860 0.914286
1861 0.918605
1862 0.767442
1863 0.616279
1864 0.657143
1865 0.825581
1866 0.674419
1867 0.523256
1868 0.4
1869 0.732558
1870 0.581395
1871 0.430233
1872 0.9
1873 0.918919
1874 0.72973
1875 0.540541
1876 0.9
1877 0.914286
1878 0.771429
1879 0.628571
1880 0.7
1881 0.828571
1882 0.685714
1883 0.542857
1884 0.5
1885 0.742857
1886 0.6
1887 0.457143
1888 0.6
1889 0.864865
1890 0.675676
1891 0.486486
1892 0.8
1893 0.885714
1894 0.742857
1895 0.6
1896 0.6
1897 0.8
1898 0.657143
1899 0.514286
1900 0.4
1901 0.714286
1902 0.571429
1903 0.428571
1904 0.3
1905 0.810811
1906 0.621622
1907 0.432432
1908 0.7
1909 0.857143
1910 0.714286
1911 0.571429
1912 0.5
1913 0.771429
1914 0.628571
1915 0.485714
1916 0.3
1917 0.685714
1918 0.542857
1919 0.4
1920 0.5
1921 0.928571
1922 0.714286
1923 0.5
1924 0.885714
1925 0.94186
1926 0.790698
1927 0.639535
1928 0.628571
1929 0.848837
1930 0.697674
1931 0.546512
1932 0.371429
1933 0.755814
1934 0.604651
1935 0.453488
1936 0.8
1937 0.932432
1938 0.743243
1939 0.554054
1940 0.9
1941 0.942857
1942 0.8
1943 0.657143
1944 0.7
1945 0.857143
1946 0.714286
1947 0.571429
1948 0.5
1949 0.771429
1950 0.628571
1951 0.485714
1952 0.5
1953 0.878378
1954 0.689189
1955 0.5
1956 0.8
1957 0.914286
1958 0.771429
1959 0.628571
1960 0.6
1961 0.828571
1962 0.685714
1963 0.542857
1964 0.4
1965 0.742857
1966 0.6
1967 0.457143
1968 0.2
1969 0.824324
1970 0.635135
1971 0.445946
1972 0.7
1973 0.885714
1974 0.742857
1975 0.6
1976 0.5
1977 0.8
1978 0.657143
1979 0.514286
1980 0.3
1981 0.714286
1982 0.571429
1983 0.428571
1984 9.19043e-13
1985 0.928571
1986 0.714286
1987 0.5
1988 0.857143
1989 0.965116
1990 0.813953
1991 0.662791
1992 0.6
1993 0.872093
1994 0.72093
1995 0.569767
1996 0.342857
1997 0.77907
1998 0.627907
1999 0.476744
2000 0.7
2001 0.945946
2002 0.756757
2003 0.567568
2004 0.9
2005 0.971429
2006 0.828571
2007 0.685714
2008 0.7
2009 0.885714
2010 0.742857
2011 0.6
2012 0.5
2013 0.8
2014 0.657143
2015 0.514286
2016 0.4
2017 0.891892
2018 0.702703
2019 0.513514
2020 0.8
2021 0.942857
2022 0.8
2023 0.657143
2024 0.6
2025 0.857143
2026 0.714286
2027 0.571429
2028 0.4
2029 0.771429
2030 0.628571
2031 0.485714
2032 0.1
2033 0.837838
2034 0.648649
2035 0.459459
2036 0.7
2037 0.914286
2038 0.771429
2039 0.628571
2040 0.5
2041 0.828571
2042 0.685714
2043 0.542857
2044 0.3
2045 0.742857
2046 0.6
2047 0.457143
2048 0
2049 0
2050 0
2051 0
2052 0
2053 1
2054 0.857143
2055 0.714286
2056 0
2057 0.928571
2058 0.785714
2059 0.642857
2060 0
2061 0.857143
2062 0.714286
2063 0.571429
2064 0
2065 1
2066 0.815789
2067 0.631579
2068 1
2069 1
2070 0.857143
2071 0.714286
2072 0.807692
2073 0.928571
2074 0.785714
2075 0.642857
2076 0.615385
2077 0.857143
2078 0.714286
2079 0.571429
2080 0
2081 0.973684
2082 0.789474
2083 0.605263
2084 0.923077
2085 1
2086 0.857143
2087 0.714286
2088 0.730769
2089 0.928571
2090 0.785714
2091 0.642857
2092 0.538462
2093 0.857143
2094 0.714286
2095 0.571429
2096 0
2097 0.947368
2098 0.763158
2099 0.578947
2100 0.846154
2101 1
2102 0.857143
2103 0.714286
2104 0.653846
2105 0.928571
2106 0.785714
2107 0.642857
2108 0.461538
2109 0.857143
2110 0.714286
2111 0.571429
2112 0
2113 0.973684
2114 0.763158
2115 0.552632
2116 1
2117 0.949153
2118 0.79661
2119 0.644068
2120 0.75
2121 0.864407
2122 0.711864
2123 0.559322
2124 0.5
2125 0.779661
2126 0.627119
2127 0.474576
2128 1.07143
2129 0.961538
2130 0.769231
2131 0.576923
2132 0.971429
2133 0.945946
2134 0.797297
2135 0.648649
2136 0.771429
2137 0.864865
2138 0.716216
2139 0.567568
2140 0.571429
2141 0.783784
2142 0.635135
2143 0.486486
2144 0.785714
2145 0.923077
2146 0.730769
2147 0.538462
2148 0.885714
2149 0.932432
2150 0.783784
2151 0.635135
2152 0.685714
2153 0.851351
2154 0.702703
2155 0.554054
2156 0.485714
2157 0.77027
2158 0.621622
2159 0.472973
2160 0.5
2161 0.884615
2162 0.692308
2163 0.5
2164 0.8
2165 0.918919
2166 0.77027
2167 0.621622
2168 0.6
2169 0.837838
2170 0.689189
2171 0.540541
2172 0.4
2173 0.756757
2174 0.608108
2175 0.459459
2176 0
2177 1
2178 0.789474
2179 0.578947
2180 1
2181 1
2182 0.847458
2183 0.694915
2184 0.75
2185 0.915254
2186 0.762712
2187 0.610169
2188 0.5
2189 0.830508
2190 0.677966
2191 0.525424
2192 1
2193 1
2194 0.807692
2195 0.615385
2196 1
2197 1
2198 0.851351
2199 0.702703
2200 0.8
2201 0.918919
2202 0.77027
2203 0.621622
2204 0.6
2205 0.837838
2206 0.689189
2207 0.540541
2208 0.714286
2209 0.961538
2210 0.769231
2211 0.576923
2212 0.914286
2213 0.986486
2214 0.837838
2215 0.689189
2216 0.714286
2217 0.905405
2218 0.756757
2219 0.608108
2220 0.514286
2221 0.824324
2222 0.675676
2223 0.527027
2224 0.428571
2225 0.923077
2226 0.730769
2227 0.538462
2228 0.828571
2229 0.972973
2230 0.824324
2231 0.675676
2232 0.628571
2233 0.891892
2234 0.743243
2235 0.594595
2236 0.428571
2237 0.810811
2238 0.662162
2239 0.513514
2240 0
2241 1.02632
2242 0.815789
2243 0.605263
2244 1
2245 1.05085
2246 0.898305
2247 0.745763
2248 0.75
2249 0.966102
2250 0.813559
2251 0.661017
2252 0.5
2253 0.881356
2254 0.728814
2255 0.576271
2256 0.928571
2257 1.03846
2258 0.846154
2259 0.653846
2260 1.02857
2261 1.05405
2262 0.905405
2263 0.756757
2264 0.828571
2265 0.972973
2266 0.824324
2267 0.675676
2268 0.628571
2269 0.891892
2270 0.743243
2271 0.594595
2272 0.642857
2273 1
2274 0.807692
2275 0.615385
2276 0.942857
2277 1.04054
2278 0.891892
2279 0.743243
2280 0.742857
2281 0.959459
2282 0.810811
2283 0.662162
2284 0.542857
2285 0.878378
2286 0.72973
2287 0.581081
2288 0.357143
2289 0.961538
2290 0.769231
2291 0.576923
2292 0.857143
2293 1.02703
2294 0.878378
2295 0.72973
2296 0.657143
2297 0.945946
2298 0.797297
2299 0.648649
2300 0.457143
2301 0.864865
2302 0.716216
2303 0.567568
2304 0
2305 0.928571
2306 0.714286
2307 0.5
2308 0.923077
2309 0.911765
2310 0.764706
2311 0.617647
2312 0.653846
2313 0.823529
2314 0.676471
2315 0.529412
2316 0.384615
2317 0.735294
2318 0.588235
2319 0.441176
2320 0.928571
2321 0.915254
2322 0.728814
2323 0.542373
2324 0.9
2325 0.906977
2326 0.767442
2327 0.627907
2328 0.7
2329 0.825581
2330 0.686047
2331 0.546512
2332 0.5
2333 0.744186
2334 0.604651
2335 0.465116
2336 0.571429
2337 0.864407
2338 0.677966
2339 0.491525
2340 0.8
2341 0.883721
2342 0.744186
2343 0.604651
2344 0.6
2345 0.802326
2346 0.662791
2347 0.523256
2348 0.4
2349 0.72093
2350 0.581395
2351 0.44186
2352 0.214286
2353 0.813559
2354 0.627119
2355 0.440678
2356 0.7
2357 0.860465
2358 0.72093
2359 0.581395
2360 0.5
2361 0.77907
2362 0.639535
2363 0.5
2364 0.3
2365 0.697674
2366 0.55814
2367 0.418605
2368 1.5
2369 0.928571
2370 0.714286
2371 0.5
2372 0.942857
2373 0.895349
2374 0.744186
2375 0.593023
2376 0.685714
2377 0.802326
2378 0.651163
2379 0.5
2380 0.428571
2381 0.709302
2382 0.55814
2383 0.406977
2384 1
2385 0.905405
2386 0.716216
2387 0.527027
2388 0.9
2389 0.885714
2390 0.742857
2391 0.6
2392 0.7
2393 0.8
2394 0.657143
2395 0.514286
2396 0.5
2397 0.714286
2398 0.571429
2399 0.428571
2400 0.7
2401 0.851351
2402 0.662162
2403 0.472973
2404 0.8
2405 0.857143
2406 0.714286
2407 0.571429
2408 0.6
2409 0.771429
2410 0.628571
2411 0.485714
2412 0.4
2413 0.685714
2414 0.542857
2415 0.4
2416 0.4
2417 0.797297
2418 0.608108
2419 0.418919
2420 0.7
2421 0.828571
2422 0.685714
2423 0.542857
2424 0.5
2425 0.742857
2426 0.6
2427 0.457143
2428 0.3
2429 0.657143
2430 0.514286
2431 0.371429
2432 1
2433 0.928571
2434 0.714286
2435 0.5
2436 0.914286
2437 0.918605
2438 0.767442
2439 0.616279
2440 0.657143
2441 0.825581
2442 0.674419
2443 0.523256
2444 0.4
2445 0.732558
2446 0.581395
2447 0.430233
2448 0.9
2449 0.918919
2450 0.72973
2451 0.540541
2452 0.9
2453 0.914286
2454 0.771429
2455 0.628571
2456 0.7
2457 0.828571
2458 0.685714
2459 0.542857
2460 0.5
2461 0.742857
2462 0.6
2463 0.457143
2464 0.6
2465 0.864865
2466 0.675676
2467 0.486486
2468 0.8
2469 0.885714
2470 0.742857
2471 0.6
2472 0.6
2473 0.8
2474 0.657143
2475 0.514286
2476 0.4
2477 0.714286
2478 0.571429
2479 0.428571
2480 0.3
2481 0.810811
2482 0.621622
2483 0.432432
2484 0.7
2485 0.857143
2486 0.714286
2487 0.571429
2488 0.5
2489 0.771429
2490 0.628571
2491 0.485714
2492 0.3
2493 0.685714
2494 0.542857
2495 0.4
2496 0.5
2497 0.928571
2498 0.714286
2499 0.5
2500 0.885714
2501 0.94186
2502 0.790698
2503 0.639535
2504 0.628571
2505 0.848837
2506 0.697674
2507 0.546512
2508 0.371429
2509 0.755814
2510 0.604651
2511 0.453488
2512 0.8
2513 0.932432
2514 0.743243
2515 0.554054
2516 0.9
2517 0.942857
2518 0.8
2519 0.657143
2520 0.7
2521 0.857143
2522 0.714286
2523 0.571429
2524 0.5
2525 0.771429
2526 0.628571
2527 0.485714
2528 0.5
2529 0.878378
2530 0.689189
2531 0.5
2532 0.8
2533 0.914286
2534 0.771429
2535 0.628571
2536 0.6
2537 0.828571
2538 0.685714
2539 0.542857
2540 0.4
2541 0.742857
2542 0.6
2543 0.457143
2544 0.2
2545 0.824324
2546 0.635135
2547 0.445946
2548 0.7
2549 0.885714
2550 0.742857
2551 0.6
2552 0.5
2553 0.8
2554 0.657143
2555 0.514286
2556 0.3
2557 0.714286
2558 0.571429
2559 0.428571
2560 0
2561 1
2562 0.785714
2563 0.571429
2564 1
2565 1
2566 0.852941
2567 0.705882
2568 0.730769
2569 0.911765
2570 0.764706
2571 0.617647
2572 0.461538
2573 0.823529
2574 0.676471
2575 0.529412
2576 1
2577 1
2578 0.813559
2579 0.627119
2580 1
2581 1
2582 0.860465
2583 0.72093
2584 0.8
2585 0.918605
2586 0.77907
2587 0.639535
2588 0.6
2589 0.837209
2590 0.697674
2591 0.55814
2592 0.642857
2593 0.949153
2594 0.762712
2595 0.576271
2596 0.9
2597 0.976744
2598 0.837209
2599 0.697674
2600 0.7
2601 0.895349
2602 0.755814
2603 0.616279
2604 0.5
2605 0.813953
2606 0.674419
2607 0.534884
2608 0.285714
2609 0.898305
2610 0.711864
2611 0.525424
2612 0.8
2613 0.953488
2614 0.813953
2615 0.674419
2616 0.6
2617 0.872093
2618 0.732558
2619 0.593023
2620 0.4
2621 0.790698
2622 0.651163
2623 0.511628
2624 1.5
2625 1
2626 0.785714
2627 0.571429
2628 1.02857
2629 0.976744
2630 0.825581
2631 0.674419
2632 0.771429
2633 0.883721
2634 0.732558
2635 0.581395
2636 0.514286
2637 0.790698
2638 0.639535
2639 0.488372
2640 1.1
2641 0.986486
2642 0.797297
2643 0.608108
2644 1
2645 0.971429
2646 0.828571
2647 0.685714
2648 0.8
2649 0.885714
2650 0.742857
2651 0.6
2652 0.6
2653 0.8
2654 0.657143
2655 0.514286
2656 0.8
2657 0.932432
2658 0.743243
2659 0.554054
2660 0.9
2661 0.942857
2662 0.8
2663 0.657143
2664 0.7
2665 0.857143
2666 0.714286
2667 0.571429
2668 0.5
2669 0.771429
2670 0.628571
2671 0.485714
2672 0.5
2673 0.878378
2674 0.689189
2675 0.5
2676 0.8
2677 0.914286
2678 0.771429
2679 0.628571
2680 0.6
2681 0.828571
2682 0.685714
2683 0.542857
2684 0.4
2685 0.742857
2686 0.6
2687 0.457143
2688 1
2689 1
2690 0.785714
2691 0.571429
2692 1
2693 1
2694 0.848837
2695 0.697674
2696 0.742857
2697 0.906977
2698 0.755814
2699 0.604651
2700 0.485714
2701 0.813953
2702 0.662791
2703 0.511628
2704 1
2705 1
2706 0.810811
2707 0.621622
2708 1
2709 1
2710 0.857143
2711 0.714286
2712 0.8
2713 0.914286
2714 0.771429
2715 0.628571
2716 0.6
2717 0.828571
2718 0.685714
2719 0.542857
2720 0.7
2721 0.945946
2722 0.756757
2723 0.567568
2724 0.9
2725 0.971429
2726 0.828571
2727 0.685714
2728 0.7
2729 0.885714
2730 0.742857
2731 0.6
2732 0.5
2733 0.8
2734 0.657143
2735 0.514286
2736 0.4
2737 0.891892
2738 0.702703
2739 0.513514
2740 0.8
2741 0.942857
2742 0.8
2743 0.657143
2744 0.6
2745 0.857143
2746 0.714286
2747 0.571429
2748 0.4
2749 0.771429
2750 0.628571
2751 0.485714
2752 0.5
2753 1
2754 0.785714
2755 0.571429
2756 0.971429
2757 1.02326
2758 0.872093
2759 0.72093
2760 0.714286
2761 0.930233
2762 0.77907
2763 0.627907
2764 0.457143
2765 0.837209
2766 0.686047
2767 0.534884
2768 0.9
2769 1.01351
2770 0.824324
2771 0.635135
2772 1
2773 1.02857
2774 0.885714
2775 0.742857
2776 0.8
2777 0.942857
2778 0.8
2779 0.657143
2780 0.6
2781 0.857143
2782 0.714286
2783 0.571429
2784 0.6
2785 0.959459
2786 0.77027
2787 0.581081
2788 0.9
2789 1
2790 0.857143
2791 0.714286
2792 0.7
2793 0.914286
2794 0.771429
2795 0.628571
2796 0.5
2797 0.828571
2798 0.685714
2799 0.542857
2800 0.3
2801 0.905405
2802 0.716216
2803 0.527027
2804 0.8
2805 0.971429
2806 0.828571
2807 0.685714
2808 0.6
2809 0.885714
2810 0.742857
2811 0.6
2812 0.4
2813 0.8
2814 0.657143
2815 0.514286
2816 0
2817 1.07143
2818 0.857143
2819 0.642857
2820 1.07692
2821 1.08824
2822 0.941176
2823 0.794118
2824 0.807692
2825 1
2826 0.852941
2827 0.705882
2828 0.538462
2829 0.911765
2830 0.764706
2831 0.617647
2832 1.07143
2833 1.08475
2834 0.898305
2835 0.711864
2836 1.1
2837 1.09302
2838 0.953488
2839 0.813953
2840 0.9
2841 1.01163
2842 0.872093
2843 0.732558
2844 0.7
2845 0.930233
2846 0.790698
2847 0.651163
2848 0.714286
2849 1.0339
2850 0.847458
2851 0.661017
2852 1
2853 1.06977
2854 0.930233
2855 0.790698
2856 0.8
2857 0.988372
2858 0.848837
2859 0.709302
2860 0.6
2861 0.906977
2862 0.767442
2863 0.627907
2864 0.357143
2865 0.983051
2866 0.79661
2867 0.610169
2868 0.9
2869 1.04651
2870 0.906977
2871 0.767442
2872 0.7
2873 0.965116
2874 0.825581
2875 0.686047
2876 0.5
2877 0.883721
2878 0.744186
2879 0.604651
2880 1.5
2881 1.07143
2882 0.857143
2883 0.642857
2884 1.11429
2885 1.05814
2886 0.906977
2887 0.755814
2888 0.857143
2889 0.965116
2890 0.813953
2891 0.662791
2892 0.6
2893 0.872093
2894 0.72093
2895 0.569767
2896 1.2
2897 1.06757
2898 0.878378
2899 0.689189
2900 1.1
2901 1.05714
2902 0.914286
2903 0.771429
2904 0.9
2905 0.971429
2906 0.828571
2907 0.685714
2908 0.7
2909 0.885714
2910 0.742857
2911 0.6
2912 0.9
2913 1.01351
2914 0.824324
2915 0.635135
2916 1
2917 1.02857
2918 0.885714
2919 0.742857
2920 0.8
2921 0.942857
2922 0.8
2923 0.657143
2924 0.6
2925 0.857143
2926 0.714286
2927 0.571429
2928 0.6
2929 0.959459
2930 0.77027
2931 0.581081
2932 0.9
2933 1
2934 0.857143
2935 0.714286
2936 0.7
2937 0.914286
2938 0.771429
2939 0.628571
2940 0.5
2941 0.828571
2942 0.685714
2943 0.542857
2944 1
2945 1.07143
2946 0.857143
2947 0.642857
2948 1.08571
2949 1.0814
2950 0.930233
2951 0.77907
2952 0.828571
2953 0.988372
2954 0.837209
2955 0.686047
2956 0.571429
2957 0.895349
2958 0.744186
2959 0.593023
2960 1.1
2961 1.08108
2962 0.891892
2963 0.702703
2964 1.1
2965 1.08571
2966 0.942857
2967 0.8
2968 0.9
2969 1
2970 0.857143
2971 0.714286
2972 0.7
2973 0.914286
2974 0.771429
2975 0.628571
2976 0.8
2977 1.02703
2978 0.837838
2979 0.648649
2980 1
2981 1.05714
2982 0.914286
2983 0.771429
2984 0.8
2985 0.971429
2986 0.828571
2987 0.685714
2988 0.6
2989 0.885714
2990 0.742857
2991 0.6
2992 0.5
2993 0.972973
2994 0.783784
2995 0.594595
2996 0.9
2997 1.02857
2998 0.885714
2999 0.742857
3000 0.7
3001 0.942857
3002 0.8
3003 0.657143
3004 0.5
3005 0.857143
3006 0.714286
3007 0.571429
3008 0.5
3009 1.07143
3010 0.857143
3011 0.642857
3012 1.05714
3013 1.10465
3014 0.953488
3015 0.802326
3016 0.8
3017 1.01163
3018 0.860465
3019 0.709302
3020 0.542857
3021 0.918605
3022 0.767442
3023 0.616279
3024 1
3025 1.09459
3026 0.905405
3027 0.716216
3028 1.1
3029 1.11429
3030 0.971429
3031 0.828571
3032 0.9
3033 1.02857
3034 0.885714
3035 0.742857
3036 0.7
3037 0.942857
3038 0.8
3039 0.657143
3040 0.7
3041 1.04054
3042 0.851351
3043 0.662162
3044 1
3045 1.08571
3046 0.942857
3047 0.8
3048 0.8
3049 1
3050 0.857143
3051 0.714286
3052 0.6
3053 0.914286
3054 0.771429
3055 0.628571
3056 0.4
3057 0.986486
3058 0.797297
3059 0.608108
3060 0.9
3061 1.05714
3062 0.914286
3063 0.771429
3064 0.7
3065 0.971429
3066 0.828571
3067 0.685714
3068 0.5
3069 0.885714
3070 0.742857
3071 0.6
3072 0
3073 0
3074 0
3075 0
3076 0
3077 1.21429
3078 1.07143
3079 0.928571
3080 0
3081 1.14286
3082 1
3083 0.857143
3084 0
3085 1.07143
3086 0.928571
3087 0.785714
3088 0
3089 1.21053
3090 1.02632
3091 0.842105
3092 1.26923
3093 1.21429
3094 1.07143
3095 0.928571
3096 1.07692
3097 1.14286
3098 1
3099 0.857143
3100 0.884615
3101 1.07143
3102 0.928571
3103 0.785714
3104 0
3105 1.18421
3106 1
3107 0.815789
3108 1.19231
3109 1.21429
3110 1.07143
3111 0.928571
3112 1
3113 1.14286
3114 1
3115 0.857143
3116 0.807692
3117 1.07143
3118 0.928571
3119 0.785714
3120 0
3121 1.15789
3122 0.973684
3123 0.789474
3124 1.11538
3125 1.21429
3126 1.07143
3127 0.928571
3128 0.923077
3129 1.14286
3130 1
3131 0.857143
3132 0.730769
3133 1.07143
3134 0.928571
3135 0.785714
3136 0
3137 1.15789
3138 0.947368
3139 0.736842
3140 1.25
3141 1.13559
3142 0.983051
3143 0.830508
3144 1
3145 1.05085
3146 0.898305
3147 0.745763
3148 0.75
3149 0.966102
3150 0.813559
3151 0.661017
3152 1.42857
3153 1.15385
3154 0.961538
3155 0.769231
3156 1.22857
3157 1.13514
3158 0.986486
3159 0.837838
3160 1.02857
3161 1.05405
3162 0.905405
3163 0.756757
3164 0.828571
3165 0.972973
3166 0.824324
3167 0.675676
3168 1.14286
3169 1.11538
3170 0.923077
3171 0.730769
3172 1.14286
3173 1.12162
3174 0.972973
3175 0.824324
3176 0.942857
3177 1.04054
3178 0.891892
3179 0.743243
3180 0.742857
3181 0.959459
3182 0.810811
3183 0.662162
3184 0.857143
3185 1.07692
3186 0.884615
3187 0.692308
3188 1.05714
3189 1.10811
3190 0.959459
3191 0.810811
3192 0.857143
3193 1.02703
3194 0.878378
3195 0.72973
3196 0.657143
3197 0.945946
3198 0.797297
3199 0.648649
3200 0
3201 1.18421
3202 0.973684
3203 0.763158
3204 1.25
3205 1.18644
3206 1.0339
3207 0.881356
3208 1
3209 1.10169
3210 0.949153
3211 0.79661
3212 0.75
3213 1.01695
3214 0.864407
3215 0.711864
3216 1.35714
3217 1.19231
3218 1
3219 0.807692
3220 1.25714
3221 1.18919
3222 1.04054
3223 0.891892
3224 1.05714
3225 1.10811
3226 0.959459
3227 0.810811
3228 0.857143
3229 1.02703
3230 0.878378
3231 0.72973
3232 1.07143
3233 1.15385
3234 0.961538
3235 0.769231
3236 1.17143
3237 1.17568
3238 1.02703
3239 0.878378
3240 0.971429
3241 1.09459
3242 0.945946
3243 0.797297
3244 0.771429
3245 1.01351
3246 0.864865
3247 0.716216
3248 0.785714
3249 1.11538
3250 0.923077
3251 0.730769
3252 1.08571
3253 1.16216
3254 1.01351
3255 0.864865
3256 0.885714
3257 1.08108
3258 0.932432
3259 0.783784
3260 0.685714
3261 1
3262 0.851351
3263 0.702703
3264 0
3265 1.21053
3266 1
3267 0.789474
3268 1.25
3269 1.23729
3270 1.08475
3271 0.932203
3272 1
3273 1.15254
3274 1
3275 0.847458
3276 0.75
3277 1.0678
3278 0.915254
3279 0.762712
3280 1.28571
3281 1.23077
3282 1.03846
3283 0.846154
3284 1.28571
3285 1.24324
3286 1.09459
3287 0.945946
3288 1.08571
3289 1.16216
3290 1.01351
3291 0.864865
3292 0.885714
3293 1.08108
3294 0.932432
3295 0.783784
3296 1
3297 1.19231
3298 1
3299 0.807692
3300 1.2
3301 1.22973
3302 1.08108
3303 0.932432
3304 1
3305 1.14865
3306 1
3307 0.851351
3308 0.8
3309 1.06757
3310 0.918919
3311 0.77027
3312 0.714286
3313 1.15385
3314 0.961538
3315 0.769231
3316 1.11429
3317 1.21622
3318 1.06757
3319 0.918919
3320 0.914286
3321 1.13514
3322 0.986486
3323 0.837838
3324 0.714286
3325 1.05405
3326 0.905405
3327 0.756757
3328 0
3329 1.07143
3330 0.857143
3331 0.642857
3332 1.11538
3333 1.05882
3334 0.911765
3335 0.764706
3336 0.846154
3337 0.970588
3338 0.823529
3339 0.676471
3340 0.576923
3341 0.882353
3342 0.735294
3343 0.588235
3344 1.21429
3345 1.0678
3346 0.881356
3347 0.694915
3348 1.1
3349 1.05814
3350 0.918605
3351 0.77907
3352 0.9
3353 0.976744
3354 0.837209
3355 0.697674
3356 0.7
3357 0.895349
3358 0.755814
3359 0.616279
3360 0.857143
3361 1.01695
3362 0.830508
3363 0.644068
3364 1
3365 1.03488
3366 0.895349
3367 0.755814
3368 0.8
3369 0.953488
3370 0.813953
3371 0.674419
3372 0.6
3373 0.872093
3374 0.732558
3375 0.593023
3376 0.5
3377 0.966102
3378 0.779661
3379 0.59322
3380 0.9
3381 1.01163
3382 0.872093
3383 0.732558
3384 0.7
3385 0.930233
3386 0.790698
3387 0.651163
3388 0.5
3389 0.848837
3390 0.709302
3391 0.569767
3392 2
3393 1.07143
3394 0.857143
3395 0.642857
3396 1.14286
3397 1.03488
3398 0.883721
3399 0.732558
3400 0.885714
3401 0.94186
3402 0.790698
3403 0.639535
3404 0.628571
3405 0.848837
3406 0.697674
3407 0.546512
3408 1.3
3409 1.05405
3410 0.864865
3411 0.675676
3412 1.1
3413 1.02857
3414 0.885714
3415 0.742857
3416 0.9
3417 0.942857
3418 0.8
3419 0.657143
3420 0.7
3421 0.857143
3422 0.714286
3423 0.571429
3424 1
3425 1
3426 0.810811
3427 0.621622
3428 1
3429 1
3430 0.857143
3431 0.714286
3432 0.8
3433 0.914286
3434 0.771429
3435 0.628571
3436 0.6
3437 0.828571
3438 0.685714
3439 0.542857
3440 0.7
3441 0.945946
3442 0.756757
3443 0.567568
3444 0.9
3445 0.971429
3446 0.828571
3447 0.685714
3448 0.7
3449 0.885714
3450 0.742857
3451 0.6
3452 0.5
3453 0.8
3454 0.657143
3455 0.514286
3456 1.5
3457 1.07143
3458 0.857143
3459 0.642857
3460 1.11429
3461 1.05814
3462 0.906977
3463 0.755814
3464 0.857143
3465 0.965116
3466 0.813953
3467 0.662791
3468 0.6
3469 0.872093
3470 0.72093
3471 0.569767
3472 1.2
3473 1.06757
3474 0.878378
3475 0.689189
3476 1.1
3477 1.05714
3478 0.914286
3479 0.771429
3480 0.9
3481 0.971429
3482 0.828571
3483 0.685714
3484 0.7
3485 0.885714
3486 0.742857
3487 0.6
3488 0.9
3489 1.01351
3490 0.824324
3491 0.635135
3492 1
3493 1.02857
3494 0.885714
3495 0.742857
3496 0.8
3497 0.942857
3498 0.8
3499 0.657143
3500 0.6
3501 0.857143
3502 0.714286
3503 0.571429
3504 0.6
3505 0.959459
3506 0.77027
3507 0.581081
3508 0.9
3509 1
3510 0.857143
3511 0.714286
3512 0.7
3513 0.914286
3514 0.771429
3515 0.628571
3516 0.5
3517 0.828571
3518 0.685714
3519 0.542857
3520 1
3521 1.07143
3522 0.857143
3523 0.642857
3524 1.08571
3525 1.0814
3526 0.930233
3527 0.77907
3528 0.828571
3529 0.988372
3530 0.837209
3531 0.686047
3532 0.571429
3533 0.895349
3534 0.744186
3535 0.593023
3536 1.1
3537 1.08108
3538 0.891892
3539 0.702703
3540 1.1
3541 1.08571
3542 0.942857
3543 0.8
3544 0.9
3545 1
3546 0.857143
3547 0.714286
3548 0.7
3549 0.914286
3550 0.771429
3551 0.628571
3552 0.8
3553 1.02703
3554 0.837838
3555 0.648649
3556 1
3557 1.05714
3558 0.914286
3559 0.771429
3560 0.8
3561 0.971429
3562 0.828571
3563 0.685714
3564 0.6
3565 0.885714
3566 0.742857
3567 0.6
3568 0.5
3569 0.972973
3570 0.783784
3571 0.594595
3572 0.9
3573 1.02857
3574 0.885714
3575 0.742857
3576 0.7
3577 0.942857
3578 0.8
3579 0.657143
3580 0.5
3581 0.857143
3582 0.714286
3583 0.571429
3584 0
3585 1.14286
3586 0.928571
3587 0.714286
3588 1.19231
3589 1.14706
3590 1
3591 0.852941
3592 0.923077
3593 1.05882
3594 0.911765
3595 0.764706
3596 0.653846
3597 0.970588
3598 0.823529
3599 0.676471
3600 1.28571
3601 1.15254
3602 0.966102
3603 0.779661
3604 1.2
3605 1.15116
3606 1.01163
3607 0.872093
3608 1
3609 1.06977
3610 0.930233
3611 0.790698
3612 0.8
3613 0.988372
3614 0.848837
3615 0.709302
3616 0.928571
3617 1.10169
3618 0.915254
3619 0.728814
3620 1.1
3621 1.12791
3622 0.988372
3623 0.848837
3624 0.9
3625 1.04651
3626 0.906977
3627 0.767442
3628 0.7
3629 0.965116
3630 0.825581
3631 0.686047
3632 0.571429
3633 1.05085
3634 0.864407
3635 0.677966
3636 1
3637 1.10465
3638 0.965116
3639 0.825581
3640 0.8
3641 1.02326
3642 0.883721
3643 0.744186
3644 0.6
3645 0.94186
3646 0.802326
3647 0.662791
3648 2
3649 1.14286
3650 0.928571
3651 0.714286
3652 1.22857
3653 1.11628
3654 0.965116
3655 0.813953
3656 0.971429
3657 1.02326
3658 0.872093
3659 0.72093
3660 0.714286
3661 0.930233
3662 0.77907
3663 0.627907
3664 1.4
3665 1.13514
3666 0.945946
3667 0.756757
3668 1.2
3669 1.11429
3670 0.971429
3671 0.828571
3672 1
3673 1.02857
3674 0.885714
3675 0.742857
3676 0.8
3677 0.942857
3678 0.8
3679 0.657143
3680 1.1
3681 1.08108
3682 0.891892
3683 0.702703
3684 1.1
3685 1.08571
3686 0.942857
3687 0.8
3688 0.9
3689 1
3690 0.857143
3691 0.714286
3692 0.7
3693 0.914286
3694 0.771429
3695 0.628571
3696 0.8
3697 1.02703
3698 0.837838
3699 0.648649
3700 1
3701 1.05714
3702 0.914286
3703 0.771429
3704 0.8
3705 0.971429
3706 0.828571
3707 0.685714
3708 0.6
3709 0.885714
3710 0.742857
3711 0.6
3712 1.5
3713 1.14286
3714 0.928571
3715 0.714286
3716 1.2
3717 1.13953
3718 0.988372
3719 0.837209
3720 0.942857
3721 1.04651
3722 0.895349
3723 0.744186
3724 0.685714
3725 0.953488
3726 0.802326
3727 0.651163
3728 1.3
3729 1.14865
3730 0.959459
3731 0.77027
3732 1.2
3733 1.14286
3734 1
3735 0.857143
3736 1
3737 1.05714
3738 0.914286
3739 0.771429
3740 0.8
3741 0.971429
3742 0.828571
3743 0.685714
3744 1
3745 1.09459
3746 0.905405
3747 0.716216
3748 1.1
3749 1.11429
3750 0.971429
3751 0.828571
3752 0.9
3753 1.02857
3754 0.885714
3755 0.742857
3756 0.7
3757 0.942857
3758 0.8
3759 0.657143
3760 0.7
3761 1.04054
3762 0.851351
3763 0.662162
3764 1
3765 1.08571
3766 0.942857
3767 0.8
3768 0.8
3769 1
3770 0.857143
3771 0.714286
3772 0.6
3773 0.914286
3774 0.771429
3775 0.628571
3776 1
3777 1.14286
3778 0.928571
3779 0.714286
3780 1.17143
3781 1.16279
3782 1.01163
3783 0.860465
3784 0.914286
3785 1.06977
3786 0.918605
3787 0.767442
3788 0.657143
3789 0.976744
3790 0.825581
3791 0.674419
3792 1.2
3793 1.16216
3794 0.972973
3795 0.783784
3796 1.2
3797 1.17143
3798 1.02857
3799 0.885714
3800 1
3801 1.08571
3802 0.942857
3803 0.8
3804 0.8
3805 1
3806 0.857143
3807 0.714286
3808 0.9
3809 1.10811
3810 0.918919
3811 0.72973
3812 1.1
3813 1.14286
3814 1
3815 0.857143
3816 0.9
3817 1.05714
3818 0.914286
3819 0.771429
3820 0.7
3821 0.971429
3822 0.828571
3823 0.685714
3824 0.6
3825 1.05405
3826 0.864865
3827 0.675676
3828 1
3829 1.11429
3830 0.971429
3831 0.828571
3832 0.8
3833 1.02857
3834 0.885714
3835 0.742857
3836 0.6
3837 0.942857
3838 0.8
3839 0.657143
3840 0
3841 1.21429
3842 1
3843 0.785714
3844 1.26923
3845 1.23529
3846 1.08824
3847 0.941176
3848 1
3849 1.14706
3850 1
3851 0.852941
3852 0.730769
3853 1.05882
3854 0.911765
3855 0.764706
3856 1.35714
3857 1.23729
3858 1.05085
3859 0.864407
3860 1.3
3861 1.24419
3862 1.10465
3863 0.965116
3864 1.1
3865 1.16279
3866 1.02326
3867 0.883721
3868 0.9
3869 1.0814
3870 0.94186
3871 0.802326
3872 1
3873 1.18644
3874 1
3875 0.813559
3876 1.2
3877 1.22093
3878 1.0814
3879 0.94186
3880 1
3881 1.13953
3882 1
3883 0.860465
3884 0.8
3885 1.05814
3886 0.918605
3887 0.77907
3888 0.642857
3889 1.13559
3890 0.949153
3891 0.762712
3892 1.1
3893 1.19767
3894 1.05814
3895 0.918605
3896 0.9
3897 1.11628
3898 0.976744
3899 0.837209
3900 0.7
3901 1.03488
3902 0.895349
3903 0.755814
3904 2
3905 1.21429
3906 1
3907 0.785714
3908 1.31429
3909 1.19767
3910 1.04651
3911 0.895349
3912 1.05714
3913 1.10465
3914 0.953488
3915 0.802326
3916 0.8
3917 1.01163
3918 0.860465
3919 0.709302
3920 1.5
3921 1.21622
3922 1.02703
3923 0.837838
3924 1.3
3925 1.2
3926 1.05714
3927 0.914286
3928 1.1
3929 1.11429
3930 0.971429
3931 0.828571
3932 0.9
3933 1.02857
3934 0.885714
3935 0.742857
3936 1.2
3937 1.16216
3938 0.972973
3939 0.783784
3940 1.2
3941 1.17143
3942 1.02857
3943 0.885714
3944 1
3945 1.08571
3946 0.942857
3947 0.8
3948 0.8
3949 1
3950 0.857143
3951 0.714286
3952 0.9
3953 1.10811
3954 0.918919
3955 0.72973
3956 1.1
3957 1.14286
3958 1
3959 0.857143
3960 0.9
3961 1.05714
3962 0.914286
3963 0.771429
3964 0.7
3965 0.971429
3966 0.828571
3967 0.685714
3968 1.5
3969 1.21429
3970 1
3971 0.785714
3972 1.28571
3973 1.22093
3974 1.06977
3975 0.918605
3976 1.02857
3977 1.12791
3978 0.976744
3979 0.825581
3980 0.771429
3981 1.03488
3982 0.883721
3983 0.732558
3984 1.4
3985 1.22973
3986 1.04054
3987 0.851351
3988 1.3
3989 1.22857
3990 1.08571
3991 0.942857
3992 1.1
3993 1.14286
3994 1
3995 0.857143
3996 0.9
3997 1.05714
3998 0.914286
3999 0.771429
4000 1.1
4001 1.17568
4002 0.986486
4003 0.797297
4004 1.2
4005 1.2
4006 1.05714
4007 0.914286
4008 1
4009 1.11429
4010 0.971429
4011 0.828571
4012 0.8
4013 1.02857
4014 0.885714
4015 0.742857
4016 0.8
4017 1.12162
4018 0.932432
4019 0.743243
4020 1.1
4021 1.17143
4022 1.02857
4023 0.885714
4024 0.9
4025 1.08571
4026 0.942857
4027 0.8
4028 0.7
4029 1
4030 0.857143
4031 0.714286
4032 1
4033 1.21429
4034 1
4035 0.785714
4036 1.25714
4037 1.24419
4038 1.09302
4039 0.94186
4040 1
4041 1.15116
4042 1
4043 0.848837
4044 0.742857
4045 1.05814
4046 0.906977
4047 0.755814
4048 1.3
4049 1.24324
4050 1.05405
4051 0.864865
4052 1.3
4053 1.25714
4054 1.11429
4055 0.971429
4056 1.1
4057 1.17143
4058 1.02857
4059 0.885714
4060 0.9
4061 1.08571
4062 0.942857
4063 0.8
4064 1
4065 1.18919
4066 1
4067 0.810811
4068 1.2
4069 1.22857
4070 1.08571
4071 0.942857
4072 1
4073 1.14286
4074 1
4075 0.857143
4076 0.8
4077 1.05714
4078 0.914286
4079 0.771429
4080 0.7
4081 1.13514
4082 0.945946
4083 0.756757
4084 1.1
4085 1.2
4086 1.05714
4087 0.914286
4088 0.9
4089 1.11429
4090 0.971429
4091 0.828571
4092 0.7
4093 1.02857
4094 0.885714
4095 0.742857
