#CSC Slope LUT
#Structure is comparator code (iCC) -> Stub slope
#iCC bits: 12
#<header> v1.0 12 32 </header>
0 16
1 16
2 16
3 16
4 16
5 16
6 16
7 16
8 16
9 16
10 16
11 16
12 16
13 16
14 16
15 16
16 16
17 16
18 16
19 16
20 16
21 24
22 20
23 16
24 16
25 24
26 20
27 16
28 16
29 24
30 20
31 0
32 16
33 16
34 16
35 16
36 16
37 28
38 24
39 20
40 16
41 28
42 24
43 20
44 16
45 28
46 24
47 20
48 16
49 16
50 16
51 16
52 16
53 31
54 28
55 24
56 16
57 31
58 28
59 24
60 16
61 31
62 28
63 24
64 16
65 16
66 16
67 16
68 16
69 21
70 18
71 16
72 16
73 20
74 18
75 16
76 16
77 20
78 17
79 0
80 16
81 21
82 18
83 0
84 20
85 21
86 19
87 16
88 16
89 20
90 18
91 0
92 4
93 20
94 17
95 0
96 16
97 22
98 19
99 16
100 20
101 22
102 20
103 17
104 16
105 21
106 19
107 16
108 4
109 20
110 18
111 0
112 16
113 22
114 20
115 17
116 20
117 23
118 20
119 18
120 0
121 22
122 20
123 17
124 4
125 21
126 19
127 16
128 16
129 16
130 16
131 16
132 16
133 24
134 21
135 19
136 16
137 23
138 21
139 18
140 16
141 22
142 20
143 18
144 16
145 23
146 21
147 18
148 24
149 24
150 21
151 19
152 20
153 23
154 20
155 18
156 16
157 22
158 20
159 17
160 16
161 24
162 21
163 18
164 24
165 24
166 22
167 20
168 20
169 24
170 21
171 19
172 0
173 23
174 20
175 18
176 16
177 25
178 22
179 19
180 24
181 25
182 23
183 20
184 20
185 24
186 22
187 20
188 16
189 24
190 21
191 19
192 16
193 16
194 16
195 16
196 16
197 26
198 24
199 22
200 16
201 26
202 24
203 21
204 16
205 25
206 23
207 21
208 16
209 26
210 23
211 20
212 28
213 26
214 24
215 21
216 24
217 25
218 23
219 20
220 20
221 24
222 22
223 20
224 16
225 26
226 24
227 21
228 28
229 27
230 24
231 22
232 24
233 26
234 24
235 21
236 20
237 25
238 23
239 20
240 16
241 27
242 24
243 21
244 28
245 28
246 25
247 23
248 24
249 27
250 24
251 22
252 20
253 26
254 24
255 21
256 16
257 16
258 16
259 16
260 16
261 21
262 20
263 18
264 16
265 21
266 19
267 18
268 16
269 20
270 19
271 17
272 16
273 22
274 20
275 18
276 21
277 21
278 20
279 18
280 18
281 21
282 19
283 18
284 16
285 20
286 18
287 17
288 16
289 22
290 20
291 18
292 20
293 22
294 20
295 18
296 18
297 21
298 19
299 18
300 16
301 20
302 19
303 17
304 16
305 22
306 20
307 18
308 20
309 22
310 20
311 19
312 17
313 21
314 20
315 18
316 0
317 21
318 19
319 17
320 16
321 21
322 19
323 17
324 21
325 21
326 20
327 18
328 18
329 20
330 19
331 17
332 0
333 20
334 18
335 16
336 20
337 21
338 19
339 17
340 20
341 21
342 20
343 18
344 18
345 20
346 19
347 17
348 16
349 20
350 18
351 16
352 16
353 21
354 19
355 17
356 20
357 21
358 20
359 18
360 17
361 20
362 19
363 17
364 0
365 20
366 18
367 16
368 4
369 21
370 19
371 17
372 19
373 21
374 20
375 18
376 16
377 20
378 19
379 17
380 1
381 20
382 18
383 16
384 16
385 22
386 20
387 18
388 21
389 22
390 20
391 19
392 18
393 21
394 20
395 18
396 16
397 20
398 19
399 17
400 20
401 22
402 20
403 18
404 21
405 22
406 20
407 19
408 19
409 21
410 20
411 18
412 16
413 20
414 19
415 17
416 16
417 22
418 20
419 18
420 20
421 22
422 20
423 19
424 18
425 21
426 20
427 18
428 0
429 20
430 19
431 17
432 4
433 21
434 19
435 17
436 20
437 22
438 20
439 19
440 17
441 21
442 20
443 18
444 0
445 20
446 19
447 17
448 16
449 23
450 20
451 18
452 22
453 23
454 21
455 20
456 19
457 22
458 20
459 19
460 16
461 21
462 20
463 18
464 20
465 23
466 21
467 18
468 22
469 23
470 21
471 20
472 20
473 22
474 20
475 19
476 17
477 21
478 20
479 18
480 16
481 22
482 20
483 18
484 21
485 23
486 21
487 20
488 19
489 22
490 20
491 19
492 16
493 21
494 20
495 18
496 4
497 22
498 20
499 18
500 20
501 23
502 21
503 20
504 18
505 22
506 20
507 19
508 16
509 21
510 20
511 18
512 16
513 16
514 16
515 16
516 16
517 24
518 22
519 20
520 16
521 23
522 21
523 20
524 16
525 22
526 21
527 19
528 16
529 24
530 22
531 20
532 24
533 24
534 22
535 20
536 21
537 23
538 21
539 20
540 19
541 22
542 21
543 19
544 16
545 24
546 22
547 20
548 23
549 24
550 22
551 21
552 21
553 23
554 21
555 20
556 18
557 22
558 21
559 19
560 16
561 24
562 22
563 20
564 22
565 24
566 22
567 21
568 20
569 23
570 22
571 20
572 18
573 23
574 21
575 19
576 16
577 23
578 21
579 19
580 23
581 23
582 21
583 20
584 20
585 22
586 20
587 19
588 17
589 21
590 20
591 18
592 24
593 23
594 21
595 19
596 23
597 23
598 21
599 20
600 20
601 22
602 20
603 19
604 18
605 21
606 20
607 18
608 20
609 23
610 21
611 18
612 22
613 23
614 21
615 20
616 20
617 22
618 20
619 19
620 17
621 21
622 20
623 18
624 16
625 22
626 20
627 18
628 21
629 23
630 21
631 20
632 19
633 22
634 20
635 19
636 16
637 21
638 20
639 18
640 16
641 24
642 21
643 19
644 24
645 24
646 22
647 20
648 21
649 23
650 21
651 20
652 18
653 22
654 20
655 19
656 24
657 24
658 21
659 19
660 24
661 24
662 22
663 20
664 21
665 23
666 21
667 20
668 19
669 22
670 20
671 19
672 20
673 23
674 21
675 19
676 23
677 24
678 22
679 20
680 20
681 23
682 21
683 20
684 18
685 22
686 20
687 19
688 0
689 23
690 21
691 19
692 22
693 24
694 22
695 20
696 20
697 23
698 21
699 20
700 17
701 22
702 20
703 19
704 16
705 24
706 22
707 20
708 24
709 24
710 23
711 21
712 21
713 24
714 22
715 20
716 18
717 23
718 21
719 20
720 24
721 24
722 22
723 20
724 24
725 24
726 23
727 21
728 22
729 24
730 22
731 20
732 20
733 23
734 21
735 20
736 20
737 24
738 22
739 20
740 24
741 24
742 23
743 21
744 21
745 24
746 22
747 20
748 19
749 23
750 21
751 20
752 16
753 24
754 22
755 20
756 23
757 24
758 23
759 21
760 20
761 24
762 22
763 20
764 18
765 23
766 21
767 20
768 16
769 16
770 16
771 16
772 16
773 26
774 24
775 23
776 16
777 25
778 24
779 22
780 16
781 24
782 23
783 21
784 16
785 26
786 24
787 22
788 26
789 26
790 24
791 22
792 24
793 25
794 23
795 22
796 22
797 24
798 23
799 21
800 16
801 26
802 24
803 22
804 26
805 26
806 24
807 23
808 24
809 25
810 23
811 22
812 21
813 24
814 23
815 21
816 16
817 26
818 24
819 22
820 25
821 26
822 24
823 23
824 23
825 25
826 24
827 22
828 21
829 25
830 23
831 21
832 16
833 24
834 22
835 20
836 25
837 24
838 23
839 21
840 22
841 24
842 22
843 20
844 20
845 23
846 21
847 20
848 28
849 24
850 22
851 20
852 25
853 24
854 23
855 21
856 23
857 24
858 22
859 20
860 20
861 23
862 21
863 20
864 24
865 24
866 22
867 20
868 24
869 24
870 23
871 21
872 22
873 24
874 22
875 20
876 20
877 23
878 21
879 20
880 20
881 24
882 22
883 20
884 24
885 24
886 23
887 21
888 21
889 24
890 22
891 20
892 19
893 23
894 21
895 20
896 16
897 25
898 23
899 21
900 26
901 25
902 24
903 22
904 23
905 24
906 23
907 21
908 20
909 24
910 22
911 20
912 28
913 25
914 23
915 21
916 26
917 25
918 24
919 22
920 24
921 24
922 23
923 21
924 21
925 24
926 22
927 20
928 24
929 25
930 23
931 21
932 25
933 25
934 24
935 22
936 23
937 24
938 23
939 21
940 20
941 24
942 22
943 20
944 20
945 25
946 23
947 21
948 24
949 25
950 24
951 22
952 22
953 24
954 23
955 21
956 20
957 24
958 22
959 20
960 16
961 26
962 24
963 21
964 26
965 26
966 24
967 23
968 24
969 25
970 24
971 22
972 21
973 24
974 23
975 21
976 28
977 26
978 24
979 22
980 27
981 26
982 24
983 23
984 24
985 25
986 24
987 22
988 22
989 24
990 23
991 21
992 24
993 26
994 24
995 21
996 26
997 26
998 24
999 23
1000 24
1001 25
1002 24
1003 22
1004 21
1005 24
1006 23
1007 21
1008 20
1009 25
1010 23
1011 21
1012 25
1013 26
1014 24
1015 23
1016 23
1017 25
1018 24
1019 22
1020 20
1021 24
1022 23
1023 21
1024 16
1025 16
1026 16
1027 16
1028 16
1029 22
1030 21
1031 20
1032 16
1033 21
1034 20
1035 19
1036 16
1037 21
1038 20
1039 18
1040 16
1041 22
1042 20
1043 19
1044 21
1045 22
1046 21
1047 20
1048 20
1049 21
1050 20
1051 19
1052 18
1053 21
1054 20
1055 18
1056 16
1057 22
1058 20
1059 19
1060 21
1061 22
1062 21
1063 20
1064 19
1065 21
1066 20
1067 19
1068 18
1069 21
1070 20
1071 18
1072 16
1073 21
1074 20
1075 18
1076 20
1077 22
1078 21
1079 20
1080 19
1081 21
1082 20
1083 19
1084 17
1085 21
1086 20
1087 18
1088 16
1089 22
1090 20
1091 18
1092 22
1093 22
1094 20
1095 19
1096 20
1097 21
1098 20
1099 18
1100 18
1101 20
1102 19
1103 18
1104 21
1105 22
1106 20
1107 19
1108 21
1109 22
1110 20
1111 19
1112 20
1113 21
1114 20
1115 19
1116 18
1117 20
1118 19
1119 18
1120 19
1121 21
1122 20
1123 18
1124 21
1125 21
1126 20
1127 19
1128 19
1129 21
1130 20
1131 18
1132 17
1133 20
1134 19
1135 18
1136 17
1137 21
1138 20
1139 18
1140 20
1141 21
1142 20
1143 19
1144 18
1145 21
1146 20
1147 18
1148 17
1149 20
1150 19
1151 18
1152 16
1153 22
1154 20
1155 19
1156 22
1157 22
1158 21
1159 20
1160 20
1161 21
1162 20
1163 19
1164 18
1165 21
1166 19
1167 18
1168 21
1169 22
1170 20
1171 19
1172 21
1173 22
1174 21
1175 20
1176 20
1177 21
1178 20
1179 19
1180 18
1181 21
1182 20
1183 18
1184 18
1185 22
1186 20
1187 19
1188 21
1189 22
1190 21
1191 20
1192 19
1193 21
1194 20
1195 19
1196 18
1197 21
1198 19
1199 18
1200 16
1201 21
1202 20
1203 18
1204 20
1205 22
1206 21
1207 19
1208 18
1209 21
1210 20
1211 19
1212 17
1213 20
1214 19
1215 18
1216 16
1217 22
1218 21
1219 19
1220 22
1221 22
1222 21
1223 20
1224 20
1225 22
1226 21
1227 19
1228 18
1229 21
1230 20
1231 19
1232 20
1233 22
1234 21
1235 19
1236 22
1237 22
1238 21
1239 20
1240 20
1241 22
1242 21
1243 19
1244 18
1245 21
1246 20
1247 19
1248 18
1249 22
1250 20
1251 19
1252 21
1253 22
1254 21
1255 20
1256 19
1257 22
1258 20
1259 19
1260 18
1261 21
1262 20
1263 19
1264 0
1265 22
1266 20
1267 19
1268 20
1269 22
1270 21
1271 20
1272 19
1273 22
1274 20
1275 19
1276 17
1277 21
1278 20
1279 19
1280 16
1281 22
1282 20
1283 18
1284 21
1285 22
1286 20
1287 19
1288 19
1289 21
1290 20
1291 19
1292 17
1293 20
1294 19
1295 18
1296 21
1297 22
1298 20
1299 19
1300 21
1301 22
1302 20
1303 19
1304 20
1305 21
1306 20
1307 19
1308 18
1309 20
1310 19
1311 18
1312 18
1313 21
1314 20
1315 18
1316 20
1317 21
1318 20
1319 19
1320 19
1321 21
1322 20
1323 18
1324 17
1325 20
1326 19
1327 18
1328 0
1329 21
1330 19
1331 18
1332 20
1333 21
1334 20
1335 19
1336 18
1337 21
1338 19
1339 18
1340 16
1341 20
1342 19
1343 18
1344 24
1345 22
1346 20
1347 18
1348 21
1349 22
1350 20
1351 19
1352 19
1353 21
1354 20
1355 18
1356 17
1357 20
1358 19
1359 18
1360 21
1361 22
1362 20
1363 19
1364 21
1365 21
1366 20
1367 19
1368 20
1369 21
1370 20
1371 18
1372 18
1373 20
1374 19
1375 18
1376 19
1377 21
1378 20
1379 18
1380 20
1381 21
1382 20
1383 19
1384 19
1385 21
1386 19
1387 18
1388 17
1389 20
1390 19
1391 18
1392 16
1393 21
1394 19
1395 18
1396 20
1397 21
1398 20
1399 19
1400 18
1401 20
1402 19
1403 18
1404 16
1405 20
1406 18
1407 17
1408 20
1409 22
1410 20
1411 18
1412 21
1413 22
1414 21
1415 19
1416 19
1417 21
1418 20
1419 19
1420 17
1421 20
1422 19
1423 18
1424 20
1425 22
1426 20
1427 19
1428 21
1429 22
1430 21
1431 19
1432 20
1433 21
1434 20
1435 19
1436 18
1437 20
1438 19
1439 18
1440 18
1441 21
1442 20
1443 18
1444 20
1445 21
1446 20
1447 19
1448 19
1449 21
1450 20
1451 18
1452 17
1453 20
1454 19
1455 18
1456 0
1457 21
1458 19
1459 18
1460 20
1461 21
1462 20
1463 19
1464 18
1465 21
1466 19
1467 18
1468 16
1469 20
1470 19
1471 18
1472 0
1473 22
1474 20
1475 18
1476 21
1477 22
1478 21
1479 20
1480 19
1481 21
1482 20
1483 19
1484 17
1485 20
1486 19
1487 18
1488 20
1489 22
1490 20
1491 19
1492 21
1493 22
1494 21
1495 20
1496 20
1497 21
1498 20
1499 19
1500 18
1501 21
1502 19
1503 18
1504 17
1505 21
1506 20
1507 18
1508 20
1509 22
1510 21
1511 19
1512 19
1513 21
1514 20
1515 19
1516 17
1517 20
1518 19
1519 18
1520 0
1521 21
1522 19
1523 18
1524 20
1525 21
1526 20
1527 19
1528 18
1529 21
1530 20
1531 18
1532 16
1533 20
1534 19
1535 18
1536 16
1537 22
1538 21
1539 19
1540 22
1541 22
1542 21
1543 20
1544 20
1545 22
1546 20
1547 19
1548 18
1549 21
1550 20
1551 19
1552 21
1553 22
1554 21
1555 19
1556 22
1557 22
1558 21
1559 20
1560 20
1561 22
1562 21
1563 19
1564 19
1565 21
1566 20
1567 19
1568 18
1569 22
1570 20
1571 19
1572 21
1573 22
1574 21
1575 20
1576 20
1577 21
1578 20
1579 19
1580 18
1581 21
1582 20
1583 19
1584 0
1585 21
1586 20
1587 18
1588 20
1589 22
1590 21
1591 20
1592 19
1593 21
1594 20
1595 19
1596 17
1597 21
1598 20
1599 18
1600 24
1601 22
1602 21
1603 19
1604 22
1605 22
1606 21
1607 20
1608 20
1609 21
1610 20
1611 19
1612 18
1613 21
1614 20
1615 18
1616 22
1617 22
1618 21
1619 19
1620 22
1621 22
1622 21
1623 20
1624 20
1625 21
1626 20
1627 19
1628 19
1629 21
1630 20
1631 18
1632 20
1633 22
1634 20
1635 19
1636 21
1637 22
1638 21
1639 20
1640 20
1641 21
1642 20
1643 19
1644 18
1645 21
1646 19
1647 18
1648 17
1649 21
1650 20
1651 18
1652 20
1653 22
1654 21
1655 19
1656 19
1657 21
1658 20
1659 19
1660 17
1661 20
1662 19
1663 18
1664 20
1665 22
1666 21
1667 19
1668 22
1669 22
1670 21
1671 20
1672 20
1673 22
1674 20
1675 19
1676 18
1677 21
1678 20
1679 18
1680 21
1681 22
1682 21
1683 19
1684 22
1685 22
1686 21
1687 20
1688 20
1689 22
1690 21
1691 19
1692 19
1693 21
1694 20
1695 19
1696 19
1697 22
1698 20
1699 19
1700 21
1701 22
1702 21
1703 20
1704 20
1705 21
1706 20
1707 19
1708 18
1709 21
1710 20
1711 18
1712 16
1713 21
1714 20
1715 18
1716 20
1717 22
1718 21
1719 20
1720 19
1721 21
1722 20
1723 19
1724 17
1725 21
1726 19
1727 18
1728 0
1729 22
1730 21
1731 19
1732 22
1733 23
1734 21
1735 20
1736 20
1737 22
1738 21
1739 19
1740 18
1741 21
1742 20
1743 19
1744 20
1745 22
1746 21
1747 19
1748 22
1749 23
1750 21
1751 20
1752 20
1753 22
1754 21
1755 20
1756 19
1757 21
1758 20
1759 19
1760 18
1761 22
1762 20
1763 19
1764 21
1765 22
1766 21
1767 20
1768 20
1769 22
1770 21
1771 19
1772 18
1773 21
1774 20
1775 19
1776 0
1777 22
1778 20
1779 19
1780 20
1781 22
1782 21
1783 20
1784 19
1785 21
1786 20
1787 19
1788 17
1789 21
1790 20
1791 18
1792 16
1793 23
1794 21
1795 20
1796 23
1797 23
1798 22
1799 21
1800 20
1801 22
1802 21
1803 20
1804 18
1805 22
1806 20
1807 19
1808 22
1809 23
1810 21
1811 20
1812 23
1813 23
1814 22
1815 21
1816 21
1817 22
1818 21
1819 20
1820 20
1821 22
1822 21
1823 20
1824 19
1825 23
1826 21
1827 20
1828 22
1829 23
1830 22
1831 21
1832 20
1833 22
1834 21
1835 20
1836 19
1837 22
1838 20
1839 19
1840 16
1841 22
1842 21
1843 19
1844 21
1845 23
1846 22
1847 20
1848 20
1849 22
1850 21
1851 20
1852 18
1853 21
1854 20
1855 19
1856 24
1857 23
1858 21
1859 20
1860 23
1861 23
1862 22
1863 20
1864 21
1865 22
1866 21
1867 20
1868 19
1869 21
1870 20
1871 19
1872 23
1873 23
1874 21
1875 20
1876 23
1877 23
1878 22
1879 21
1880 21
1881 22
1882 21
1883 20
1884 20
1885 21
1886 20
1887 19
1888 20
1889 22
1890 21
1891 19
1892 22
1893 23
1894 21
1895 20
1896 20
1897 22
1898 21
1899 20
1900 19
1901 21
1902 20
1903 19
1904 18
1905 22
1906 20
1907 19
1908 21
1909 22
1910 21
1911 20
1912 20
1913 22
1914 21
1915 19
1916 18
1917 21
1918 20
1919 19
1920 20
1921 23
1922 21
1923 20
1924 23
1925 23
1926 22
1927 21
1928 21
1929 22
1930 21
1931 20
1932 18
1933 22
1934 20
1935 19
1936 22
1937 23
1938 21
1939 20
1940 23
1941 23
1942 22
1943 21
1944 21
1945 22
1946 21
1947 20
1948 20
1949 22
1950 21
1951 19
1952 20
1953 23
1954 21
1955 20
1956 22
1957 23
1958 22
1959 21
1960 20
1961 22
1962 21
1963 20
1964 19
1965 21
1966 20
1967 19
1968 17
1969 22
1970 21
1971 19
1972 21
1973 23
1974 21
1975 20
1976 20
1977 22
1978 21
1979 20
1980 18
1981 21
1982 20
1983 19
1984 16
1985 23
1986 21
1987 20
1988 22
1989 23
1990 22
1991 21
1992 20
1993 22
1994 21
1995 20
1996 18
1997 22
1998 21
1999 19
2000 21
2001 23
2002 22
2003 20
2004 23
2005 23
2006 22
2007 21
2008 21
2009 23
2010 21
2011 20
2012 20
2013 22
2014 21
2015 20
2016 19
2017 23
2018 21
2019 20
2020 22
2021 23
2022 22
2023 21
2024 20
2025 22
2026 21
2027 20
2028 19
2029 22
2030 21
2031 19
2032 16
2033 22
2034 21
2035 19
2036 21
2037 23
2038 22
2039 21
2040 20
2041 22
2042 21
2043 20
2044 18
2045 21
2046 20
2047 19
2048 16
2049 16
2050 16
2051 16
2052 16
2053 24
2054 22
2055 21
2056 16
2057 23
2058 22
2059 21
2060 16
2061 22
2062 21
2063 20
2064 16
2065 24
2066 22
2067 21
2068 24
2069 24
2070 22
2071 21
2072 22
2073 23
2074 22
2075 21
2076 20
2077 22
2078 21
2079 20
2080 16
2081 23
2082 22
2083 20
2084 23
2085 24
2086 22
2087 21
2088 21
2089 23
2090 22
2091 21
2092 20
2093 22
2094 21
2095 20
2096 16
2097 23
2098 22
2099 20
2100 22
2101 24
2102 22
2103 21
2104 21
2105 23
2106 22
2107 21
2108 19
2109 22
2110 21
2111 20
2112 16
2113 23
2114 22
2115 20
2116 24
2117 23
2118 22
2119 21
2120 22
2121 22
2122 21
2123 20
2124 20
2125 22
2126 21
2127 19
2128 24
2129 23
2130 22
2131 20
2132 23
2133 23
2134 22
2135 21
2136 22
2137 22
2138 21
2139 20
2140 20
2141 22
2142 21
2143 19
2144 22
2145 23
2146 21
2147 20
2148 23
2149 23
2150 22
2151 21
2152 21
2153 22
2154 21
2155 20
2156 19
2157 22
2158 20
2159 19
2160 20
2161 23
2162 21
2163 20
2164 22
2165 23
2166 22
2167 20
2168 20
2169 22
2170 21
2171 20
2172 19
2173 22
2174 20
2175 19
2176 16
2177 24
2178 22
2179 20
2180 24
2181 24
2182 22
2183 21
2184 22
2185 23
2186 22
2187 20
2188 20
2189 22
2190 21
2191 20
2192 24
2193 24
2194 22
2195 20
2196 24
2197 24
2198 22
2199 21
2200 22
2201 23
2202 22
2203 20
2204 20
2205 22
2206 21
2207 20
2208 21
2209 23
2210 22
2211 20
2212 23
2213 23
2214 22
2215 21
2216 21
2217 23
2218 22
2219 20
2220 20
2221 22
2222 21
2223 20
2224 19
2225 23
2226 21
2227 20
2228 22
2229 23
2230 22
2231 21
2232 21
2233 23
2234 21
2235 20
2236 19
2237 22
2238 21
2239 20
2240 16
2241 24
2242 22
2243 20
2244 24
2245 24
2246 23
2247 21
2248 22
2249 23
2250 22
2251 21
2252 20
2253 23
2254 21
2255 20
2256 23
2257 24
2258 22
2259 21
2260 24
2261 24
2262 23
2263 22
2264 22
2265 23
2266 22
2267 21
2268 21
2269 23
2270 21
2271 20
2272 21
2273 24
2274 22
2275 20
2276 23
2277 24
2278 23
2279 21
2280 21
2281 23
2282 22
2283 21
2284 20
2285 23
2286 21
2287 20
2288 18
2289 23
2290 22
2291 20
2292 22
2293 24
2294 23
2295 21
2296 21
2297 23
2298 22
2299 21
2300 19
2301 22
2302 21
2303 20
2304 16
2305 23
2306 21
2307 20
2308 23
2309 23
2310 22
2311 20
2312 21
2313 22
2314 21
2315 20
2316 19
2317 21
2318 20
2319 19
2320 23
2321 23
2322 21
2323 20
2324 23
2325 23
2326 22
2327 21
2328 21
2329 22
2330 21
2331 20
2332 20
2333 21
2334 20
2335 19
2336 20
2337 22
2338 21
2339 19
2340 22
2341 23
2342 21
2343 20
2344 20
2345 22
2346 21
2347 20
2348 19
2349 21
2350 20
2351 19
2352 17
2353 22
2354 21
2355 19
2356 21
2357 22
2358 21
2359 20
2360 20
2361 22
2362 21
2363 20
2364 18
2365 21
2366 20
2367 19
2368 28
2369 23
2370 21
2371 20
2372 23
2373 23
2374 21
2375 20
2376 21
2377 22
2378 21
2379 20
2380 19
2381 21
2382 20
2383 19
2384 24
2385 23
2386 21
2387 20
2388 23
2389 23
2390 21
2391 20
2392 21
2393 22
2394 21
2395 20
2396 20
2397 21
2398 20
2399 19
2400 21
2401 22
2402 21
2403 19
2404 22
2405 22
2406 21
2407 20
2408 20
2409 22
2410 21
2411 19
2412 19
2413 21
2414 20
2415 19
2416 19
2417 22
2418 20
2419 19
2420 21
2421 22
2422 21
2423 20
2424 20
2425 21
2426 20
2427 19
2428 18
2429 21
2430 20
2431 18
2432 24
2433 23
2434 21
2435 20
2436 23
2437 23
2438 22
2439 20
2440 21
2441 22
2442 21
2443 20
2444 19
2445 21
2446 20
2447 19
2448 23
2449 23
2450 21
2451 20
2452 23
2453 23
2454 22
2455 21
2456 21
2457 22
2458 21
2459 20
2460 20
2461 21
2462 20
2463 19
2464 20
2465 22
2466 21
2467 19
2468 22
2469 23
2470 21
2471 20
2472 20
2473 22
2474 21
2475 20
2476 19
2477 21
2478 20
2479 19
2480 18
2481 22
2482 20
2483 19
2484 21
2485 22
2486 21
2487 20
2488 20
2489 22
2490 21
2491 19
2492 18
2493 21
2494 20
2495 19
2496 20
2497 23
2498 21
2499 20
2500 23
2501 23
2502 22
2503 21
2504 21
2505 22
2506 21
2507 20
2508 18
2509 22
2510 20
2511 19
2512 22
2513 23
2514 21
2515 20
2516 23
2517 23
2518 22
2519 21
2520 21
2521 22
2522 21
2523 20
2524 20
2525 22
2526 21
2527 19
2528 20
2529 23
2530 21
2531 20
2532 22
2533 23
2534 22
2535 21
2536 20
2537 22
2538 21
2539 20
2540 19
2541 21
2542 20
2543 19
2544 17
2545 22
2546 21
2547 19
2548 21
2549 23
2550 21
2551 20
2552 20
2553 22
2554 21
2555 20
2556 18
2557 21
2558 20
2559 19
2560 16
2561 24
2562 22
2563 20
2564 24
2565 24
2566 22
2567 21
2568 21
2569 23
2570 22
2571 20
2572 19
2573 22
2574 21
2575 20
2576 24
2577 24
2578 22
2579 21
2580 24
2581 24
2582 22
2583 21
2584 22
2585 23
2586 22
2587 21
2588 20
2589 22
2590 21
2591 20
2592 21
2593 23
2594 22
2595 20
2596 23
2597 23
2598 22
2599 21
2600 21
2601 23
2602 22
2603 20
2604 20
2605 22
2606 21
2607 20
2608 18
2609 23
2610 21
2611 20
2612 22
2613 23
2614 22
2615 21
2616 20
2617 22
2618 21
2619 20
2620 19
2621 22
2622 21
2623 20
2624 28
2625 24
2626 22
2627 20
2628 24
2629 23
2630 22
2631 21
2632 22
2633 23
2634 21
2635 20
2636 20
2637 22
2638 21
2639 19
2640 24
2641 23
2642 22
2643 20
2644 24
2645 23
2646 22
2647 21
2648 22
2649 23
2650 21
2651 20
2652 20
2653 22
2654 21
2655 20
2656 22
2657 23
2658 21
2659 20
2660 23
2661 23
2662 22
2663 21
2664 21
2665 22
2666 21
2667 20
2668 20
2669 22
2670 21
2671 19
2672 20
2673 23
2674 21
2675 20
2676 22
2677 23
2678 22
2679 21
2680 20
2681 22
2682 21
2683 20
2684 19
2685 21
2686 20
2687 19
2688 24
2689 24
2690 22
2691 20
2692 24
2693 24
2694 22
2695 21
2696 21
2697 23
2698 22
2699 20
2700 19
2701 22
2702 21
2703 20
2704 24
2705 24
2706 22
2707 20
2708 24
2709 24
2710 22
2711 21
2712 22
2713 23
2714 22
2715 21
2716 20
2717 22
2718 21
2719 20
2720 21
2721 23
2722 22
2723 20
2724 23
2725 23
2726 22
2727 21
2728 21
2729 23
2730 21
2731 20
2732 20
2733 22
2734 21
2735 20
2736 19
2737 23
2738 21
2739 20
2740 22
2741 23
2742 22
2743 21
2744 20
2745 22
2746 21
2747 20
2748 19
2749 22
2750 21
2751 19
2752 20
2753 24
2754 22
2755 20
2756 23
2757 24
2758 22
2759 21
2760 21
2761 23
2762 22
2763 21
2764 19
2765 22
2766 21
2767 20
2768 23
2769 24
2770 22
2771 21
2772 24
2773 24
2774 23
2775 21
2776 22
2777 23
2778 22
2779 21
2780 20
2781 22
2782 21
2783 20
2784 20
2785 23
2786 22
2787 20
2788 23
2789 24
2790 22
2791 21
2792 21
2793 23
2794 22
2795 21
2796 20
2797 22
2798 21
2799 20
2800 18
2801 23
2802 21
2803 20
2804 22
2805 23
2806 22
2807 21
2808 20
2809 23
2810 21
2811 20
2812 19
2813 22
2814 21
2815 20
2816 16
2817 24
2818 22
2819 21
2820 24
2821 24
2822 23
2823 22
2824 22
2825 24
2826 22
2827 21
2828 20
2829 23
2830 22
2831 20
2832 24
2833 24
2834 23
2835 21
2836 24
2837 24
2838 23
2839 22
2840 23
2841 24
2842 22
2843 21
2844 21
2845 23
2846 22
2847 21
2848 21
2849 24
2850 22
2851 21
2852 24
2853 24
2854 23
2855 22
2856 22
2857 23
2858 22
2859 21
2860 20
2861 23
2862 22
2863 21
2864 18
2865 23
2866 22
2867 20
2868 23
2869 24
2870 23
2871 22
2872 21
2873 23
2874 22
2875 21
2876 20
2877 23
2878 21
2879 20
2880 28
2881 24
2882 22
2883 21
2884 24
2885 24
2886 23
2887 22
2888 22
2889 23
2890 22
2891 21
2892 20
2893 22
2894 21
2895 20
2896 25
2897 24
2898 23
2899 21
2900 24
2901 24
2902 23
2903 22
2904 23
2905 23
2906 22
2907 21
2908 21
2909 23
2910 21
2911 20
2912 23
2913 24
2914 22
2915 21
2916 24
2917 24
2918 23
2919 21
2920 22
2921 23
2922 22
2923 21
2924 20
2925 22
2926 21
2927 20
2928 20
2929 23
2930 22
2931 20
2932 23
2933 24
2934 22
2935 21
2936 21
2937 23
2938 22
2939 21
2940 20
2941 22
2942 21
2943 20
2944 24
2945 24
2946 22
2947 21
2948 24
2949 24
2950 23
2951 22
2952 22
2953 23
2954 22
2955 21
2956 20
2957 23
2958 21
2959 20
2960 24
2961 24
2962 23
2963 21
2964 24
2965 24
2966 23
2967 22
2968 23
2969 24
2970 22
2971 21
2972 21
2973 23
2974 22
2975 21
2976 22
2977 24
2978 22
2979 21
2980 24
2981 24
2982 23
2983 22
2984 22
2985 23
2986 22
2987 21
2988 20
2989 23
2990 21
2991 20
2992 20
2993 23
2994 22
2995 20
2996 23
2997 24
2998 23
2999 21
3000 21
3001 23
3002 22
3003 21
3004 20
3005 22
3006 21
3007 20
3008 20
3009 24
3010 22
3011 21
3012 24
3013 24
3014 23
3015 22
3016 22
3017 24
3018 22
3019 21
3020 20
3021 23
3022 22
3023 20
3024 24
3025 24
3026 23
3027 21
3028 24
3029 24
3030 23
3031 22
3032 23
3033 24
3034 23
3035 21
3036 21
3037 23
3038 22
3039 21
3040 21
3041 24
3042 22
3043 21
3044 24
3045 24
3046 23
3047 22
3048 22
3049 24
3050 22
3051 21
3052 20
3053 23
3054 22
3055 21
3056 19
3057 23
3058 22
3059 20
3060 23
3061 24
3062 23
3063 22
3064 21
3065 23
3066 22
3067 21
3068 20
3069 23
3070 21
3071 20
3072 16
3073 16
3074 16
3075 16
3076 16
3077 25
3078 24
3079 23
3080 16
3081 25
3082 24
3083 22
3084 16
3085 24
3086 23
3087 22
3088 16
3089 25
3090 24
3091 22
3092 26
3093 25
3094 24
3095 23
3096 24
3097 25
3098 24
3099 22
3100 23
3101 24
3102 23
3103 22
3104 16
3105 25
3106 24
3107 22
3108 25
3109 25
3110 24
3111 23
3112 24
3113 25
3114 24
3115 22
3116 22
3117 24
3118 23
3119 22
3120 16
3121 25
3122 23
3123 22
3124 24
3125 25
3126 24
3127 23
3128 23
3129 25
3130 24
3131 22
3132 21
3133 24
3134 23
3135 22
3136 16
3137 25
3138 23
3139 21
3140 26
3141 25
3142 23
3143 22
3144 24
3145 24
3146 23
3147 21
3148 22
3149 23
3150 22
3151 21
3152 27
3153 25
3154 23
3155 22
3156 25
3157 25
3158 23
3159 22
3160 24
3161 24
3162 23
3163 22
3164 22
3165 23
3166 22
3167 21
3168 25
3169 24
3170 23
3171 21
3172 25
3173 24
3174 23
3175 22
3176 23
3177 24
3178 23
3179 21
3180 21
3181 23
3182 22
3183 21
3184 22
3185 24
3186 23
3187 21
3188 24
3189 24
3190 23
3191 22
3192 22
3193 24
3194 23
3195 21
3196 21
3197 23
3198 22
3199 21
3200 16
3201 25
3202 23
3203 22
3204 26
3205 25
3206 24
3207 23
3208 24
3209 24
3210 23
3211 22
3212 22
3213 24
3214 22
3215 21
3216 26
3217 25
3218 24
3219 22
3220 26
3221 25
3222 24
3223 23
3224 24
3225 24
3226 23
3227 22
3228 22
3229 24
3230 23
3231 21
3232 24
3233 25
3234 23
3235 22
3236 25
3237 25
3238 24
3239 23
3240 23
3241 24
3242 23
3243 22
3244 22
3245 24
3246 22
3247 21
3248 22
3249 24
3250 23
3251 21
3252 24
3253 25
3254 24
3255 22
3256 23
3257 24
3258 23
3259 22
3260 21
3261 24
3262 22
3263 21
3264 16
3265 25
3266 24
3267 22
3268 26
3269 25
3270 24
3271 23
3272 24
3273 25
3274 24
3275 22
3276 22
3277 24
3278 23
3279 22
3280 26
3281 25
3282 24
3283 22
3284 26
3285 25
3286 24
3287 23
3288 24
3289 25
3290 24
3291 22
3292 23
3293 24
3294 23
3295 22
3296 24
3297 25
3298 24
3299 22
3300 25
3301 25
3302 24
3303 23
3304 24
3305 25
3306 24
3307 22
3308 22
3309 24
3310 23
3311 22
3312 21
3313 25
3314 23
3315 22
3316 24
3317 25
3318 24
3319 23
3320 23
3321 25
3322 23
3323 22
3324 21
3325 24
3326 23
3327 22
3328 16
3329 24
3330 22
3331 21
3332 24
3333 24
3334 23
3335 22
3336 22
3337 23
3338 22
3339 21
3340 20
3341 23
3342 21
3343 20
3344 25
3345 24
3346 23
3347 21
3348 24
3349 24
3350 23
3351 22
3352 23
3353 23
3354 22
3355 21
3356 21
3357 23
3358 22
3359 20
3360 22
3361 24
3362 22
3363 21
3364 24
3365 24
3366 23
3367 22
3368 22
3369 23
3370 22
3371 21
3372 20
3373 22
3374 21
3375 20
3376 20
3377 23
3378 22
3379 20
3380 23
3381 24
3382 22
3383 21
3384 21
3385 23
3386 22
3387 21
3388 20
3389 22
3390 21
3391 20
3392 31
3393 24
3394 22
3395 21
3396 25
3397 24
3398 23
3399 21
3400 23
3401 23
3402 22
3403 21
3404 21
3405 22
3406 21
3407 20
3408 26
3409 24
3410 22
3411 21
3412 24
3413 24
3414 23
3415 21
3416 23
3417 23
3418 22
3419 21
3420 21
3421 22
3422 21
3423 20
3424 24
3425 24
3426 22
3427 20
3428 24
3429 24
3430 22
3431 21
3432 22
3433 23
3434 22
3435 21
3436 20
3437 22
3438 21
3439 20
3440 21
3441 23
3442 22
3443 20
3444 23
3445 23
3446 22
3447 21
3448 21
3449 23
3450 21
3451 20
3452 20
3453 22
3454 21
3455 20
3456 28
3457 24
3458 22
3459 21
3460 24
3461 24
3462 23
3463 22
3464 22
3465 23
3466 22
3467 21
3468 20
3469 22
3470 21
3471 20
3472 25
3473 24
3474 23
3475 21
3476 24
3477 24
3478 23
3479 22
3480 23
3481 23
3482 22
3483 21
3484 21
3485 23
3486 21
3487 20
3488 23
3489 24
3490 22
3491 21
3492 24
3493 24
3494 23
3495 21
3496 22
3497 23
3498 22
3499 21
3500 20
3501 22
3502 21
3503 20
3504 20
3505 23
3506 22
3507 20
3508 23
3509 24
3510 22
3511 21
3512 21
3513 23
3514 22
3515 21
3516 20
3517 22
3518 21
3519 20
3520 24
3521 24
3522 22
3523 21
3524 24
3525 24
3526 23
3527 22
3528 22
3529 23
3530 22
3531 21
3532 20
3533 23
3534 21
3535 20
3536 24
3537 24
3538 23
3539 21
3540 24
3541 24
3542 23
3543 22
3544 23
3545 24
3546 22
3547 21
3548 21
3549 23
3550 22
3551 21
3552 22
3553 24
3554 22
3555 21
3556 24
3557 24
3558 23
3559 22
3560 22
3561 23
3562 22
3563 21
3564 20
3565 23
3566 21
3567 20
3568 20
3569 23
3570 22
3571 20
3572 23
3573 24
3574 23
3575 21
3576 21
3577 23
3578 22
3579 21
3580 20
3581 22
3582 21
3583 20
3584 16
3585 25
3586 23
3587 21
3588 25
3589 25
3590 24
3591 22
3592 23
3593 24
3594 23
3595 22
3596 21
3597 23
3598 22
3599 21
3600 26
3601 25
3602 23
3603 22
3604 25
3605 25
3606 24
3607 22
3608 24
3609 24
3610 23
3611 22
3612 22
3613 23
3614 22
3615 21
3616 23
3617 24
3618 23
3619 21
3620 24
3621 25
3622 23
3623 22
3624 23
3625 24
3626 23
3627 22
3628 21
3629 23
3630 22
3631 21
3632 20
3633 24
3634 22
3635 21
3636 24
3637 24
3638 23
3639 22
3640 22
3641 24
3642 23
3643 21
3644 20
3645 23
3646 22
3647 21
3648 31
3649 25
3650 23
3651 21
3652 25
3653 24
3654 23
3655 22
3656 23
3657 24
3658 22
3659 21
3660 21
3661 23
3662 22
3663 21
3664 27
3665 25
3666 23
3667 22
3668 25
3669 24
3670 23
3671 22
3672 24
3673 24
3674 23
3675 21
3676 22
3677 23
3678 22
3679 21
3680 24
3681 24
3682 23
3683 21
3684 24
3685 24
3686 23
3687 22
3688 23
3689 24
3690 22
3691 21
3692 21
3693 23
3694 22
3695 21
3696 22
3697 24
3698 22
3699 21
3700 24
3701 24
3702 23
3703 22
3704 22
3705 23
3706 22
3707 21
3708 20
3709 23
3710 21
3711 20
3712 28
3713 25
3714 23
3715 21
3716 25
3717 25
3718 23
3719 22
3720 23
3721 24
3722 23
3723 21
3724 21
3725 23
3726 22
3727 21
3728 26
3729 25
3730 23
3731 22
3732 25
3733 25
3734 24
3735 22
3736 24
3737 24
3738 23
3739 22
3740 22
3741 23
3742 22
3743 21
3744 24
3745 24
3746 23
3747 21
3748 24
3749 24
3750 23
3751 22
3752 23
3753 24
3754 23
3755 21
3756 21
3757 23
3758 22
3759 21
3760 21
3761 24
3762 22
3763 21
3764 24
3765 24
3766 23
3767 22
3768 22
3769 24
3770 22
3771 21
3772 20
3773 23
3774 22
3775 21
3776 24
3777 25
3778 23
3779 21
3780 25
3781 25
3782 24
3783 22
3784 23
3785 24
3786 23
3787 22
3788 21
3789 23
3790 22
3791 21
3792 25
3793 25
3794 23
3795 22
3796 25
3797 25
3798 24
3799 23
3800 24
3801 24
3802 23
3803 22
3804 22
3805 24
3806 22
3807 21
3808 23
3809 24
3810 23
3811 21
3812 24
3813 25
3814 24
3815 22
3816 23
3817 24
3818 23
3819 22
3820 21
3821 23
3822 22
3823 21
3824 20
3825 24
3826 22
3827 21
3828 24
3829 24
3830 23
3831 22
3832 22
3833 24
3834 23
3835 21
3836 20
3837 23
3838 22
3839 21
3840 16
3841 25
3842 24
3843 22
3844 26
3845 25
3846 24
3847 23
3848 24
3849 25
3850 24
3851 22
3852 21
3853 24
3854 23
3855 22
3856 26
3857 25
3858 24
3859 22
3860 26
3861 25
3862 24
3863 23
3864 24
3865 25
3866 24
3867 23
3868 23
3869 24
3870 23
3871 22
3872 24
3873 25
3874 24
3875 22
3876 25
3877 25
3878 24
3879 23
3880 24
3881 25
3882 24
3883 22
3884 22
3885 24
3886 23
3887 22
3888 21
3889 25
3890 23
3891 22
3892 24
3893 25
3894 24
3895 23
3896 23
3897 24
3898 23
3899 22
3900 21
3901 24
3902 23
3903 22
3904 31
3905 25
3906 24
3907 22
3908 26
3909 25
3910 24
3911 23
3912 24
3913 24
3914 23
3915 22
3916 22
3917 24
3918 22
3919 21
3920 28
3921 25
3922 24
3923 22
3924 26
3925 25
3926 24
3927 23
3928 24
3929 24
3930 23
3931 22
3932 23
3933 24
3934 23
3935 21
3936 25
3937 25
3938 23
3939 22
3940 25
3941 25
3942 24
3943 23
3944 24
3945 24
3946 23
3947 22
3948 22
3949 24
3950 22
3951 21
3952 23
3953 24
3954 23
3955 21
3956 24
3957 25
3958 24
3959 22
3960 23
3961 24
3962 23
3963 22
3964 21
3965 23
3966 22
3967 21
3968 28
3969 25
3970 24
3971 22
3972 26
3973 25
3974 24
3975 23
3976 24
3977 25
3978 23
3979 22
3980 22
3981 24
3982 23
3983 21
3984 27
3985 25
3986 24
3987 22
3988 26
3989 25
3990 24
3991 23
3992 24
3993 25
3994 24
3995 22
3996 23
3997 24
3998 23
3999 22
4000 24
4001 25
4002 23
4003 22
4004 25
4005 25
4006 24
4007 23
4008 24
4009 24
4010 23
4011 22
4012 22
4013 24
4014 23
4015 21
4016 22
4017 24
4018 23
4019 21
4020 24
4021 25
4022 24
4023 23
4024 23
4025 24
4026 23
4027 22
4028 21
4029 24
4030 22
4031 21
4032 24
4033 25
4034 24
4035 22
4036 26
4037 25
4038 24
4039 23
4040 24
4041 25
4042 24
4043 22
4044 21
4045 24
4046 23
4047 22
4048 26
4049 25
4050 24
4051 22
4052 26
4053 26
4054 24
4055 23
4056 24
4057 25
4058 24
4059 23
4060 23
4061 24
4062 23
4063 22
4064 24
4065 25
4066 24
4067 22
4068 25
4069 25
4070 24
4071 23
4072 24
4073 25
4074 24
4075 22
4076 22
4077 24
4078 23
4079 22
4080 21
4081 25
4082 23
4083 22
4084 24
4085 25
4086 24
4087 23
4088 23
4089 24
4090 23
4091 22
4092 21
4093 24
4094 23
4095 21
