#CSC Slope LUT
#Structure is comparator code (iCC) -> Stub slope
#iCC bits: 12
#<header> v1.0 12 32 </header>
0 16
1 16
2 16
3 16
4 16
5 16
6 16
7 16
8 16
9 16
10 16
11 16
12 16
13 16
14 16
15 16
16 16
17 16
18 16
19 16
20 16
21 28
22 24
23 20
24 16
25 28
26 24
27 20
28 16
29 28
30 24
31 20
32 16
33 16
34 16
35 16
36 16
37 31
38 28
39 24
40 16
41 31
42 28
43 24
44 16
45 31
46 28
47 24
48 16
49 16
50 16
51 16
52 16
53 31
54 31
55 28
56 16
57 31
58 31
59 28
60 16
61 31
62 31
63 28
64 16
65 16
66 16
67 16
68 16
69 29
70 27
71 25
72 16
73 29
74 26
75 24
76 16
77 28
78 26
79 24
80 16
81 29
82 26
83 23
84 31
85 29
86 27
87 24
88 28
89 28
90 26
91 24
92 24
93 28
94 25
95 23
96 16
97 29
98 26
99 23
100 31
101 30
102 28
103 25
104 28
105 29
106 27
107 24
108 24
109 28
110 26
111 24
112 16
113 30
114 27
115 24
116 31
117 30
118 28
119 26
120 28
121 30
122 28
123 25
124 24
125 29
126 27
127 24
128 16
129 16
130 16
131 16
132 16
133 31
134 30
135 28
136 16
137 31
138 29
139 27
140 16
141 30
142 29
143 26
144 16
145 30
146 28
147 25
148 31
149 31
150 29
151 27
152 31
153 30
154 28
155 26
156 28
157 30
158 28
159 25
160 16
161 31
162 29
163 26
164 31
165 31
166 30
167 28
168 31
169 31
170 29
171 27
172 28
173 30
174 28
175 26
176 16
177 31
178 29
179 26
180 31
181 31
182 30
183 28
184 31
185 31
186 30
187 28
188 28
189 31
190 29
191 27
192 16
193 16
194 16
195 16
196 16
197 31
198 31
199 30
200 16
201 31
202 31
203 30
204 16
205 31
206 31
207 29
208 16
209 31
210 30
211 28
212 31
213 31
214 31
215 29
216 31
217 31
218 30
219 28
220 31
221 31
222 30
223 28
224 16
225 31
226 30
227 28
228 31
229 31
230 31
231 30
232 31
233 31
234 31
235 29
236 31
237 31
238 30
239 28
240 16
241 31
242 31
243 29
244 31
245 31
246 31
247 30
248 31
249 31
250 31
251 30
252 31
253 31
254 31
255 29
256 16
257 16
258 16
259 16
260 16
261 30
262 28
263 27
264 16
265 29
266 28
267 26
268 16
269 29
270 27
271 26
272 16
273 30
274 28
275 26
276 31
277 30
278 28
279 27
280 29
281 29
282 28
283 26
284 27
285 29
286 27
287 25
288 16
289 30
290 28
291 26
292 30
293 30
294 29
295 27
296 29
297 29
298 28
299 26
300 26
301 29
302 27
303 26
304 16
305 30
306 28
307 26
308 30
309 30
310 29
311 27
312 28
313 30
314 28
315 26
316 26
317 29
318 27
319 26
320 16
321 29
322 27
323 25
324 31
325 30
326 28
327 27
328 29
329 29
330 28
331 26
332 26
333 28
334 27
335 25
336 31
337 29
338 27
339 25
340 31
341 30
342 28
343 27
344 29
345 29
346 28
347 26
348 27
349 28
350 27
351 25
352 28
353 29
354 27
355 25
356 30
357 30
358 28
359 27
360 28
361 29
362 28
363 26
364 26
365 28
366 27
367 25
368 24
369 29
370 27
371 25
372 30
373 30
374 28
375 27
376 28
377 29
378 28
379 26
380 25
381 28
382 27
383 25
384 16
385 30
386 28
387 26
388 31
389 30
390 29
391 28
392 29
393 30
394 28
395 27
396 26
397 29
398 28
399 26
400 31
401 30
402 28
403 26
404 31
405 30
406 29
407 28
408 30
409 30
410 28
411 27
412 28
413 29
414 28
415 26
416 28
417 30
418 28
419 26
420 31
421 30
422 29
423 28
424 29
425 30
426 28
427 27
428 27
429 29
430 28
431 26
432 24
433 30
434 28
435 26
436 30
437 30
438 29
439 28
440 28
441 30
442 28
443 27
444 26
445 29
446 28
447 26
448 16
449 30
450 28
451 26
452 31
453 31
454 30
455 28
456 30
457 30
458 29
459 28
460 27
461 30
462 28
463 27
464 31
465 30
466 29
467 27
468 31
469 31
470 30
471 28
472 30
473 30
474 29
475 28
476 28
477 30
478 28
479 27
480 28
481 30
482 29
483 26
484 31
485 31
486 30
487 28
488 30
489 30
490 29
491 28
492 28
493 30
494 28
495 27
496 24
497 30
498 28
499 26
500 31
501 31
502 30
503 28
504 29
505 30
506 29
507 28
508 27
509 30
510 28
511 27
512 16
513 16
514 16
515 16
516 16
517 31
518 30
519 29
520 16
521 31
522 30
523 28
524 16
525 30
526 29
527 28
528 16
529 31
530 30
531 28
532 31
533 31
534 30
535 29
536 31
537 30
538 30
539 28
540 30
541 30
542 29
543 27
544 16
545 31
546 30
547 28
548 31
549 31
550 30
551 29
552 31
553 31
554 30
555 28
556 29
557 30
558 29
559 28
560 16
561 31
562 30
563 28
564 31
565 31
566 30
567 29
568 30
569 31
570 30
571 29
572 29
573 30
574 29
575 28
576 16
577 30
578 29
579 27
580 31
581 31
582 30
583 28
584 30
585 30
586 29
587 28
588 28
589 30
590 28
591 27
592 31
593 30
594 29
595 27
596 31
597 31
598 30
599 28
600 31
601 30
602 29
603 28
604 29
605 30
606 28
607 27
608 31
609 30
610 29
611 27
612 31
613 31
614 30
615 28
616 30
617 30
618 29
619 28
620 28
621 30
622 28
623 27
624 28
625 30
626 29
627 26
628 31
629 31
630 30
631 28
632 30
633 30
634 29
635 28
636 28
637 30
638 28
639 27
640 16
641 31
642 29
643 27
644 31
645 31
646 30
647 29
648 31
649 31
650 30
651 28
652 29
653 30
654 29
655 28
656 31
657 31
658 30
659 28
660 31
661 31
662 30
663 29
664 31
665 31
666 30
667 28
668 30
669 30
670 29
671 28
672 31
673 31
674 29
675 27
676 31
677 31
678 30
679 29
680 31
681 31
682 30
683 28
684 29
685 30
686 29
687 28
688 28
689 30
690 29
691 27
692 31
693 31
694 30
695 29
696 30
697 31
698 30
699 28
700 28
701 30
702 29
703 28
704 16
705 31
706 30
707 28
708 31
709 31
710 31
711 30
712 31
713 31
714 30
715 29
716 29
717 31
718 30
719 28
720 31
721 31
722 30
723 28
724 31
725 31
726 31
727 30
728 31
729 31
730 30
731 29
732 30
733 31
734 30
735 28
736 31
737 31
738 30
739 28
740 31
741 31
742 31
743 30
744 31
745 31
746 30
747 29
748 30
749 31
750 30
751 28
752 28
753 31
754 30
755 28
756 31
757 31
758 31
759 30
760 31
761 31
762 30
763 29
764 29
765 31
766 30
767 28
768 16
769 16
770 16
771 16
772 16
773 31
774 31
775 30
776 16
777 31
778 31
779 30
780 16
781 31
782 31
783 30
784 16
785 31
786 31
787 30
788 31
789 31
790 31
791 30
792 31
793 31
794 31
795 30
796 31
797 31
798 30
799 29
800 16
801 31
802 31
803 30
804 31
805 31
806 31
807 30
808 31
809 31
810 31
811 30
812 31
813 31
814 30
815 30
816 16
817 31
818 31
819 30
820 31
821 31
822 31
823 30
824 31
825 31
826 31
827 30
828 31
829 31
830 31
831 30
832 16
833 31
834 30
835 28
836 31
837 31
838 31
839 30
840 31
841 31
842 30
843 29
844 30
845 31
846 30
847 28
848 31
849 31
850 30
851 29
852 31
853 31
854 31
855 30
856 31
857 31
858 30
859 29
860 31
861 31
862 30
863 28
864 31
865 31
866 30
867 28
868 31
869 31
870 31
871 30
872 31
873 31
874 30
875 29
876 30
877 31
878 30
879 28
880 31
881 31
882 30
883 28
884 31
885 31
886 31
887 30
888 31
889 31
890 30
891 29
892 30
893 31
894 30
895 28
896 16
897 31
898 30
899 29
900 31
901 31
902 31
903 30
904 31
905 31
906 31
907 30
908 30
909 31
910 30
911 29
912 31
913 31
914 30
915 29
916 31
917 31
918 31
919 30
920 31
921 31
922 31
923 30
924 31
925 31
926 30
927 29
928 31
929 31
930 30
931 29
932 31
933 31
934 31
935 30
936 31
937 31
938 31
939 30
940 31
941 31
942 30
943 29
944 31
945 31
946 30
947 29
948 31
949 31
950 31
951 30
952 31
953 31
954 31
955 30
956 30
957 31
958 30
959 29
960 16
961 31
962 31
963 29
964 31
965 31
966 31
967 31
968 31
969 31
970 31
971 30
972 31
973 31
974 31
975 30
976 31
977 31
978 31
979 30
980 31
981 31
982 31
983 31
984 31
985 31
986 31
987 30
988 31
989 31
990 31
991 30
992 31
993 31
994 31
995 30
996 31
997 31
998 31
999 31
1000 31
1001 31
1002 31
1003 30
1004 31
1005 31
1006 31
1007 30
1008 31
1009 31
1010 31
1011 29
1012 31
1013 31
1014 31
1015 31
1016 31
1017 31
1018 31
1019 30
1020 31
1021 31
1022 31
1023 30
1024 16
1025 16
1026 16
1027 16
1028 16
1029 29
1030 28
1031 26
1032 16
1033 28
1034 27
1035 26
1036 16
1037 28
1038 26
1039 25
1040 16
1041 28
1042 27
1043 25
1044 29
1045 29
1046 28
1047 26
1048 28
1049 28
1050 27
1051 26
1052 26
1053 28
1054 26
1055 25
1056 16
1057 28
1058 27
1059 25
1060 29
1061 29
1062 28
1063 26
1064 27
1065 28
1066 27
1067 26
1068 26
1069 28
1070 26
1071 25
1072 16
1073 28
1074 26
1075 25
1076 28
1077 29
1078 28
1079 26
1080 27
1081 28
1082 27
1083 26
1084 25
1085 28
1086 26
1087 25
1088 16
1089 28
1090 27
1091 25
1092 30
1093 29
1094 28
1095 26
1096 28
1097 28
1098 27
1099 26
1100 26
1101 27
1102 26
1103 25
1104 29
1105 28
1106 27
1107 25
1108 29
1109 29
1110 28
1111 26
1112 28
1113 28
1114 27
1115 26
1116 26
1117 28
1118 26
1119 25
1120 26
1121 28
1122 27
1123 25
1124 29
1125 29
1126 28
1127 26
1128 27
1129 28
1130 27
1131 26
1132 26
1133 27
1134 26
1135 25
1136 24
1137 28
1138 26
1139 25
1140 28
1141 29
1142 27
1143 26
1144 26
1145 28
1146 27
1147 26
1148 25
1149 27
1150 26
1151 25
1152 16
1153 29
1154 27
1155 25
1156 30
1157 29
1158 28
1159 27
1160 28
1161 29
1162 27
1163 26
1164 26
1165 28
1166 27
1167 25
1168 28
1169 29
1170 27
1171 26
1172 30
1173 29
1174 28
1175 27
1176 28
1177 29
1178 27
1179 26
1180 26
1181 28
1182 27
1183 26
1184 26
1185 28
1186 27
1187 25
1188 29
1189 29
1190 28
1191 27
1192 27
1193 28
1194 27
1195 26
1196 26
1197 28
1198 27
1199 25
1200 24
1201 28
1202 27
1203 25
1204 28
1205 29
1206 28
1207 27
1208 27
1209 28
1210 27
1211 26
1212 25
1213 28
1214 27
1215 25
1216 16
1217 29
1218 27
1219 25
1220 30
1221 30
1222 28
1223 27
1224 28
1225 29
1226 28
1227 26
1228 26
1229 28
1230 27
1231 26
1232 28
1233 29
1234 28
1235 26
1236 30
1237 30
1238 28
1239 27
1240 28
1241 29
1242 28
1243 27
1244 27
1245 28
1246 27
1247 26
1248 25
1249 29
1250 27
1251 26
1252 29
1253 30
1254 28
1255 27
1256 28
1257 29
1258 28
1259 27
1260 26
1261 28
1262 27
1263 26
1264 23
1265 28
1266 27
1267 25
1268 29
1269 29
1270 28
1271 27
1272 27
1273 29
1274 28
1275 26
1276 25
1277 28
1278 27
1279 26
1280 16
1281 29
1282 27
1283 25
1284 30
1285 29
1286 28
1287 27
1288 28
1289 28
1290 27
1291 26
1292 26
1293 28
1294 27
1295 25
1296 29
1297 29
1298 27
1299 26
1300 30
1301 29
1302 28
1303 27
1304 28
1305 29
1306 27
1307 26
1308 27
1309 28
1310 27
1311 26
1312 26
1313 28
1314 27
1315 25
1316 29
1317 29
1318 28
1319 27
1320 28
1321 28
1322 27
1323 26
1324 26
1325 28
1326 27
1327 25
1328 24
1329 28
1330 26
1331 25
1332 28
1333 29
1334 28
1335 27
1336 27
1337 28
1338 27
1339 26
1340 25
1341 28
1342 26
1343 25
1344 28
1345 29
1346 27
1347 25
1348 30
1349 29
1350 28
1351 27
1352 28
1353 28
1354 27
1355 26
1356 26
1357 28
1358 26
1359 25
1360 29
1361 29
1362 27
1363 26
1364 30
1365 29
1366 28
1367 27
1368 28
1369 29
1370 27
1371 26
1372 27
1373 28
1374 27
1375 26
1376 27
1377 28
1378 27
1379 25
1380 29
1381 29
1382 28
1383 27
1384 28
1385 28
1386 27
1387 26
1388 26
1389 28
1390 26
1391 25
1392 24
1393 28
1394 26
1395 25
1396 28
1397 29
1398 28
1399 26
1400 27
1401 28
1402 27
1403 26
1404 25
1405 27
1406 26
1407 25
1408 24
1409 29
1410 27
1411 25
1412 30
1413 29
1414 28
1415 27
1416 28
1417 29
1418 27
1419 26
1420 26
1421 28
1422 27
1423 25
1424 28
1425 29
1426 27
1427 26
1428 30
1429 29
1430 28
1431 27
1432 28
1433 29
1434 28
1435 26
1436 27
1437 28
1438 27
1439 26
1440 26
1441 28
1442 27
1443 25
1444 29
1445 29
1446 28
1447 27
1448 28
1449 29
1450 27
1451 26
1452 26
1453 28
1454 27
1455 26
1456 24
1457 28
1458 27
1459 25
1460 28
1461 29
1462 28
1463 27
1464 27
1465 28
1466 27
1467 26
1468 25
1469 28
1470 26
1471 25
1472 20
1473 29
1474 27
1475 25
1476 29
1477 30
1478 28
1479 27
1480 27
1481 29
1482 28
1483 26
1484 25
1485 28
1486 27
1487 26
1488 28
1489 29
1490 28
1491 26
1492 30
1493 30
1494 29
1495 27
1496 28
1497 29
1498 28
1499 27
1500 27
1501 28
1502 27
1503 26
1504 25
1505 29
1506 27
1507 26
1508 29
1509 29
1510 28
1511 27
1512 28
1513 29
1514 28
1515 26
1516 26
1517 28
1518 27
1519 26
1520 23
1521 28
1522 27
1523 25
1524 28
1525 29
1526 28
1527 27
1528 27
1529 29
1530 27
1531 26
1532 25
1533 28
1534 27
1535 26
1536 16
1537 29
1538 28
1539 26
1540 30
1541 30
1542 29
1543 28
1544 28
1545 29
1546 28
1547 27
1548 26
1549 28
1550 27
1551 26
1552 30
1553 29
1554 28
1555 26
1556 30
1557 30
1558 29
1559 28
1560 29
1561 29
1562 28
1563 27
1564 28
1565 29
1566 28
1567 26
1568 27
1569 29
1570 28
1571 26
1572 30
1573 30
1574 29
1575 28
1576 28
1577 29
1578 28
1579 27
1580 27
1581 28
1582 27
1583 26
1584 24
1585 29
1586 27
1587 26
1588 29
1589 30
1590 28
1591 27
1592 28
1593 29
1594 28
1595 27
1596 26
1597 28
1598 27
1599 26
1600 28
1601 29
1602 28
1603 26
1604 30
1605 30
1606 29
1607 27
1608 29
1609 29
1610 28
1611 27
1612 26
1613 28
1614 27
1615 26
1616 30
1617 29
1618 28
1619 26
1620 30
1621 30
1622 29
1623 28
1624 29
1625 29
1626 28
1627 27
1628 28
1629 29
1630 27
1631 26
1632 28
1633 29
1634 28
1635 26
1636 30
1637 30
1638 29
1639 27
1640 28
1641 29
1642 28
1643 27
1644 27
1645 28
1646 27
1647 26
1648 25
1649 29
1650 27
1651 26
1652 29
1653 29
1654 28
1655 27
1656 28
1657 29
1658 28
1659 26
1660 26
1661 28
1662 27
1663 26
1664 24
1665 29
1666 28
1667 26
1668 30
1669 30
1670 29
1671 28
1672 28
1673 29
1674 28
1675 27
1676 26
1677 29
1678 27
1679 26
1680 29
1681 30
1682 28
1683 27
1684 30
1685 30
1686 29
1687 28
1688 29
1689 29
1690 28
1691 27
1692 28
1693 29
1694 28
1695 26
1696 27
1697 29
1698 28
1699 26
1700 30
1701 30
1702 29
1703 28
1704 28
1705 29
1706 28
1707 27
1708 27
1709 29
1710 27
1711 26
1712 24
1713 29
1714 27
1715 26
1716 29
1717 30
1718 29
1719 27
1720 28
1721 29
1722 28
1723 27
1724 26
1725 28
1726 27
1727 26
1728 20
1729 29
1730 28
1731 26
1732 30
1733 30
1734 29
1735 28
1736 28
1737 29
1738 28
1739 27
1740 26
1741 29
1742 28
1743 26
1744 28
1745 30
1746 28
1747 27
1748 30
1749 30
1750 29
1751 28
1752 29
1753 30
1754 29
1755 27
1756 28
1757 29
1758 28
1759 27
1760 26
1761 29
1762 28
1763 26
1764 30
1765 30
1766 29
1767 28
1768 28
1769 29
1770 28
1771 27
1772 27
1773 29
1774 28
1775 26
1776 24
1777 29
1778 27
1779 26
1780 29
1781 30
1782 29
1783 28
1784 28
1785 29
1786 28
1787 27
1788 26
1789 29
1790 27
1791 26
1792 16
1793 30
1794 28
1795 26
1796 30
1797 30
1798 29
1799 28
1800 29
1801 30
1802 29
1803 28
1804 27
1805 29
1806 28
1807 27
1808 30
1809 30
1810 29
1811 27
1812 31
1813 30
1814 30
1815 28
1816 30
1817 30
1818 29
1819 28
1820 28
1821 29
1822 28
1823 27
1824 28
1825 30
1826 28
1827 27
1828 30
1829 30
1830 29
1831 28
1832 29
1833 30
1834 29
1835 28
1836 28
1837 29
1838 28
1839 27
1840 25
1841 29
1842 28
1843 26
1844 30
1845 30
1846 29
1847 28
1848 28
1849 30
1850 29
1851 27
1852 27
1853 29
1854 28
1855 27
1856 28
1857 30
1858 28
1859 26
1860 30
1861 30
1862 29
1863 28
1864 29
1865 30
1866 29
1867 27
1868 27
1869 29
1870 28
1871 27
1872 30
1873 30
1874 29
1875 27
1876 31
1877 30
1878 29
1879 28
1880 30
1881 30
1882 29
1883 28
1884 28
1885 29
1886 28
1887 27
1888 28
1889 30
1890 28
1891 27
1892 30
1893 30
1894 29
1895 28
1896 29
1897 30
1898 29
1899 27
1900 28
1901 29
1902 28
1903 27
1904 26
1905 29
1906 28
1907 26
1908 30
1909 30
1910 29
1911 28
1912 28
1913 29
1914 28
1915 27
1916 27
1917 29
1918 28
1919 26
1920 24
1921 30
1922 28
1923 26
1924 30
1925 30
1926 29
1927 28
1928 29
1929 30
1930 29
1931 28
1932 27
1933 29
1934 28
1935 27
1936 30
1937 30
1938 29
1939 27
1940 31
1941 30
1942 30
1943 29
1944 30
1945 30
1946 29
1947 28
1948 28
1949 29
1950 28
1951 27
1952 28
1953 30
1954 28
1955 27
1956 30
1957 30
1958 29
1959 28
1960 29
1961 30
1962 29
1963 28
1964 28
1965 29
1966 28
1967 27
1968 25
1969 29
1970 28
1971 26
1972 30
1973 30
1974 29
1975 28
1976 28
1977 30
1978 29
1979 27
1980 27
1981 29
1982 28
1983 27
1984 20
1985 30
1986 28
1987 26
1988 30
1989 30
1990 30
1991 28
1992 29
1993 30
1994 29
1995 28
1996 27
1997 29
1998 28
1999 27
2000 29
2001 30
2002 29
2003 27
2004 31
2005 30
2006 30
2007 29
2008 30
2009 30
2010 29
2011 28
2012 28
2013 30
2014 29
2015 27
2016 27
2017 30
2018 28
2019 27
2020 30
2021 30
2022 30
2023 29
2024 29
2025 30
2026 29
2027 28
2028 28
2029 29
2030 28
2031 27
2032 24
2033 29
2034 28
2035 26
2036 30
2037 30
2038 29
2039 28
2040 28
2041 30
2042 29
2043 28
2044 27
2045 29
2046 28
2047 27
2048 16
2049 16
2050 16
2051 16
2052 16
2053 30
2054 29
2055 28
2056 16
2057 30
2058 29
2059 28
2060 16
2061 29
2062 28
2063 27
2064 16
2065 30
2066 29
2067 27
2068 31
2069 30
2070 29
2071 28
2072 30
2073 30
2074 29
2075 28
2076 28
2077 29
2078 28
2079 27
2080 16
2081 30
2082 28
2083 27
2084 30
2085 30
2086 29
2087 28
2088 29
2089 30
2090 29
2091 28
2092 28
2093 29
2094 28
2095 27
2096 16
2097 30
2098 28
2099 27
2100 30
2101 30
2102 29
2103 28
2104 29
2105 30
2106 29
2107 28
2108 27
2109 29
2110 28
2111 27
2112 16
2113 30
2114 28
2115 26
2116 31
2117 30
2118 29
2119 28
2120 30
2121 30
2122 28
2123 27
2124 28
2125 29
2126 28
2127 26
2128 31
2129 30
2130 28
2131 27
2132 31
2133 30
2134 29
2135 28
2136 30
2137 30
2138 28
2139 27
2140 28
2141 29
2142 28
2143 27
2144 29
2145 30
2146 28
2147 27
2148 30
2149 30
2150 29
2151 28
2152 29
2153 30
2154 28
2155 27
2156 28
2157 29
2158 28
2159 27
2160 27
2161 29
2162 28
2163 26
2164 30
2165 30
2166 29
2167 28
2168 29
2169 29
2170 28
2171 27
2172 27
2173 29
2174 28
2175 26
2176 16
2177 30
2178 28
2179 27
2180 31
2181 30
2182 29
2183 28
2184 30
2185 30
2186 29
2187 28
2188 28
2189 29
2190 28
2191 27
2192 30
2193 30
2194 29
2195 27
2196 31
2197 30
2198 30
2199 28
2200 30
2201 30
2202 29
2203 28
2204 29
2205 29
2206 28
2207 27
2208 29
2209 30
2210 28
2211 27
2212 30
2213 30
2214 29
2215 28
2216 29
2217 30
2218 29
2219 28
2220 28
2221 29
2222 28
2223 27
2224 26
2225 30
2226 28
2227 27
2228 30
2229 30
2230 29
2231 28
2232 29
2233 30
2234 29
2235 28
2236 27
2237 29
2238 28
2239 27
2240 16
2241 30
2242 29
2243 27
2244 31
2245 30
2246 30
2247 29
2248 30
2249 30
2250 29
2251 28
2252 28
2253 30
2254 29
2255 27
2256 30
2257 30
2258 29
2259 28
2260 31
2261 30
2262 30
2263 29
2264 30
2265 30
2266 29
2267 28
2268 29
2269 30
2270 29
2271 28
2272 28
2273 30
2274 29
2275 27
2276 30
2277 30
2278 30
2279 29
2280 30
2281 30
2282 29
2283 28
2284 28
2285 30
2286 29
2287 27
2288 26
2289 30
2290 28
2291 27
2292 30
2293 30
2294 30
2295 29
2296 29
2297 30
2298 29
2299 28
2300 27
2301 30
2302 28
2303 27
2304 16
2305 30
2306 28
2307 26
2308 31
2309 30
2310 29
2311 28
2312 29
2313 30
2314 28
2315 27
2316 27
2317 29
2318 28
2319 27
2320 31
2321 30
2322 29
2323 27
2324 31
2325 30
2326 29
2327 28
2328 30
2329 30
2330 29
2331 28
2332 28
2333 29
2334 28
2335 27
2336 29
2337 30
2338 28
2339 27
2340 30
2341 30
2342 29
2343 28
2344 29
2345 30
2346 28
2347 27
2348 28
2349 29
2350 28
2351 27
2352 26
2353 29
2354 28
2355 26
2356 30
2357 30
2358 29
2359 28
2360 28
2361 29
2362 28
2363 27
2364 27
2365 29
2366 28
2367 26
2368 31
2369 30
2370 28
2371 26
2372 31
2373 30
2374 29
2375 28
2376 29
2377 30
2378 28
2379 27
2380 27
2381 29
2382 28
2383 26
2384 31
2385 30
2386 28
2387 27
2388 31
2389 30
2390 29
2391 28
2392 30
2393 30
2394 29
2395 27
2396 28
2397 29
2398 28
2399 27
2400 29
2401 30
2402 28
2403 27
2404 30
2405 30
2406 29
2407 28
2408 29
2409 29
2410 28
2411 27
2412 28
2413 29
2414 28
2415 26
2416 27
2417 29
2418 28
2419 26
2420 30
2421 30
2422 29
2423 28
2424 28
2425 29
2426 28
2427 27
2428 27
2429 29
2430 27
2431 26
2432 28
2433 30
2434 28
2435 26
2436 30
2437 30
2438 29
2439 28
2440 29
2441 30
2442 29
2443 27
2444 27
2445 29
2446 28
2447 27
2448 30
2449 30
2450 29
2451 27
2452 31
2453 30
2454 29
2455 28
2456 30
2457 30
2458 29
2459 28
2460 28
2461 29
2462 28
2463 27
2464 28
2465 30
2466 28
2467 27
2468 30
2469 30
2470 29
2471 28
2472 29
2473 30
2474 29
2475 27
2476 28
2477 29
2478 28
2479 27
2480 26
2481 29
2482 28
2483 26
2484 30
2485 30
2486 29
2487 28
2488 28
2489 29
2490 28
2491 27
2492 27
2493 29
2494 28
2495 26
2496 24
2497 30
2498 28
2499 26
2500 30
2501 30
2502 29
2503 28
2504 29
2505 30
2506 29
2507 28
2508 27
2509 29
2510 28
2511 27
2512 30
2513 30
2514 29
2515 27
2516 31
2517 30
2518 30
2519 29
2520 30
2521 30
2522 29
2523 28
2524 28
2525 29
2526 28
2527 27
2528 28
2529 30
2530 28
2531 27
2532 30
2533 30
2534 29
2535 28
2536 29
2537 30
2538 29
2539 28
2540 28
2541 29
2542 28
2543 27
2544 25
2545 29
2546 28
2547 26
2548 30
2549 30
2550 29
2551 28
2552 28
2553 30
2554 29
2555 27
2556 27
2557 29
2558 28
2559 27
2560 16
2561 30
2562 29
2563 27
2564 31
2565 30
2566 30
2567 29
2568 30
2569 30
2570 29
2571 28
2572 28
2573 30
2574 28
2575 27
2576 31
2577 30
2578 29
2579 28
2580 31
2581 30
2582 30
2583 29
2584 30
2585 30
2586 29
2587 28
2588 29
2589 30
2590 29
2591 28
2592 29
2593 30
2594 29
2595 27
2596 31
2597 30
2598 30
2599 29
2600 30
2601 30
2602 29
2603 28
2604 28
2605 30
2606 29
2607 27
2608 26
2609 30
2610 28
2611 27
2612 30
2613 30
2614 30
2615 29
2616 29
2617 30
2618 29
2619 28
2620 28
2621 29
2622 28
2623 27
2624 31
2625 30
2626 29
2627 27
2628 31
2629 30
2630 30
2631 29
2632 30
2633 30
2634 29
2635 28
2636 28
2637 29
2638 28
2639 27
2640 31
2641 30
2642 29
2643 28
2644 31
2645 30
2646 30
2647 29
2648 30
2649 30
2650 29
2651 28
2652 29
2653 30
2654 29
2655 27
2656 30
2657 30
2658 29
2659 27
2660 31
2661 30
2662 30
2663 29
2664 30
2665 30
2666 29
2667 28
2668 28
2669 29
2670 28
2671 27
2672 28
2673 30
2674 28
2675 27
2676 30
2677 30
2678 29
2679 28
2680 29
2681 30
2682 29
2683 28
2684 28
2685 29
2686 28
2687 27
2688 28
2689 30
2690 29
2691 27
2692 31
2693 30
2694 30
2695 29
2696 30
2697 30
2698 29
2699 28
2700 28
2701 30
2702 28
2703 27
2704 31
2705 30
2706 29
2707 28
2708 31
2709 30
2710 30
2711 29
2712 30
2713 30
2714 29
2715 28
2716 29
2717 30
2718 29
2719 28
2720 29
2721 30
2722 29
2723 27
2724 31
2725 30
2726 30
2727 29
2728 30
2729 30
2730 29
2731 28
2732 28
2733 30
2734 29
2735 27
2736 27
2737 30
2738 28
2739 27
2740 30
2741 30
2742 30
2743 29
2744 29
2745 30
2746 29
2747 28
2748 28
2749 29
2750 28
2751 27
2752 24
2753 30
2754 29
2755 27
2756 31
2757 30
2758 30
2759 29
2760 30
2761 30
2762 29
2763 28
2764 28
2765 30
2766 29
2767 27
2768 30
2769 30
2770 29
2771 28
2772 31
2773 31
2774 30
2775 29
2776 30
2777 30
2778 30
2779 29
2780 29
2781 30
2782 29
2783 28
2784 28
2785 30
2786 29
2787 27
2788 31
2789 30
2790 30
2791 29
2792 30
2793 30
2794 29
2795 28
2796 28
2797 30
2798 29
2799 28
2800 26
2801 30
2802 28
2803 27
2804 30
2805 30
2806 30
2807 29
2808 29
2809 30
2810 29
2811 28
2812 28
2813 30
2814 29
2815 27
2816 16
2817 30
2818 29
2819 28
2820 31
2821 31
2822 30
2823 29
2824 30
2825 30
2826 30
2827 29
2828 28
2829 30
2830 29
2831 28
2832 31
2833 30
2834 30
2835 28
2836 31
2837 31
2838 30
2839 30
2840 31
2841 30
2842 30
2843 29
2844 30
2845 30
2846 29
2847 28
2848 30
2849 30
2850 29
2851 28
2852 31
2853 31
2854 30
2855 29
2856 30
2857 30
2858 30
2859 29
2860 29
2861 30
2862 29
2863 28
2864 27
2865 30
2866 29
2867 28
2868 31
2869 31
2870 30
2871 29
2872 30
2873 30
2874 30
2875 29
2876 28
2877 30
2878 29
2879 28
2880 31
2881 30
2882 29
2883 28
2884 31
2885 31
2886 30
2887 29
2888 30
2889 30
2890 30
2891 28
2892 29
2893 30
2894 29
2895 28
2896 31
2897 30
2898 30
2899 28
2900 31
2901 31
2902 30
2903 29
2904 31
2905 30
2906 30
2907 29
2908 30
2909 30
2910 29
2911 28
2912 30
2913 30
2914 29
2915 28
2916 31
2917 31
2918 30
2919 29
2920 30
2921 30
2922 30
2923 29
2924 29
2925 30
2926 29
2927 28
2928 28
2929 30
2930 29
2931 27
2932 31
2933 30
2934 30
2935 29
2936 30
2937 30
2938 29
2939 28
2940 28
2941 30
2942 29
2943 28
2944 28
2945 30
2946 29
2947 28
2948 31
2949 31
2950 30
2951 29
2952 30
2953 30
2954 30
2955 29
2956 29
2957 30
2958 29
2959 28
2960 31
2961 30
2962 30
2963 28
2964 31
2965 31
2966 30
2967 30
2968 31
2969 30
2970 30
2971 29
2972 30
2973 30
2974 29
2975 28
2976 30
2977 30
2978 29
2979 28
2980 31
2981 31
2982 30
2983 29
2984 30
2985 30
2986 30
2987 29
2988 29
2989 30
2990 29
2991 28
2992 28
2993 30
2994 29
2995 28
2996 31
2997 31
2998 30
2999 29
3000 30
3001 30
3002 30
3003 29
3004 28
3005 30
3006 29
3007 28
3008 24
3009 30
3010 29
3011 28
3012 31
3013 31
3014 30
3015 30
3016 30
3017 30
3018 30
3019 29
3020 28
3021 30
3022 29
3023 28
3024 31
3025 31
3026 30
3027 28
3028 31
3029 31
3030 30
3031 30
3032 31
3033 31
3034 30
3035 29
3036 30
3037 30
3038 30
3039 29
3040 29
3041 30
3042 30
3043 28
3044 31
3045 31
3046 30
3047 30
3048 30
3049 30
3050 30
3051 29
3052 29
3053 30
3054 29
3055 28
3056 27
3057 30
3058 29
3059 28
3060 31
3061 31
3062 30
3063 29
3064 30
3065 30
3066 30
3067 29
3068 28
3069 30
3070 29
3071 28
3072 16
3073 16
3074 16
3075 16
3076 16
3077 31
3078 30
3079 30
3080 16
3081 31
3082 30
3083 29
3084 16
3085 30
3086 30
3087 29
3088 16
3089 31
3090 30
3091 29
3092 31
3093 31
3094 30
3095 30
3096 31
3097 31
3098 30
3099 29
3100 30
3101 30
3102 30
3103 29
3104 16
3105 31
3106 30
3107 29
3108 31
3109 31
3110 30
3111 30
3112 31
3113 31
3114 30
3115 29
3116 30
3117 30
3118 30
3119 29
3120 16
3121 30
3122 30
3123 28
3124 31
3125 31
3126 30
3127 30
3128 30
3129 31
3130 30
3131 29
3132 29
3133 30
3134 30
3135 29
3136 16
3137 30
3138 30
3139 28
3140 31
3141 31
3142 30
3143 29
3144 31
3145 30
3146 30
3147 29
3148 30
3149 30
3150 29
3151 28
3152 31
3153 31
3154 30
3155 28
3156 31
3157 31
3158 30
3159 29
3160 31
3161 30
3162 30
3163 29
3164 30
3165 30
3166 29
3167 28
3168 31
3169 30
3170 30
3171 28
3172 31
3173 31
3174 30
3175 29
3176 30
3177 30
3178 30
3179 29
3180 30
3181 30
3182 29
3183 28
3184 30
3185 30
3186 29
3187 28
3188 31
3189 31
3190 30
3191 29
3192 30
3193 30
3194 30
3195 29
3196 29
3197 30
3198 29
3199 28
3200 16
3201 31
3202 30
3203 28
3204 31
3205 31
3206 30
3207 30
3208 31
3209 31
3210 30
3211 29
3212 30
3213 30
3214 30
3215 28
3216 31
3217 31
3218 30
3219 29
3220 31
3221 31
3222 30
3223 30
3224 31
3225 31
3226 30
3227 29
3228 30
3229 30
3230 30
3231 29
3232 31
3233 31
3234 30
3235 28
3236 31
3237 31
3238 30
3239 30
3240 31
3241 31
3242 30
3243 29
3244 30
3245 30
3246 30
3247 28
3248 29
3249 30
3250 30
3251 28
3252 31
3253 31
3254 30
3255 30
3256 30
3257 30
3258 30
3259 29
3260 29
3261 30
3262 30
3263 28
3264 16
3265 31
3266 30
3267 28
3268 31
3269 31
3270 30
3271 30
3272 31
3273 31
3274 30
3275 29
3276 30
3277 30
3278 30
3279 29
3280 31
3281 31
3282 30
3283 29
3284 31
3285 31
3286 31
3287 30
3288 31
3289 31
3290 30
3291 30
3292 30
3293 30
3294 30
3295 29
3296 30
3297 31
3298 30
3299 29
3300 31
3301 31
3302 30
3303 30
3304 31
3305 31
3306 30
3307 30
3308 30
3309 30
3310 30
3311 29
3312 29
3313 31
3314 30
3315 28
3316 31
3317 31
3318 30
3319 30
3320 30
3321 31
3322 30
3323 29
3324 29
3325 30
3326 30
3327 29
3328 16
3329 30
3330 29
3331 28
3332 31
3333 31
3334 30
3335 29
3336 30
3337 30
3338 30
3339 28
3340 29
3341 30
3342 29
3343 28
3344 31
3345 30
3346 30
3347 28
3348 31
3349 31
3350 30
3351 29
3352 31
3353 30
3354 30
3355 29
3356 30
3357 30
3358 29
3359 28
3360 30
3361 30
3362 29
3363 28
3364 31
3365 30
3366 30
3367 29
3368 30
3369 30
3370 30
3371 29
3372 29
3373 30
3374 29
3375 28
3376 28
3377 30
3378 29
3379 27
3380 31
3381 30
3382 30
3383 29
3384 30
3385 30
3386 29
3387 28
3388 28
3389 30
3390 29
3391 28
3392 31
3393 30
3394 29
3395 28
3396 31
3397 30
3398 30
3399 29
3400 30
3401 30
3402 29
3403 28
3404 29
3405 30
3406 29
3407 28
3408 31
3409 30
3410 30
3411 28
3412 31
3413 31
3414 30
3415 29
3416 31
3417 30
3418 30
3419 29
3420 30
3421 30
3422 29
3423 28
3424 31
3425 30
3426 29
3427 28
3428 31
3429 30
3430 30
3431 29
3432 30
3433 30
3434 29
3435 28
3436 29
3437 30
3438 29
3439 28
3440 29
3441 30
3442 29
3443 27
3444 31
3445 30
3446 30
3447 29
3448 30
3449 30
3450 29
3451 28
3452 28
3453 30
3454 29
3455 27
3456 31
3457 30
3458 29
3459 28
3460 31
3461 31
3462 30
3463 29
3464 30
3465 30
3466 30
3467 28
3468 29
3469 30
3470 29
3471 28
3472 31
3473 30
3474 30
3475 28
3476 31
3477 31
3478 30
3479 29
3480 31
3481 30
3482 30
3483 29
3484 30
3485 30
3486 29
3487 28
3488 30
3489 30
3490 29
3491 28
3492 31
3493 31
3494 30
3495 29
3496 30
3497 30
3498 30
3499 29
3500 29
3501 30
3502 29
3503 28
3504 28
3505 30
3506 29
3507 27
3508 31
3509 30
3510 30
3511 29
3512 30
3513 30
3514 29
3515 28
3516 28
3517 30
3518 29
3519 28
3520 28
3521 30
3522 29
3523 28
3524 31
3525 31
3526 30
3527 29
3528 30
3529 30
3530 30
3531 29
3532 29
3533 30
3534 29
3535 28
3536 31
3537 30
3538 30
3539 28
3540 31
3541 31
3542 30
3543 30
3544 31
3545 30
3546 30
3547 29
3548 30
3549 30
3550 29
3551 28
3552 30
3553 30
3554 29
3555 28
3556 31
3557 31
3558 30
3559 29
3560 30
3561 30
3562 30
3563 29
3564 29
3565 30
3566 29
3567 28
3568 28
3569 30
3570 29
3571 28
3572 31
3573 31
3574 30
3575 29
3576 30
3577 30
3578 30
3579 29
3580 28
3581 30
3582 29
3583 28
3584 16
3585 31
3586 30
3587 28
3588 31
3589 31
3590 30
3591 30
3592 31
3593 31
3594 30
3595 29
3596 29
3597 30
3598 30
3599 28
3600 31
3601 31
3602 30
3603 29
3604 31
3605 31
3606 30
3607 30
3608 31
3609 31
3610 30
3611 29
3612 30
3613 30
3614 30
3615 29
3616 30
3617 31
3618 30
3619 29
3620 31
3621 31
3622 30
3623 30
3624 31
3625 31
3626 30
3627 29
3628 30
3629 30
3630 30
3631 29
3632 29
3633 30
3634 30
3635 28
3636 31
3637 31
3638 30
3639 30
3640 30
3641 30
3642 30
3643 29
3644 29
3645 30
3646 30
3647 28
3648 31
3649 31
3650 30
3651 28
3652 31
3653 31
3654 30
3655 30
3656 31
3657 30
3658 30
3659 29
3660 30
3661 30
3662 29
3663 28
3664 31
3665 31
3666 30
3667 29
3668 31
3669 31
3670 30
3671 30
3672 31
3673 31
3674 30
3675 29
3676 30
3677 30
3678 30
3679 29
3680 31
3681 30
3682 30
3683 28
3684 31
3685 31
3686 30
3687 30
3688 31
3689 30
3690 30
3691 29
3692 30
3693 30
3694 29
3695 28
3696 30
3697 30
3698 29
3699 28
3700 31
3701 31
3702 30
3703 29
3704 30
3705 30
3706 30
3707 29
3708 29
3709 30
3710 29
3711 28
3712 31
3713 31
3714 30
3715 28
3716 31
3717 31
3718 30
3719 30
3720 31
3721 31
3722 30
3723 29
3724 29
3725 30
3726 30
3727 28
3728 31
3729 31
3730 30
3731 29
3732 31
3733 31
3734 30
3735 30
3736 31
3737 31
3738 30
3739 29
3740 30
3741 30
3742 30
3743 29
3744 31
3745 31
3746 30
3747 28
3748 31
3749 31
3750 30
3751 30
3752 31
3753 31
3754 30
3755 29
3756 30
3757 30
3758 30
3759 29
3760 29
3761 30
3762 30
3763 28
3764 31
3765 31
3766 30
3767 30
3768 30
3769 30
3770 30
3771 29
3772 29
3773 30
3774 29
3775 28
3776 28
3777 31
3778 30
3779 28
3780 31
3781 31
3782 30
3783 30
3784 30
3785 31
3786 30
3787 29
3788 29
3789 30
3790 30
3791 29
3792 31
3793 31
3794 30
3795 29
3796 31
3797 31
3798 31
3799 30
3800 31
3801 31
3802 30
3803 30
3804 30
3805 30
3806 30
3807 29
3808 30
3809 31
3810 30
3811 29
3812 31
3813 31
3814 30
3815 30
3816 31
3817 31
3818 30
3819 29
3820 30
3821 30
3822 30
3823 29
3824 28
3825 30
3826 30
3827 28
3828 31
3829 31
3830 30
3831 30
3832 30
3833 31
3834 30
3835 29
3836 29
3837 30
3838 30
3839 29
3840 16
3841 31
3842 30
3843 29
3844 31
3845 31
3846 31
3847 30
3848 31
3849 31
3850 30
3851 30
3852 30
3853 31
3854 30
3855 29
3856 31
3857 31
3858 30
3859 30
3860 31
3861 31
3862 31
3863 30
3864 31
3865 31
3866 30
3867 30
3868 31
3869 31
3870 30
3871 30
3872 31
3873 31
3874 30
3875 29
3876 31
3877 31
3878 31
3879 30
3880 31
3881 31
3882 30
3883 30
3884 30
3885 31
3886 30
3887 29
3888 29
3889 31
3890 30
3891 29
3892 31
3893 31
3894 31
3895 30
3896 31
3897 31
3898 30
3899 30
3900 30
3901 30
3902 30
3903 29
3904 31
3905 31
3906 30
3907 29
3908 31
3909 31
3910 31
3911 30
3912 31
3913 31
3914 30
3915 30
3916 30
3917 30
3918 30
3919 29
3920 31
3921 31
3922 30
3923 29
3924 31
3925 31
3926 31
3927 30
3928 31
3929 31
3930 30
3931 30
3932 31
3933 31
3934 30
3935 29
3936 31
3937 31
3938 30
3939 29
3940 31
3941 31
3942 31
3943 30
3944 31
3945 31
3946 30
3947 30
3948 30
3949 30
3950 30
3951 29
3952 30
3953 31
3954 30
3955 29
3956 31
3957 31
3958 30
3959 30
3960 31
3961 31
3962 30
3963 29
3964 30
3965 30
3966 30
3967 29
3968 31
3969 31
3970 30
3971 29
3972 31
3973 31
3974 31
3975 30
3976 31
3977 31
3978 30
3979 30
3980 30
3981 30
3982 30
3983 29
3984 31
3985 31
3986 30
3987 30
3988 31
3989 31
3990 31
3991 30
3992 31
3993 31
3994 30
3995 30
3996 31
3997 31
3998 30
3999 29
4000 31
4001 31
4002 30
4003 29
4004 31
4005 31
4006 31
4007 30
4008 31
4009 31
4010 30
4011 30
4012 30
4013 31
4014 30
4015 29
4016 30
4017 31
4018 30
4019 29
4020 31
4021 31
4022 31
4023 30
4024 31
4025 31
4026 30
4027 30
4028 30
4029 30
4030 30
4031 29
4032 28
4033 31
4034 30
4035 29
4036 31
4037 31
4038 31
4039 30
4040 31
4041 31
4042 30
4043 30
4044 30
4045 31
4046 30
4047 29
4048 31
4049 31
4050 30
4051 30
4052 31
4053 31
4054 31
4055 30
4056 31
4057 31
4058 31
4059 30
4060 31
4061 31
4062 30
4063 30
4064 31
4065 31
4066 30
4067 29
4068 31
4069 31
4070 31
4071 30
4072 31
4073 31
4074 30
4075 30
4076 30
4077 31
4078 30
4079 29
4080 29
4081 31
4082 30
4083 29
4084 31
4085 31
4086 31
4087 30
4088 31
4089 31
4090 30
4091 30
4092 30
4093 31
4094 30
4095 29
