#CSC Slope LUT
#Structure is comparator code (iCC) -> Stub slope
#iCC bits: 12
#<header> v1.0 12 32 </header>
0 0
1 0
2 0
3 0
4 0
5 0
6 0
7 0
8 0
9 0
10 0
11 0
12 0
13 0
14 0
15 0
16 0
17 0
18 0
19 0
20 0
21 -1
22 -1.5
23 -2
24 0
25 -1
26 -1.5
27 -2
28 0
29 -1
30 -1.5
31 -2
32 0
33 0
34 0
35 0
36 0
37 -0.5
38 -1
39 -1.5
40 0
41 -0.5
42 -1
43 -1.5
44 0
45 -0.5
46 -1
47 -1.5
48 0
49 0
50 0
51 0
52 0
53 5.45453e-12
54 -0.5
55 -1
56 0
57 2.44205e-12
58 -0.5
59 -1
60 0
61 5.93037e-12
62 -0.5
63 -1
64 0
65 0
66 0
67 0
68 0
69 -0.642857
70 -0.928571
71 -1.21429
72 0
73 -0.714286
74 -1
75 -1.28571
76 0
77 -0.785714
78 -1.07143
79 -1.35714
80 0
81 -0.714286
82 -1.07143
83 -1.42857
84 -0.5
85 -0.7
86 -1
87 -1.3
88 -1
89 -0.8
90 -1.1
91 -1.4
92 -1.5
93 -0.9
94 -1.2
95 -1.5
96 0
97 -0.642857
98 -1
99 -1.35714
100 -0.5
101 -0.6
102 -0.9
103 -1.2
104 -1
105 -0.7
106 -1
107 -1.3
108 -1.5
109 -0.8
110 -1.1
111 -1.4
112 0
113 -0.571429
114 -0.928571
115 -1.28571
116 -0.5
117 -0.5
118 -0.8
119 -1.1
120 -1
121 -0.6
122 -0.9
123 -1.2
124 -1.5
125 -0.7
126 -1
127 -1.3
128 0
129 0
130 0
131 0
132 0
133 -0.285714
134 -0.571429
135 -0.857143
136 0
137 -0.357143
138 -0.642857
139 -0.928571
140 0
141 -0.428571
142 -0.714286
143 -1
144 0
145 -0.428571
146 -0.785714
147 -1.14286
148 0
149 -0.4
150 -0.7
151 -1
152 -0.5
153 -0.5
154 -0.8
155 -1.1
156 -1
157 -0.6
158 -0.9
159 -1.2
160 0
161 -0.357143
162 -0.714286
163 -1.07143
164 -3.95833e-13
165 -0.3
166 -0.6
167 -0.9
168 -0.5
169 -0.4
170 -0.7
171 -1
172 -1
173 -0.5
174 -0.8
175 -1.1
176 0
177 -0.285714
178 -0.642857
179 -1
180 0
181 -0.2
182 -0.5
183 -0.8
184 -0.5
185 -0.3
186 -0.6
187 -0.9
188 -1
189 -0.4
190 -0.7
191 -1
192 0
193 0
194 0
195 0
196 0
197 0.0714286
198 -0.214286
199 -0.5
200 0
201 1.24789e-13
202 -0.285714
203 -0.571429
204 0
205 -0.0714286
206 -0.357143
207 -0.642857
208 0
209 -0.142857
210 -0.5
211 -0.857143
212 0.5
213 -0.1
214 -0.4
215 -0.7
216 0
217 -0.2
218 -0.5
219 -0.8
220 -0.5
221 -0.3
222 -0.6
223 -0.9
224 0
225 -0.0714286
226 -0.428571
227 -0.785714
228 0.5
229 -6.55032e-14
230 -0.3
231 -0.6
232 0
233 -0.1
234 -0.4
235 -0.7
236 -0.5
237 -0.2
238 -0.5
239 -0.8
240 0
241 2.67564e-13
242 -0.357143
243 -0.714286
244 0.5
245 0.1
246 -0.2
247 -0.5
248 0
249 -3.01315e-13
250 -0.3
251 -0.6
252 -0.5
253 -0.1
254 -0.4
255 -0.7
256 0
257 0
258 0
259 0
260 0
261 -0.730769
262 -0.923077
263 -1.11538
264 0
265 -0.807692
266 -1
267 -1.19231
268 0
269 -0.884615
270 -1.07692
271 -1.26923
272 0
273 -0.75
274 -1
275 -1.25
276 -0.642852
277 -0.742857
278 -0.942857
279 -1.14286
280 -0.928571
281 -0.828571
282 -1.02857
283 -1.22857
284 -1.21428
285 -0.914286
286 -1.11429
287 -1.31429
288 0
289 -0.75
290 -1
291 -1.25
292 -0.714282
293 -0.714286
294 -0.914286
295 -1.11429
296 -1
297 -0.8
298 -1
299 -1.2
300 -1.28571
301 -0.885714
302 -1.08571
303 -1.28571
304 0
305 -0.75
306 -1
307 -1.25
308 -0.785711
309 -0.685714
310 -0.885714
311 -1.08571
312 -1.07143
313 -0.771429
314 -0.971429
315 -1.17143
316 -1.35714
317 -0.857143
318 -1.05714
319 -1.25714
320 0
321 -0.730769
322 -1
323 -1.26923
324 -0.642857
325 -0.7
326 -0.9
327 -1.1
328 -1
329 -0.8
330 -1
331 -1.2
332 -1.35714
333 -0.9
334 -1.1
335 -1.3
336 -0.5
337 -0.714286
338 -0.971429
339 -1.22857
340 -0.6
341 -0.7
342 -0.9
343 -1.1
344 -0.9
345 -0.8
346 -1
347 -1.2
348 -1.2
349 -0.9
350 -1.1
351 -1.3
352 -1
353 -0.742857
354 -1
355 -1.25714
356 -0.7
357 -0.7
358 -0.9
359 -1.1
360 -1
361 -0.8
362 -1
363 -1.2
364 -1.3
365 -0.9
366 -1.1
367 -1.3
368 -1.5
369 -0.771428
370 -1.02857
371 -1.28571
372 -0.8
373 -0.7
374 -0.9
375 -1.1
376 -1.1
377 -0.8
378 -1
379 -1.2
380 -1.4
381 -0.9
382 -1.1
383 -1.3
384 0
385 -0.653846
386 -0.923077
387 -1.19231
388 -0.571429
389 -0.6
390 -0.8
391 -1
392 -0.928571
393 -0.7
394 -0.9
395 -1.1
396 -1.28571
397 -0.8
398 -1
399 -1.2
400 -0.5
401 -0.628571
402 -0.885714
403 -1.14286
404 -0.5
405 -0.6
406 -0.8
407 -1
408 -0.8
409 -0.7
410 -0.9
411 -1.1
412 -1.1
413 -0.8
414 -1
415 -1.2
416 -1
417 -0.657143
418 -0.914286
419 -1.17143
420 -0.6
421 -0.6
422 -0.8
423 -1
424 -0.9
425 -0.7
426 -0.9
427 -1.1
428 -1.2
429 -0.8
430 -1
431 -1.2
432 -1.5
433 -0.685714
434 -0.942857
435 -1.2
436 -0.7
437 -0.6
438 -0.8
439 -1
440 -1
441 -0.7
442 -0.9
443 -1.1
444 -1.3
445 -0.8
446 -1
447 -1.2
448 0
449 -0.576923
450 -0.846153
451 -1.11538
452 -0.5
453 -0.5
454 -0.7
455 -0.9
456 -0.857143
457 -0.6
458 -0.8
459 -1
460 -1.21429
461 -0.7
462 -0.9
463 -1.1
464 -0.5
465 -0.542857
466 -0.8
467 -1.05714
468 -0.4
469 -0.5
470 -0.7
471 -0.9
472 -0.7
473 -0.6
474 -0.8
475 -1
476 -1
477 -0.7
478 -0.9
479 -1.1
480 -1
481 -0.571429
482 -0.828571
483 -1.08571
484 -0.5
485 -0.5
486 -0.7
487 -0.9
488 -0.8
489 -0.6
490 -0.8
491 -1
492 -1.1
493 -0.7
494 -0.9
495 -1.1
496 -1.5
497 -0.6
498 -0.857143
499 -1.11429
500 -0.6
501 -0.5
502 -0.7
503 -0.9
504 -0.9
505 -0.6
506 -0.8
507 -1
508 -1.2
509 -0.7
510 -0.9
511 -1.1
512 0
513 0
514 0
515 0
516 0
517 -0.461538
518 -0.653846
519 -0.846154
520 0
521 -0.538462
522 -0.730769
523 -0.923077
524 0
525 -0.615385
526 -0.807692
527 -1
528 0
529 -0.5
530 -0.75
531 -1
532 -0.285714
533 -0.485714
534 -0.685714
535 -0.885714
536 -0.571429
537 -0.571429
538 -0.771429
539 -0.971429
540 -0.857141
541 -0.657143
542 -0.857143
543 -1.05714
544 0
545 -0.5
546 -0.75
547 -1
548 -0.357143
549 -0.457143
550 -0.657143
551 -0.857143
552 -0.642857
553 -0.542857
554 -0.742857
555 -0.942857
556 -0.92857
557 -0.628571
558 -0.828571
559 -1.02857
560 0
561 -0.5
562 -0.75
563 -1
564 -0.428571
565 -0.428571
566 -0.628571
567 -0.828571
568 -0.714286
569 -0.514286
570 -0.714286
571 -0.914286
572 -0.999998
573 -0.6
574 -0.8
575 -1
576 0
577 -0.538462
578 -0.807692
579 -1.07692
580 -0.357143
581 -0.5
582 -0.7
583 -0.9
584 -0.714286
585 -0.6
586 -0.8
587 -1
588 -1.07143
589 -0.7
590 -0.9
591 -1.1
592 -2.55485e-12
593 -0.514286
594 -0.771428
595 -1.02857
596 -0.3
597 -0.5
598 -0.7
599 -0.9
600 -0.6
601 -0.6
602 -0.8
603 -1
604 -0.9
605 -0.7
606 -0.9
607 -1.1
608 -0.5
609 -0.542857
610 -0.8
611 -1.05714
612 -0.4
613 -0.5
614 -0.7
615 -0.9
616 -0.7
617 -0.6
618 -0.8
619 -1
620 -1
621 -0.7
622 -0.9
623 -1.1
624 -1
625 -0.571429
626 -0.828571
627 -1.08571
628 -0.5
629 -0.5
630 -0.7
631 -0.9
632 -0.8
633 -0.6
634 -0.8
635 -1
636 -1.1
637 -0.7
638 -0.9
639 -1.1
640 0
641 -0.461538
642 -0.730769
643 -1
644 -0.285714
645 -0.4
646 -0.6
647 -0.8
648 -0.642857
649 -0.5
650 -0.7
651 -0.9
652 -1
653 -0.6
654 -0.8
655 -1
656 2.506e-12
657 -0.428571
658 -0.685714
659 -0.942857
660 -0.2
661 -0.4
662 -0.6
663 -0.8
664 -0.5
665 -0.5
666 -0.7
667 -0.9
668 -0.8
669 -0.6
670 -0.8
671 -1
672 -0.5
673 -0.457143
674 -0.714286
675 -0.971429
676 -0.3
677 -0.4
678 -0.6
679 -0.8
680 -0.6
681 -0.5
682 -0.7
683 -0.9
684 -0.9
685 -0.6
686 -0.8
687 -1
688 -1
689 -0.485714
690 -0.742857
691 -1
692 -0.4
693 -0.4
694 -0.6
695 -0.8
696 -0.7
697 -0.5
698 -0.7
699 -0.9
700 -1
701 -0.6
702 -0.8
703 -1
704 0
705 -0.384614
706 -0.653846
707 -0.923077
708 -0.214286
709 -0.3
710 -0.5
711 -0.7
712 -0.571429
713 -0.4
714 -0.6
715 -0.8
716 -0.928571
717 -0.5
718 -0.7
719 -0.9
720 8.89511e-13
721 -0.342856
722 -0.6
723 -0.857143
724 -0.1
725 -0.3
726 -0.5
727 -0.7
728 -0.4
729 -0.4
730 -0.6
731 -0.8
732 -0.7
733 -0.5
734 -0.7
735 -0.9
736 -0.5
737 -0.371428
738 -0.628571
739 -0.885714
740 -0.2
741 -0.3
742 -0.5
743 -0.7
744 -0.5
745 -0.4
746 -0.6
747 -0.8
748 -0.8
749 -0.5
750 -0.7
751 -0.9
752 -1
753 -0.4
754 -0.657143
755 -0.914286
756 -0.3
757 -0.3
758 -0.5
759 -0.7
760 -0.6
761 -0.4
762 -0.6
763 -0.8
764 -0.9
765 -0.5
766 -0.7
767 -0.9
768 0
769 0
770 0
771 0
772 0
773 -0.192308
774 -0.384615
775 -0.576923
776 0
777 -0.269231
778 -0.461538
779 -0.653846
780 0
781 -0.346154
782 -0.538462
783 -0.730769
784 0
785 -0.25
786 -0.5
787 -0.75
788 0.0714286
789 -0.228571
790 -0.428571
791 -0.628571
792 -0.214286
793 -0.314286
794 -0.514286
795 -0.714286
796 -0.5
797 -0.4
798 -0.6
799 -0.8
800 0
801 -0.25
802 -0.5
803 -0.75
804 3.4861e-14
805 -0.2
806 -0.4
807 -0.6
808 -0.285714
809 -0.285714
810 -0.485714
811 -0.685714
812 -0.571429
813 -0.371429
814 -0.571429
815 -0.771429
816 0
817 -0.25
818 -0.5
819 -0.75
820 -0.0714286
821 -0.171429
822 -0.371429
823 -0.571429
824 -0.357143
825 -0.257143
826 -0.457143
827 -0.657143
828 -0.642857
829 -0.342857
830 -0.542857
831 -0.742857
832 0
833 -0.346152
834 -0.615385
835 -0.884615
836 -0.0714286
837 -0.3
838 -0.5
839 -0.7
840 -0.428571
841 -0.4
842 -0.6
843 -0.8
844 -0.785714
845 -0.5
846 -0.7
847 -0.9
848 0.5
849 -0.314285
850 -0.571429
851 -0.828571
852 5.11147e-13
853 -0.3
854 -0.5
855 -0.7
856 -0.3
857 -0.4
858 -0.6
859 -0.8
860 -0.6
861 -0.5
862 -0.7
863 -0.9
864 4.25704e-12
865 -0.342856
866 -0.6
867 -0.857143
868 -0.1
869 -0.3
870 -0.5
871 -0.7
872 -0.4
873 -0.4
874 -0.6
875 -0.8
876 -0.7
877 -0.5
878 -0.7
879 -0.9
880 -0.5
881 -0.371428
882 -0.628571
883 -0.885714
884 -0.2
885 -0.3
886 -0.5
887 -0.7
888 -0.5
889 -0.4
890 -0.6
891 -0.8
892 -0.8
893 -0.5
894 -0.7
895 -0.9
896 0
897 -0.269231
898 -0.538461
899 -0.807692
900 1.75415e-13
901 -0.2
902 -0.4
903 -0.6
904 -0.357143
905 -0.3
906 -0.5
907 -0.7
908 -0.714286
909 -0.4
910 -0.6
911 -0.8
912 0.5
913 -0.228567
914 -0.485714
915 -0.742857
916 0.1
917 -0.2
918 -0.4
919 -0.6
920 -0.2
921 -0.3
922 -0.5
923 -0.7
924 -0.5
925 -0.4
926 -0.6
927 -0.8
928 1.78479e-12
929 -0.257139
930 -0.514286
931 -0.771429
932 -2.01172e-13
933 -0.2
934 -0.4
935 -0.6
936 -0.3
937 -0.3
938 -0.5
939 -0.7
940 -0.6
941 -0.4
942 -0.6
943 -0.8
944 -0.5
945 -0.285711
946 -0.542857
947 -0.8
948 -0.1
949 -0.2
950 -0.4
951 -0.6
952 -0.4
953 -0.3
954 -0.5
955 -0.7
956 -0.7
957 -0.4
958 -0.6
959 -0.8
960 0
961 -0.192308
962 -0.461537
963 -0.730769
964 0.0714286
965 -0.1
966 -0.3
967 -0.5
968 -0.285714
969 -0.2
970 -0.4
971 -0.6
972 -0.642857
973 -0.3
974 -0.5
975 -0.7
976 0.5
977 -0.142857
978 -0.4
979 -0.657143
980 0.2
981 -0.1
982 -0.3
983 -0.5
984 -0.1
985 -0.2
986 -0.4
987 -0.6
988 -0.4
989 -0.3
990 -0.5
991 -0.7
992 4.5457e-12
993 -0.171429
994 -0.428571
995 -0.685714
996 0.1
997 -0.1
998 -0.3
999 -0.5
1000 -0.2
1001 -0.2
1002 -0.4
1003 -0.6
1004 -0.5
1005 -0.3
1006 -0.5
1007 -0.7
1008 -0.5
1009 -0.199991
1010 -0.457143
1011 -0.714286
1012 8.63754e-14
1013 -0.1
1014 -0.3
1015 -0.5
1016 -0.3
1017 -0.2
1018 -0.4
1019 -0.6
1020 -0.6
1021 -0.3
1022 -0.5
1023 -0.7
1024 0
1025 0
1026 0
1027 0
1028 0
1029 -0.785714
1030 -0.928571
1031 -1.07143
1032 0
1033 -0.857143
1034 -1
1035 -1.14286
1036 0
1037 -0.928571
1038 -1.07143
1039 -1.21429
1040 0
1041 -0.789474
1042 -0.973684
1043 -1.15789
1044 -0.730769
1045 -0.785714
1046 -0.928571
1047 -1.07143
1048 -0.923077
1049 -0.857143
1050 -1
1051 -1.14286
1052 -1.11538
1053 -0.928571
1054 -1.07143
1055 -1.21429
1056 0
1057 -0.815789
1058 -1
1059 -1.18421
1060 -0.807692
1061 -0.785714
1062 -0.928571
1063 -1.07143
1064 -1
1065 -0.857143
1066 -1
1067 -1.14286
1068 -1.19231
1069 -0.928571
1070 -1.07143
1071 -1.21429
1072 0
1073 -0.842105
1074 -1.02632
1075 -1.21053
1076 -0.884615
1077 -0.785714
1078 -0.928571
1079 -1.07143
1080 -1.07692
1081 -0.857143
1082 -1
1083 -1.14286
1084 -1.26923
1085 -0.928571
1086 -1.07143
1087 -1.21429
1088 0
1089 -0.789468
1090 -1
1091 -1.21053
1092 -0.75
1093 -0.762712
1094 -0.915254
1095 -1.0678
1096 -1
1097 -0.847458
1098 -1
1099 -1.15254
1100 -1.25
1101 -0.932203
1102 -1.08475
1103 -1.23729
1104 -0.714286
1105 -0.769229
1106 -0.961538
1107 -1.15385
1108 -0.714286
1109 -0.756755
1110 -0.905405
1111 -1.05405
1112 -0.914286
1113 -0.837834
1114 -0.986486
1115 -1.13514
1116 -1.11429
1117 -0.918919
1118 -1.06757
1119 -1.21622
1120 -1
1121 -0.807691
1122 -1
1123 -1.19231
1124 -0.8
1125 -0.770269
1126 -0.918919
1127 -1.06757
1128 -1
1129 -0.851348
1130 -1
1131 -1.14865
1132 -1.2
1133 -0.932432
1134 -1.08108
1135 -1.22973
1136 -1.28571
1137 -0.846153
1138 -1.03846
1139 -1.23077
1140 -0.885714
1141 -0.783783
1142 -0.932432
1143 -1.08108
1144 -1.08571
1145 -0.864863
1146 -1.01351
1147 -1.16216
1148 -1.28571
1149 -0.945942
1150 -1.09459
1151 -1.24324
1152 0
1153 -0.763157
1154 -0.973684
1155 -1.18421
1156 -0.75
1157 -0.711863
1158 -0.864407
1159 -1.01695
1160 -1
1161 -0.796608
1162 -0.949153
1163 -1.10169
1164 -1.25
1165 -0.881356
1166 -1.0339
1167 -1.18644
1168 -0.785714
1169 -0.730769
1170 -0.923073
1171 -1.11538
1172 -0.685714
1173 -0.702702
1174 -0.851348
1175 -1
1176 -0.885714
1177 -0.783783
1178 -0.932432
1179 -1.08108
1180 -1.08571
1181 -0.864863
1182 -1.01351
1183 -1.16216
1184 -1.07143
1185 -0.769231
1186 -0.961535
1187 -1.15385
1188 -0.771429
1189 -0.716216
1190 -0.864863
1191 -1.01351
1192 -0.971429
1193 -0.797296
1194 -0.945942
1195 -1.09459
1196 -1.17143
1197 -0.878376
1198 -1.02703
1199 -1.17568
1200 -1.35714
1201 -0.807692
1202 -0.999997
1203 -1.19231
1204 -0.857143
1205 -0.729729
1206 -0.878376
1207 -1.02703
1208 -1.05714
1209 -0.81081
1210 -0.959456
1211 -1.10811
1212 -1.25714
1213 -0.89189
1214 -1.04054
1215 -1.18919
1216 0
1217 -0.736842
1218 -0.947365
1219 -1.15789
1220 -0.75
1221 -0.661017
1222 -0.813558
1223 -0.966102
1224 -1
1225 -0.745762
1226 -0.898305
1227 -1.05085
1228 -1.25
1229 -0.830507
1230 -0.983051
1231 -1.13559
1232 -0.857143
1233 -0.692308
1234 -0.884614
1235 -1.07692
1236 -0.657143
1237 -0.648649
1238 -0.797296
1239 -0.945942
1240 -0.857143
1241 -0.729729
1242 -0.878376
1243 -1.02703
1244 -1.05714
1245 -0.81081
1246 -0.959456
1247 -1.10811
1248 -1.14286
1249 -0.730769
1250 -0.923076
1251 -1.11538
1252 -0.742857
1253 -0.662162
1254 -0.81081
1255 -0.959456
1256 -0.942857
1257 -0.743243
1258 -0.89189
1259 -1.04054
1260 -1.14286
1261 -0.824324
1262 -0.97297
1263 -1.12162
1264 -1.42857
1265 -0.769231
1266 -0.961538
1267 -1.15385
1268 -0.828571
1269 -0.675676
1270 -0.824324
1271 -0.97297
1272 -1.02857
1273 -0.756757
1274 -0.905404
1275 -1.05405
1276 -1.22857
1277 -0.837837
1278 -0.986484
1279 -1.13514
1280 0
1281 -0.785714
1282 -1
1283 -1.21429
1284 -0.730769
1285 -0.764706
1286 -0.911765
1287 -1.05882
1288 -1
1289 -0.852941
1290 -1
1291 -1.14706
1292 -1.26923
1293 -0.941176
1294 -1.08824
1295 -1.23529
1296 -0.642857
1297 -0.762712
1298 -0.949153
1299 -1.13559
1300 -0.7
1301 -0.755814
1302 -0.895349
1303 -1.03488
1304 -0.9
1305 -0.837209
1306 -0.976744
1307 -1.11628
1308 -1.1
1309 -0.918605
1310 -1.05814
1311 -1.19767
1312 -1
1313 -0.813559
1314 -1
1315 -1.18644
1316 -0.8
1317 -0.77907
1318 -0.918605
1319 -1.05814
1320 -1
1321 -0.860465
1322 -1
1323 -1.13953
1324 -1.2
1325 -0.94186
1326 -1.0814
1327 -1.22093
1328 -1.35714
1329 -0.864407
1330 -1.05085
1331 -1.23729
1332 -0.9
1333 -0.802326
1334 -0.94186
1335 -1.0814
1336 -1.1
1337 -0.883721
1338 -1.02326
1339 -1.16279
1340 -1.3
1341 -0.965116
1342 -1.10465
1343 -1.24419
1344 -1
1345 -0.785714
1346 -1
1347 -1.21429
1348 -0.742857
1349 -0.755814
1350 -0.906977
1351 -1.05814
1352 -1
1353 -0.848836
1354 -1
1355 -1.15116
1356 -1.25714
1357 -0.94186
1358 -1.09302
1359 -1.24419
1360 -0.7
1361 -0.756757
1362 -0.945946
1363 -1.13514
1364 -0.7
1365 -0.742857
1366 -0.885712
1367 -1.02857
1368 -0.9
1369 -0.828571
1370 -0.971429
1371 -1.11429
1372 -1.1
1373 -0.914283
1374 -1.05714
1375 -1.2
1376 -1
1377 -0.810811
1378 -1
1379 -1.18919
1380 -0.8
1381 -0.771429
1382 -0.914283
1383 -1.05714
1384 -1
1385 -0.857142
1386 -1
1387 -1.14286
1388 -1.2
1389 -0.942855
1390 -1.08571
1391 -1.22857
1392 -1.3
1393 -0.864865
1394 -1.05405
1395 -1.24324
1396 -0.9
1397 -0.8
1398 -0.942855
1399 -1.08571
1400 -1.1
1401 -0.885714
1402 -1.02857
1403 -1.17143
1404 -1.3
1405 -0.971427
1406 -1.11429
1407 -1.25714
1408 -1.5
1409 -0.785714
1410 -1
1411 -1.21429
1412 -0.771429
1413 -0.732558
1414 -0.88372
1415 -1.03488
1416 -1.02857
1417 -0.825581
1418 -0.976744
1419 -1.12791
1420 -1.28571
1421 -0.918604
1422 -1.06977
1423 -1.22093
1424 -0.8
1425 -0.743243
1426 -0.932432
1427 -1.12162
1428 -0.7
1429 -0.714286
1430 -0.857142
1431 -1
1432 -0.9
1433 -0.8
1434 -0.942855
1435 -1.08571
1436 -1.1
1437 -0.885714
1438 -1.02857
1439 -1.17143
1440 -1.1
1441 -0.797297
1442 -0.986486
1443 -1.17567
1444 -0.8
1445 -0.742857
1446 -0.885714
1447 -1.02857
1448 -1
1449 -0.828571
1450 -0.971427
1451 -1.11429
1452 -1.2
1453 -0.914285
1454 -1.05714
1455 -1.2
1456 -1.4
1457 -0.851351
1458 -1.04054
1459 -1.22973
1460 -0.9
1461 -0.771429
1462 -0.914285
1463 -1.05714
1464 -1.1
1465 -0.857143
1466 -0.999998
1467 -1.14286
1468 -1.3
1469 -0.942857
1470 -1.08571
1471 -1.22857
1472 -2
1473 -0.785714
1474 -1
1475 -1.21429
1476 -0.8
1477 -0.709302
1478 -0.860465
1479 -1.01162
1480 -1.05714
1481 -0.802326
1482 -0.953487
1483 -1.10465
1484 -1.31429
1485 -0.895349
1486 -1.04651
1487 -1.19767
1488 -0.9
1489 -0.72973
1490 -0.918919
1491 -1.10811
1492 -0.7
1493 -0.685714
1494 -0.828571
1495 -0.971427
1496 -0.9
1497 -0.771429
1498 -0.914285
1499 -1.05714
1500 -1.1
1501 -0.857143
1502 -0.999998
1503 -1.14286
1504 -1.2
1505 -0.783784
1506 -0.972973
1507 -1.16216
1508 -0.8
1509 -0.714286
1510 -0.857143
1511 -0.999998
1512 -1
1513 -0.8
1514 -0.942857
1515 -1.08571
1516 -1.2
1517 -0.885714
1518 -1.02857
1519 -1.17143
1520 -1.5
1521 -0.837838
1522 -1.02703
1523 -1.21622
1524 -0.9
1525 -0.742857
1526 -0.885714
1527 -1.02857
1528 -1.1
1529 -0.828571
1530 -0.971428
1531 -1.11428
1532 -1.3
1533 -0.914286
1534 -1.05714
1535 -1.2
1536 0
1537 -0.714286
1538 -0.928571
1539 -1.14286
1540 -0.653846
1541 -0.676469
1542 -0.823529
1543 -0.970588
1544 -0.923077
1545 -0.764706
1546 -0.911765
1547 -1.05882
1548 -1.19231
1549 -0.852941
1550 -1
1551 -1.14706
1552 -0.571429
1553 -0.677966
1554 -0.864407
1555 -1.05085
1556 -0.6
1557 -0.66279
1558 -0.802326
1559 -0.94186
1560 -0.8
1561 -0.744185
1562 -0.883721
1563 -1.02326
1564 -1
1565 -0.825581
1566 -0.965116
1567 -1.10465
1568 -0.928571
1569 -0.728814
1570 -0.915254
1571 -1.10169
1572 -0.7
1573 -0.686046
1574 -0.825581
1575 -0.965116
1576 -0.9
1577 -0.767441
1578 -0.906977
1579 -1.04651
1580 -1.1
1581 -0.848837
1582 -0.988372
1583 -1.12791
1584 -1.28571
1585 -0.779661
1586 -0.966102
1587 -1.15254
1588 -0.8
1589 -0.709302
1590 -0.848837
1591 -0.988372
1592 -1
1593 -0.790697
1594 -0.930233
1595 -1.06977
1596 -1.2
1597 -0.872092
1598 -1.01163
1599 -1.15116
1600 -1
1601 -0.714286
1602 -0.928571
1603 -1.14286
1604 -0.657143
1605 -0.674418
1606 -0.825581
1607 -0.976744
1608 -0.914286
1609 -0.767442
1610 -0.918604
1611 -1.06977
1612 -1.17143
1613 -0.860465
1614 -1.01162
1615 -1.16279
1616 -0.6
1617 -0.675676
1618 -0.864865
1619 -1.05405
1620 -0.6
1621 -0.657143
1622 -0.8
1623 -0.942855
1624 -0.8
1625 -0.742857
1626 -0.885714
1627 -1.02857
1628 -1
1629 -0.828571
1630 -0.971427
1631 -1.11429
1632 -0.9
1633 -0.72973
1634 -0.918919
1635 -1.10811
1636 -0.7
1637 -0.685714
1638 -0.828571
1639 -0.971427
1640 -0.9
1641 -0.771429
1642 -0.914285
1643 -1.05714
1644 -1.1
1645 -0.857143
1646 -0.999998
1647 -1.14286
1648 -1.2
1649 -0.783784
1650 -0.972973
1651 -1.16216
1652 -0.8
1653 -0.714286
1654 -0.857143
1655 -0.999998
1656 -1
1657 -0.8
1658 -0.942857
1659 -1.08571
1660 -1.2
1661 -0.885714
1662 -1.02857
1663 -1.17143
1664 -1.5
1665 -0.714286
1666 -0.928571
1667 -1.14286
1668 -0.685714
1669 -0.65116
1670 -0.802326
1671 -0.953487
1672 -0.942857
1673 -0.744186
1674 -0.895349
1675 -1.04651
1676 -1.2
1677 -0.837209
1678 -0.988371
1679 -1.13953
1680 -0.7
1681 -0.662162
1682 -0.851351
1683 -1.04054
1684 -0.6
1685 -0.62857
1686 -0.771429
1687 -0.914285
1688 -0.8
1689 -0.714286
1690 -0.857143
1691 -0.999998
1692 -1
1693 -0.8
1694 -0.942857
1695 -1.08571
1696 -1
1697 -0.716216
1698 -0.905405
1699 -1.09459
1700 -0.7
1701 -0.657142
1702 -0.8
1703 -0.942857
1704 -0.9
1705 -0.742857
1706 -0.885714
1707 -1.02857
1708 -1.1
1709 -0.828571
1710 -0.971428
1711 -1.11428
1712 -1.3
1713 -0.77027
1714 -0.959459
1715 -1.14865
1716 -0.8
1717 -0.685713
1718 -0.828571
1719 -0.971428
1720 -1
1721 -0.771429
1722 -0.914286
1723 -1.05714
1724 -1.2
1725 -0.857143
1726 -1
1727 -1.14285
1728 -2
1729 -0.714286
1730 -0.928571
1731 -1.14286
1732 -0.714286
1733 -0.627907
1734 -0.77907
1735 -0.930232
1736 -0.971429
1737 -0.720928
1738 -0.872093
1739 -1.02325
1740 -1.22857
1741 -0.813953
1742 -0.965116
1743 -1.11628
1744 -0.8
1745 -0.648649
1746 -0.837838
1747 -1.02703
1748 -0.6
1749 -0.6
1750 -0.742857
1751 -0.885714
1752 -0.8
1753 -0.685713
1754 -0.828571
1755 -0.971428
1756 -1
1757 -0.771429
1758 -0.914286
1759 -1.05714
1760 -1.1
1761 -0.702703
1762 -0.891892
1763 -1.08108
1764 -0.7
1765 -0.628571
1766 -0.771429
1767 -0.914286
1768 -0.9
1769 -0.714285
1770 -0.857143
1771 -1
1772 -1.1
1773 -0.8
1774 -0.942857
1775 -1.08571
1776 -1.4
1777 -0.756757
1778 -0.945946
1779 -1.13514
1780 -0.8
1781 -0.657143
1782 -0.8
1783 -0.942857
1784 -1
1785 -0.742856
1786 -0.885714
1787 -1.02857
1788 -1.2
1789 -0.828571
1790 -0.971429
1791 -1.11428
1792 0
1793 -0.642857
1794 -0.857143
1795 -1.07143
1796 -0.576923
1797 -0.588235
1798 -0.735293
1799 -0.882353
1800 -0.846154
1801 -0.67647
1802 -0.823527
1803 -0.970588
1804 -1.11538
1805 -0.764705
1806 -0.911765
1807 -1.05882
1808 -0.499858
1809 -0.59322
1810 -0.779661
1811 -0.966102
1812 -0.5
1813 -0.569767
1814 -0.709302
1815 -0.848837
1816 -0.7
1817 -0.651163
1818 -0.790697
1819 -0.930233
1820 -0.9
1821 -0.732558
1822 -0.872092
1823 -1.01163
1824 -0.857143
1825 -0.644068
1826 -0.830508
1827 -1.01695
1828 -0.6
1829 -0.593023
1830 -0.732558
1831 -0.872092
1832 -0.8
1833 -0.674419
1834 -0.813953
1835 -0.953488
1836 -1
1837 -0.755814
1838 -0.895348
1839 -1.03488
1840 -1.21429
1841 -0.694915
1842 -0.881356
1843 -1.0678
1844 -0.7
1845 -0.616279
1846 -0.755814
1847 -0.895348
1848 -0.9
1849 -0.697674
1850 -0.837209
1851 -0.976744
1852 -1.1
1853 -0.779069
1854 -0.918603
1855 -1.05814
1856 -1
1857 -0.642857
1858 -0.857143
1859 -1.07143
1860 -0.571429
1861 -0.593023
1862 -0.744186
1863 -0.895349
1864 -0.828571
1865 -0.686044
1866 -0.837209
1867 -0.988371
1868 -1.08571
1869 -0.77907
1870 -0.930232
1871 -1.08139
1872 -0.5
1873 -0.594595
1874 -0.783784
1875 -0.972973
1876 -0.5
1877 -0.571429
1878 -0.714286
1879 -0.857143
1880 -0.7
1881 -0.657142
1882 -0.8
1883 -0.942857
1884 -0.9
1885 -0.742857
1886 -0.885714
1887 -1.02857
1888 -0.8
1889 -0.648649
1890 -0.837838
1891 -1.02703
1892 -0.6
1893 -0.6
1894 -0.742857
1895 -0.885714
1896 -0.8
1897 -0.685713
1898 -0.828571
1899 -0.971428
1900 -1
1901 -0.771429
1902 -0.914286
1903 -1.05714
1904 -1.1
1905 -0.702703
1906 -0.891892
1907 -1.08108
1908 -0.7
1909 -0.628571
1910 -0.771429
1911 -0.914286
1912 -0.9
1913 -0.714285
1914 -0.857143
1915 -1
1916 -1.1
1917 -0.8
1918 -0.942857
1919 -1.08571
1920 -1.5
1921 -0.642857
1922 -0.857143
1923 -1.07143
1924 -0.6
1925 -0.569767
1926 -0.720928
1927 -0.872093
1928 -0.857143
1929 -0.662791
1930 -0.813953
1931 -0.965116
1932 -1.11429
1933 -0.755812
1934 -0.906977
1935 -1.05814
1936 -0.6
1937 -0.581081
1938 -0.77027
1939 -0.959459
1940 -0.5
1941 -0.542857
1942 -0.685713
1943 -0.828571
1944 -0.7
1945 -0.628571
1946 -0.771429
1947 -0.914286
1948 -0.9
1949 -0.714285
1950 -0.857143
1951 -1
1952 -0.9
1953 -0.635135
1954 -0.824324
1955 -1.01351
1956 -0.6
1957 -0.571429
1958 -0.714285
1959 -0.857143
1960 -0.8
1961 -0.657143
1962 -0.8
1963 -0.942857
1964 -1
1965 -0.742856
1966 -0.885714
1967 -1.02857
1968 -1.2
1969 -0.689189
1970 -0.878378
1971 -1.06757
1972 -0.7
1973 -0.6
1974 -0.742856
1975 -0.885714
1976 -0.9
1977 -0.685714
1978 -0.828571
1979 -0.971429
1980 -1.1
1981 -0.771428
1982 -0.914286
1983 -1.05714
1984 -2
1985 -0.642857
1986 -0.857143
1987 -1.07143
1988 -0.628571
1989 -0.546512
1990 -0.697674
1991 -0.848837
1992 -0.885714
1993 -0.639535
1994 -0.790696
1995 -0.94186
1996 -1.14286
1997 -0.732558
1998 -0.883721
1999 -1.03488
2000 -0.7
2001 -0.567568
2002 -0.756757
2003 -0.945946
2004 -0.5
2005 -0.514286
2006 -0.657143
2007 -0.8
2008 -0.7
2009 -0.6
2010 -0.742856
2011 -0.885714
2012 -0.9
2013 -0.685714
2014 -0.828571
2015 -0.971429
2016 -1
2017 -0.621622
2018 -0.810811
2019 -1
2020 -0.6
2021 -0.542857
2022 -0.685714
2023 -0.828571
2024 -0.8
2025 -0.628571
2026 -0.771428
2027 -0.914286
2028 -1
2029 -0.714282
2030 -0.857143
2031 -1
2032 -1.3
2033 -0.675676
2034 -0.864865
2035 -1.05405
2036 -0.7
2037 -0.571429
2038 -0.714282
2039 -0.857143
2040 -0.9
2041 -0.657143
2042 -0.799999
2043 -0.942857
2044 -1.1
2045 -0.742854
2046 -0.885714
2047 -1.02857
2048 0
2049 0
2050 0
2051 0
2052 0
2053 -0.571429
2054 -0.714286
2055 -0.857143
2056 0
2057 -0.642857
2058 -0.785714
2059 -0.928571
2060 0
2061 -0.714286
2062 -0.857143
2063 -1
2064 0
2065 -0.578947
2066 -0.763158
2067 -0.947368
2068 -0.461538
2069 -0.571429
2070 -0.714286
2071 -0.857143
2072 -0.653846
2073 -0.642857
2074 -0.785714
2075 -0.928571
2076 -0.846154
2077 -0.714286
2078 -0.857143
2079 -1
2080 0
2081 -0.605263
2082 -0.789474
2083 -0.973684
2084 -0.538462
2085 -0.571429
2086 -0.714286
2087 -0.857143
2088 -0.730769
2089 -0.642857
2090 -0.785714
2091 -0.928571
2092 -0.923077
2093 -0.714286
2094 -0.857143
2095 -1
2096 0
2097 -0.631579
2098 -0.815789
2099 -1
2100 -0.615385
2101 -0.571429
2102 -0.714286
2103 -0.857143
2104 -0.807692
2105 -0.642857
2106 -0.785714
2107 -0.928571
2108 -1
2109 -0.714286
2110 -0.857143
2111 -1
2112 0
2113 -0.605262
2114 -0.815789
2115 -1.02632
2116 -0.5
2117 -0.576271
2118 -0.728813
2119 -0.881356
2120 -0.75
2121 -0.661017
2122 -0.813558
2123 -0.966102
2124 -1
2125 -0.745762
2126 -0.898305
2127 -1.05085
2128 -0.357143
2129 -0.576923
2130 -0.769231
2131 -0.961535
2132 -0.457143
2133 -0.567568
2134 -0.716216
2135 -0.864863
2136 -0.657143
2137 -0.648649
2138 -0.797296
2139 -0.945942
2140 -0.857143
2141 -0.729729
2142 -0.878376
2143 -1.02703
2144 -0.642857
2145 -0.615384
2146 -0.807692
2147 -0.999997
2148 -0.542857
2149 -0.581081
2150 -0.729729
2151 -0.878376
2152 -0.742857
2153 -0.662162
2154 -0.81081
2155 -0.959456
2156 -0.942857
2157 -0.743243
2158 -0.89189
2159 -1.04054
2160 -0.928571
2161 -0.653846
2162 -0.846154
2163 -1.03846
2164 -0.628571
2165 -0.594595
2166 -0.743243
2167 -0.89189
2168 -0.828571
2169 -0.675676
2170 -0.824324
2171 -0.97297
2172 -1.02857
2173 -0.756757
2174 -0.905404
2175 -1.05405
2176 0
2177 -0.578947
2178 -0.789474
2179 -0.999997
2180 -0.5
2181 -0.525424
2182 -0.677966
2183 -0.830507
2184 -0.75
2185 -0.610169
2186 -0.762711
2187 -0.915252
2188 -1
2189 -0.694915
2190 -0.847457
2191 -1
2192 -0.428571
2193 -0.538458
2194 -0.730769
2195 -0.923076
2196 -0.428571
2197 -0.513514
2198 -0.662162
2199 -0.81081
2200 -0.628571
2201 -0.594595
2202 -0.743243
2203 -0.89189
2204 -0.828571
2205 -0.675676
2206 -0.824324
2207 -0.97297
2208 -0.714286
2209 -0.57692
2210 -0.769231
2211 -0.961538
2212 -0.514286
2213 -0.527027
2214 -0.675676
2215 -0.824324
2216 -0.714286
2217 -0.608108
2218 -0.756757
2219 -0.905404
2220 -0.914286
2221 -0.689189
2222 -0.837837
2223 -0.986484
2224 -1
2225 -0.615382
2226 -0.807692
2227 -0.999999
2228 -0.6
2229 -0.540541
2230 -0.689189
2231 -0.837837
2232 -0.8
2233 -0.621622
2234 -0.77027
2235 -0.918918
2236 -1
2237 -0.702703
2238 -0.851351
2239 -0.999998
2240 0
2241 -0.552632
2242 -0.763158
2243 -0.973684
2244 -0.5
2245 -0.474576
2246 -0.627119
2247 -0.779661
2248 -0.75
2249 -0.559322
2250 -0.711864
2251 -0.864406
2252 -1
2253 -0.644068
2254 -0.79661
2255 -0.949151
2256 -0.5
2257 -0.5
2258 -0.692308
2259 -0.884615
2260 -0.4
2261 -0.459459
2262 -0.608108
2263 -0.756757
2264 -0.6
2265 -0.540541
2266 -0.689189
2267 -0.837837
2268 -0.8
2269 -0.621622
2270 -0.77027
2271 -0.918918
2272 -0.785714
2273 -0.538462
2274 -0.730769
2275 -0.923077
2276 -0.485714
2277 -0.472973
2278 -0.621622
2279 -0.77027
2280 -0.685714
2281 -0.554054
2282 -0.702703
2283 -0.851351
2284 -0.885714
2285 -0.635135
2286 -0.783784
2287 -0.932432
2288 -1.07143
2289 -0.576923
2290 -0.769231
2291 -0.961538
2292 -0.571429
2293 -0.486486
2294 -0.635135
2295 -0.783784
2296 -0.771429
2297 -0.567568
2298 -0.716216
2299 -0.864865
2300 -0.971429
2301 -0.648649
2302 -0.797297
2303 -0.945945
2304 0
2305 -0.642857
2306 -0.85714
2307 -1.07143
2308 -0.538462
2309 -0.617647
2310 -0.764706
2311 -0.911765
2312 -0.807692
2313 -0.705881
2314 -0.852941
2315 -1
2316 -1.07692
2317 -0.794116
2318 -0.941176
2319 -1.08824
2320 -0.357143
2321 -0.610169
2322 -0.796609
2323 -0.98305
2324 -0.5
2325 -0.604651
2326 -0.744185
2327 -0.883721
2328 -0.7
2329 -0.686046
2330 -0.825581
2331 -0.965116
2332 -0.9
2333 -0.767441
2334 -0.906977
2335 -1.04651
2336 -0.714286
2337 -0.661017
2338 -0.847457
2339 -1.0339
2340 -0.6
2341 -0.627907
2342 -0.767441
2343 -0.906977
2344 -0.8
2345 -0.709302
2346 -0.848837
2347 -0.988372
2348 -1
2349 -0.790697
2350 -0.930233
2351 -1.06977
2352 -1.07143
2353 -0.711864
2354 -0.898305
2355 -1.08475
2356 -0.7
2357 -0.651163
2358 -0.790697
2359 -0.930233
2360 -0.9
2361 -0.732558
2362 -0.872092
2363 -1.01163
2364 -1.1
2365 -0.813953
2366 -0.953488
2367 -1.09302
2368 -0.5
2369 -0.642857
2370 -0.857143
2371 -1.07143
2372 -0.542857
2373 -0.616276
2374 -0.767442
2375 -0.918604
2376 -0.8
2377 -0.709302
2378 -0.860465
2379 -1.01162
2380 -1.05714
2381 -0.802326
2382 -0.953487
2383 -1.10465
2384 -0.4
2385 -0.608108
2386 -0.797297
2387 -0.986486
2388 -0.5
2389 -0.599999
2390 -0.742857
2391 -0.885714
2392 -0.7
2393 -0.685714
2394 -0.828571
2395 -0.971427
2396 -0.9
2397 -0.771429
2398 -0.914285
2399 -1.05714
2400 -0.7
2401 -0.662162
2402 -0.851351
2403 -1.04054
2404 -0.6
2405 -0.62857
2406 -0.771429
2407 -0.914285
2408 -0.8
2409 -0.714286
2410 -0.857143
2411 -0.999998
2412 -1
2413 -0.8
2414 -0.942857
2415 -1.08571
2416 -1
2417 -0.716216
2418 -0.905405
2419 -1.09459
2420 -0.7
2421 -0.657142
2422 -0.8
2423 -0.942857
2424 -0.9
2425 -0.742857
2426 -0.885714
2427 -1.02857
2428 -1.1
2429 -0.828571
2430 -0.971428
2431 -1.11428
2432 -1
2433 -0.642857
2434 -0.857143
2435 -1.07143
2436 -0.571429
2437 -0.593023
2438 -0.744186
2439 -0.895349
2440 -0.828571
2441 -0.686044
2442 -0.837209
2443 -0.988371
2444 -1.08571
2445 -0.77907
2446 -0.930232
2447 -1.08139
2448 -0.5
2449 -0.594595
2450 -0.783784
2451 -0.972973
2452 -0.5
2453 -0.571429
2454 -0.714286
2455 -0.857143
2456 -0.7
2457 -0.657142
2458 -0.8
2459 -0.942857
2460 -0.9
2461 -0.742857
2462 -0.885714
2463 -1.02857
2464 -0.8
2465 -0.648649
2466 -0.837838
2467 -1.02703
2468 -0.6
2469 -0.6
2470 -0.742857
2471 -0.885714
2472 -0.8
2473 -0.685713
2474 -0.828571
2475 -0.971428
2476 -1
2477 -0.771429
2478 -0.914286
2479 -1.05714
2480 -1.1
2481 -0.702703
2482 -0.891892
2483 -1.08108
2484 -0.7
2485 -0.628571
2486 -0.771429
2487 -0.914286
2488 -0.9
2489 -0.714285
2490 -0.857143
2491 -1
2492 -1.1
2493 -0.8
2494 -0.942857
2495 -1.08571
2496 -1.5
2497 -0.642857
2498 -0.857143
2499 -1.07143
2500 -0.6
2501 -0.569767
2502 -0.720928
2503 -0.872093
2504 -0.857143
2505 -0.662791
2506 -0.813953
2507 -0.965116
2508 -1.11429
2509 -0.755812
2510 -0.906977
2511 -1.05814
2512 -0.6
2513 -0.581081
2514 -0.77027
2515 -0.959459
2516 -0.5
2517 -0.542857
2518 -0.685713
2519 -0.828571
2520 -0.7
2521 -0.628571
2522 -0.771429
2523 -0.914286
2524 -0.9
2525 -0.714285
2526 -0.857143
2527 -1
2528 -0.9
2529 -0.635135
2530 -0.824324
2531 -1.01351
2532 -0.6
2533 -0.571429
2534 -0.714285
2535 -0.857143
2536 -0.8
2537 -0.657143
2538 -0.8
2539 -0.942857
2540 -1
2541 -0.742856
2542 -0.885714
2543 -1.02857
2544 -1.2
2545 -0.689189
2546 -0.878378
2547 -1.06757
2548 -0.7
2549 -0.6
2550 -0.742856
2551 -0.885714
2552 -0.9
2553 -0.685714
2554 -0.828571
2555 -0.971429
2556 -1.1
2557 -0.771428
2558 -0.914286
2559 -1.05714
2560 0
2561 -0.571429
2562 -0.785714
2563 -0.999998
2564 -0.461538
2565 -0.529412
2566 -0.67647
2567 -0.823527
2568 -0.730769
2569 -0.617647
2570 -0.764705
2571 -0.911765
2572 -1
2573 -0.705882
2574 -0.852939
2575 -1
2576 -0.285714
2577 -0.525424
2578 -0.711864
2579 -0.898305
2580 -0.4
2581 -0.511628
2582 -0.651163
2583 -0.790697
2584 -0.6
2585 -0.593023
2586 -0.732558
2587 -0.872092
2588 -0.8
2589 -0.674419
2590 -0.813953
2591 -0.953488
2592 -0.642857
2593 -0.576271
2594 -0.762712
2595 -0.949152
2596 -0.5
2597 -0.534884
2598 -0.674419
2599 -0.813953
2600 -0.7
2601 -0.616279
2602 -0.755814
2603 -0.895348
2604 -0.9
2605 -0.697674
2606 -0.837209
2607 -0.976744
2608 -1
2609 -0.627119
2610 -0.813559
2611 -1
2612 -0.6
2613 -0.55814
2614 -0.697674
2615 -0.837209
2616 -0.8
2617 -0.639535
2618 -0.779069
2619 -0.918603
2620 -1
2621 -0.72093
2622 -0.860464
2623 -1
2624 -0.5
2625 -0.571429
2626 -0.785714
2627 -1
2628 -0.457143
2629 -0.534884
2630 -0.686044
2631 -0.837209
2632 -0.714286
2633 -0.627907
2634 -0.77907
2635 -0.930232
2636 -0.971429
2637 -0.720928
2638 -0.872093
2639 -1.02325
2640 -0.3
2641 -0.527027
2642 -0.716216
2643 -0.905405
2644 -0.4
2645 -0.514286
2646 -0.657142
2647 -0.8
2648 -0.6
2649 -0.6
2650 -0.742857
2651 -0.885714
2652 -0.8
2653 -0.685713
2654 -0.828571
2655 -0.971428
2656 -0.6
2657 -0.581081
2658 -0.77027
2659 -0.959459
2660 -0.5
2661 -0.542857
2662 -0.685713
2663 -0.828571
2664 -0.7
2665 -0.628571
2666 -0.771429
2667 -0.914286
2668 -0.9
2669 -0.714285
2670 -0.857143
2671 -1
2672 -0.9
2673 -0.635135
2674 -0.824324
2675 -1.01351
2676 -0.6
2677 -0.571429
2678 -0.714285
2679 -0.857143
2680 -0.8
2681 -0.657143
2682 -0.8
2683 -0.942857
2684 -1
2685 -0.742856
2686 -0.885714
2687 -1.02857
2688 -1
2689 -0.571429
2690 -0.785714
2691 -1
2692 -0.485714
2693 -0.511628
2694 -0.662791
2695 -0.813953
2696 -0.742857
2697 -0.604651
2698 -0.755812
2699 -0.906977
2700 -1
2701 -0.697674
2702 -0.848837
2703 -1
2704 -0.4
2705 -0.513514
2706 -0.702703
2707 -0.891892
2708 -0.4
2709 -0.485714
2710 -0.628571
2711 -0.771429
2712 -0.6
2713 -0.571429
2714 -0.714285
2715 -0.857143
2716 -0.8
2717 -0.657143
2718 -0.8
2719 -0.942857
2720 -0.7
2721 -0.567568
2722 -0.756757
2723 -0.945946
2724 -0.5
2725 -0.514286
2726 -0.657143
2727 -0.8
2728 -0.7
2729 -0.6
2730 -0.742856
2731 -0.885714
2732 -0.9
2733 -0.685714
2734 -0.828571
2735 -0.971429
2736 -1
2737 -0.621622
2738 -0.810811
2739 -1
2740 -0.6
2741 -0.542857
2742 -0.685714
2743 -0.828571
2744 -0.8
2745 -0.628571
2746 -0.771428
2747 -0.914286
2748 -1
2749 -0.714282
2750 -0.857143
2751 -1
2752 -1.5
2753 -0.571429
2754 -0.785714
2755 -1
2756 -0.514286
2757 -0.488372
2758 -0.639535
2759 -0.790696
2760 -0.771429
2761 -0.581395
2762 -0.732558
2763 -0.883721
2764 -1.02857
2765 -0.674419
2766 -0.82558
2767 -0.976744
2768 -0.5
2769 -0.5
2770 -0.689189
2771 -0.878378
2772 -0.4
2773 -0.457143
2774 -0.6
2775 -0.742856
2776 -0.6
2777 -0.542857
2778 -0.685714
2779 -0.828571
2780 -0.8
2781 -0.628571
2782 -0.771428
2783 -0.914286
2784 -0.8
2785 -0.554054
2786 -0.743243
2787 -0.932432
2788 -0.5
2789 -0.485714
2790 -0.628571
2791 -0.771428
2792 -0.7
2793 -0.571429
2794 -0.714282
2795 -0.857143
2796 -0.9
2797 -0.657143
2798 -0.799999
2799 -0.942857
2800 -1.1
2801 -0.608108
2802 -0.797297
2803 -0.986486
2804 -0.6
2805 -0.514286
2806 -0.657143
2807 -0.799999
2808 -0.8
2809 -0.6
2810 -0.742854
2811 -0.885714
2812 -1
2813 -0.685714
2814 -0.828571
2815 -0.971429
2816 0
2817 -0.5
2818 -0.714286
2819 -0.928571
2820 -0.384615
2821 -0.441176
2822 -0.588235
2823 -0.735294
2824 -0.653846
2825 -0.529412
2826 -0.676471
2827 -0.823529
2828 -0.923077
2829 -0.617647
2830 -0.764706
2831 -0.911763
2832 -0.214286
2833 -0.440678
2834 -0.627119
2835 -0.813559
2836 -0.3
2837 -0.418604
2838 -0.55814
2839 -0.697674
2840 -0.5
2841 -0.5
2842 -0.639535
2843 -0.779069
2844 -0.7
2845 -0.581395
2846 -0.72093
2847 -0.860464
2848 -0.571429
2849 -0.491525
2850 -0.677966
2851 -0.864407
2852 -0.4
2853 -0.44186
2854 -0.581395
2855 -0.72093
2856 -0.6
2857 -0.523256
2858 -0.662791
2859 -0.802325
2860 -0.8
2861 -0.604651
2862 -0.744186
2863 -0.88372
2864 -0.928571
2865 -0.542373
2866 -0.728814
2867 -0.915254
2868 -0.5
2869 -0.465116
2870 -0.604651
2871 -0.744186
2872 -0.7
2873 -0.546512
2874 -0.686046
2875 -0.825581
2876 -0.9
2877 -0.627907
2878 -0.767442
2879 -0.906976
2880 -0.5
2881 -0.5
2882 -0.714286
2883 -0.928571
2884 -0.371429
2885 -0.453488
2886 -0.604651
2887 -0.755812
2888 -0.628571
2889 -0.546512
2890 -0.697674
2891 -0.848837
2892 -0.885714
2893 -0.639535
2894 -0.790696
2895 -0.94186
2896 -0.2
2897 -0.445946
2898 -0.635135
2899 -0.824324
2900 -0.3
2901 -0.428571
2902 -0.571429
2903 -0.714285
2904 -0.5
2905 -0.514286
2906 -0.657143
2907 -0.8
2908 -0.7
2909 -0.6
2910 -0.742856
2911 -0.885714
2912 -0.5
2913 -0.5
2914 -0.689189
2915 -0.878378
2916 -0.4
2917 -0.457143
2918 -0.6
2919 -0.742856
2920 -0.6
2921 -0.542857
2922 -0.685714
2923 -0.828571
2924 -0.8
2925 -0.628571
2926 -0.771428
2927 -0.914286
2928 -0.8
2929 -0.554054
2930 -0.743243
2931 -0.932432
2932 -0.5
2933 -0.485714
2934 -0.628571
2935 -0.771428
2936 -0.7
2937 -0.571429
2938 -0.714282
2939 -0.857143
2940 -0.9
2941 -0.657143
2942 -0.799999
2943 -0.942857
2944 -1
2945 -0.5
2946 -0.714286
2947 -0.928571
2948 -0.4
2949 -0.430233
2950 -0.581395
2951 -0.732558
2952 -0.657143
2953 -0.523256
2954 -0.674419
2955 -0.82558
2956 -0.914286
2957 -0.616279
2958 -0.767442
2959 -0.918605
2960 -0.3
2961 -0.432432
2962 -0.621622
2963 -0.810811
2964 -0.3
2965 -0.4
2966 -0.542857
2967 -0.685714
2968 -0.5
2969 -0.485714
2970 -0.628571
2971 -0.771428
2972 -0.7
2973 -0.571429
2974 -0.714282
2975 -0.857143
2976 -0.6
2977 -0.486486
2978 -0.675676
2979 -0.864865
2980 -0.4
2981 -0.428571
2982 -0.571429
2983 -0.714282
2984 -0.6
2985 -0.514286
2986 -0.657143
2987 -0.799999
2988 -0.8
2989 -0.6
2990 -0.742854
2991 -0.885714
2992 -0.9
2993 -0.540541
2994 -0.72973
2995 -0.918919
2996 -0.5
2997 -0.457143
2998 -0.6
2999 -0.742854
3000 -0.7
3001 -0.542857
3002 -0.685714
3003 -0.828571
3004 -0.9
3005 -0.628571
3006 -0.771426
3007 -0.914286
3008 -1.5
3009 -0.5
3010 -0.714286
3011 -0.928571
3012 -0.428571
3013 -0.406977
3014 -0.55814
3015 -0.709302
3016 -0.685714
3017 -0.5
3018 -0.651163
3019 -0.802326
3020 -0.942857
3021 -0.593023
3022 -0.744186
3023 -0.895348
3024 -0.4
3025 -0.418919
3026 -0.608108
3027 -0.797297
3028 -0.3
3029 -0.371429
3030 -0.514286
3031 -0.657143
3032 -0.5
3033 -0.457143
3034 -0.6
3035 -0.742854
3036 -0.7
3037 -0.542857
3038 -0.685714
3039 -0.828571
3040 -0.7
3041 -0.472973
3042 -0.662162
3043 -0.851351
3044 -0.4
3045 -0.4
3046 -0.542857
3047 -0.685714
3048 -0.6
3049 -0.485714
3050 -0.628571
3051 -0.771426
3052 -0.8
3053 -0.571429
3054 -0.714286
3055 -0.857142
3056 -1
3057 -0.527027
3058 -0.716216
3059 -0.905405
3060 -0.5
3061 -0.428571
3062 -0.571429
3063 -0.714286
3064 -0.7
3065 -0.514286
3066 -0.657143
3067 -0.799997
3068 -0.9
3069 -0.6
3070 -0.742857
3071 -0.885714
3072 0
3073 0
3074 0
3075 0
3076 0
3077 -0.357143
3078 -0.5
3079 -0.642857
3080 0
3081 -0.428571
3082 -0.571429
3083 -0.714286
3084 0
3085 -0.5
3086 -0.642857
3087 -0.785714
3088 0
3089 -0.368421
3090 -0.552631
3091 -0.736842
3092 -0.192308
3093 -0.357143
3094 -0.5
3095 -0.642857
3096 -0.384615
3097 -0.428571
3098 -0.571429
3099 -0.714286
3100 -0.576923
3101 -0.5
3102 -0.642857
3103 -0.785714
3104 0
3105 -0.394737
3106 -0.578947
3107 -0.763158
3108 -0.269231
3109 -0.357143
3110 -0.5
3111 -0.642857
3112 -0.461538
3113 -0.428571
3114 -0.571429
3115 -0.714286
3116 -0.653846
3117 -0.5
3118 -0.642857
3119 -0.785714
3120 0
3121 -0.421053
3122 -0.605263
3123 -0.789474
3124 -0.346154
3125 -0.357143
3126 -0.5
3127 -0.642857
3128 -0.538462
3129 -0.428571
3130 -0.571429
3131 -0.714286
3132 -0.730769
3133 -0.5
3134 -0.642857
3135 -0.785714
3136 0
3137 -0.421053
3138 -0.631579
3139 -0.842105
3140 -0.25
3141 -0.38983
3142 -0.542373
3143 -0.694915
3144 -0.5
3145 -0.474576
3146 -0.627119
3147 -0.779661
3148 -0.75
3149 -0.559322
3150 -0.711864
3151 -0.864406
3152 1.20015e-12
3153 -0.384615
3154 -0.57692
3155 -0.769231
3156 -0.2
3157 -0.378378
3158 -0.527027
3159 -0.675676
3160 -0.4
3161 -0.459459
3162 -0.608108
3163 -0.756757
3164 -0.6
3165 -0.540541
3166 -0.689189
3167 -0.837837
3168 -0.285714
3169 -0.423077
3170 -0.615382
3171 -0.807692
3172 -0.285714
3173 -0.391892
3174 -0.540541
3175 -0.689189
3176 -0.485714
3177 -0.472973
3178 -0.621622
3179 -0.77027
3180 -0.685714
3181 -0.554054
3182 -0.702703
3183 -0.851351
3184 -0.571429
3185 -0.461538
3186 -0.653844
3187 -0.846154
3188 -0.371429
3189 -0.405405
3190 -0.554054
3191 -0.702703
3192 -0.571429
3193 -0.486486
3194 -0.635135
3195 -0.783784
3196 -0.771429
3197 -0.567568
3198 -0.716216
3199 -0.864865
3200 0
3201 -0.394737
3202 -0.605263
3203 -0.815789
3204 -0.25
3205 -0.338983
3206 -0.491525
3207 -0.644068
3208 -0.5
3209 -0.423729
3210 -0.576271
3211 -0.728813
3212 -0.75
3213 -0.508475
3214 -0.661017
3215 -0.813559
3216 -0.0714286
3217 -0.346154
3218 -0.538462
3219 -0.730769
3220 -0.171429
3221 -0.324324
3222 -0.472973
3223 -0.621622
3224 -0.371429
3225 -0.405405
3226 -0.554054
3227 -0.702703
3228 -0.571429
3229 -0.486486
3230 -0.635135
3231 -0.783784
3232 -0.357143
3233 -0.384615
3234 -0.576923
3235 -0.769231
3236 -0.257143
3237 -0.337838
3238 -0.486486
3239 -0.635135
3240 -0.457143
3241 -0.418919
3242 -0.567568
3243 -0.716216
3244 -0.657143
3245 -0.5
3246 -0.648649
3247 -0.797297
3248 -0.642857
3249 -0.423077
3250 -0.615385
3251 -0.807692
3252 -0.342857
3253 -0.351351
3254 -0.5
3255 -0.648649
3256 -0.542857
3257 -0.432432
3258 -0.581081
3259 -0.72973
3260 -0.742857
3261 -0.513514
3262 -0.662162
3263 -0.810811
3264 0
3265 -0.368421
3266 -0.578947
3267 -0.789474
3268 -0.25
3269 -0.288136
3270 -0.440678
3271 -0.59322
3272 -0.5
3273 -0.372881
3274 -0.525424
3275 -0.677966
3276 -0.75
3277 -0.457627
3278 -0.610169
3279 -0.762712
3280 -0.142857
3281 -0.307692
3282 -0.5
3283 -0.692306
3284 -0.142857
3285 -0.27027
3286 -0.418919
3287 -0.567568
3288 -0.342857
3289 -0.351351
3290 -0.5
3291 -0.648649
3292 -0.542857
3293 -0.432432
3294 -0.581081
3295 -0.72973
3296 -0.428571
3297 -0.346154
3298 -0.538462
3299 -0.730768
3300 -0.228571
3301 -0.283784
3302 -0.432432
3303 -0.581081
3304 -0.428571
3305 -0.364865
3306 -0.513514
3307 -0.662162
3308 -0.628571
3309 -0.445946
3310 -0.594595
3311 -0.743243
3312 -0.714286
3313 -0.384615
3314 -0.576923
3315 -0.76923
3316 -0.314286
3317 -0.297297
3318 -0.445946
3319 -0.594595
3320 -0.514286
3321 -0.378378
3322 -0.527027
3323 -0.675676
3324 -0.714286
3325 -0.459459
3326 -0.608108
3327 -0.756757
3328 0
3329 -0.5
3330 -0.714286
3331 -0.928571
3332 -0.346154
3333 -0.470588
3334 -0.617647
3335 -0.764705
3336 -0.615385
3337 -0.558824
3338 -0.705882
3339 -0.852939
3340 -0.884615
3341 -0.647059
3342 -0.794117
3343 -0.941176
3344 -0.0714286
3345 -0.457627
3346 -0.644068
3347 -0.830508
3348 -0.3
3349 -0.453488
3350 -0.593023
3351 -0.732558
3352 -0.5
3353 -0.534884
3354 -0.674419
3355 -0.813953
3356 -0.7
3357 -0.616279
3358 -0.755814
3359 -0.895348
3360 -0.428571
3361 -0.508475
3362 -0.694915
3363 -0.881356
3364 -0.4
3365 -0.476744
3366 -0.616279
3367 -0.755814
3368 -0.6
3369 -0.55814
3370 -0.697674
3371 -0.837209
3372 -0.8
3373 -0.639535
3374 -0.779069
3375 -0.918603
3376 -0.785714
3377 -0.559322
3378 -0.745763
3379 -0.932203
3380 -0.5
3381 -0.5
3382 -0.639535
3383 -0.779069
3384 -0.7
3385 -0.581395
3386 -0.72093
3387 -0.860464
3388 -0.9
3389 -0.662791
3390 -0.802325
3391 -0.941859
3392 3.44613e-13
3393 -0.5
3394 -0.714286
3395 -0.928571
3396 -0.342857
3397 -0.476744
3398 -0.627907
3399 -0.77907
3400 -0.6
3401 -0.569767
3402 -0.720928
3403 -0.872093
3404 -0.857143
3405 -0.662791
3406 -0.813953
3407 -0.965116
3408 -0.1
3409 -0.459459
3410 -0.648649
3411 -0.837838
3412 -0.3
3413 -0.457143
3414 -0.6
3415 -0.742857
3416 -0.5
3417 -0.542857
3418 -0.685713
3419 -0.828571
3420 -0.7
3421 -0.628571
3422 -0.771429
3423 -0.914286
3424 -0.4
3425 -0.513514
3426 -0.702703
3427 -0.891892
3428 -0.4
3429 -0.485714
3430 -0.628571
3431 -0.771429
3432 -0.6
3433 -0.571429
3434 -0.714285
3435 -0.857143
3436 -0.8
3437 -0.657143
3438 -0.8
3439 -0.942857
3440 -0.7
3441 -0.567568
3442 -0.756757
3443 -0.945946
3444 -0.5
3445 -0.514286
3446 -0.657143
3447 -0.8
3448 -0.7
3449 -0.6
3450 -0.742856
3451 -0.885714
3452 -0.9
3453 -0.685714
3454 -0.828571
3455 -0.971429
3456 -0.5
3457 -0.5
3458 -0.714286
3459 -0.928571
3460 -0.371429
3461 -0.453488
3462 -0.604651
3463 -0.755812
3464 -0.628571
3465 -0.546512
3466 -0.697674
3467 -0.848837
3468 -0.885714
3469 -0.639535
3470 -0.790696
3471 -0.94186
3472 -0.2
3473 -0.445946
3474 -0.635135
3475 -0.824324
3476 -0.3
3477 -0.428571
3478 -0.571429
3479 -0.714285
3480 -0.5
3481 -0.514286
3482 -0.657143
3483 -0.8
3484 -0.7
3485 -0.6
3486 -0.742856
3487 -0.885714
3488 -0.5
3489 -0.5
3490 -0.689189
3491 -0.878378
3492 -0.4
3493 -0.457143
3494 -0.6
3495 -0.742856
3496 -0.6
3497 -0.542857
3498 -0.685714
3499 -0.828571
3500 -0.8
3501 -0.628571
3502 -0.771428
3503 -0.914286
3504 -0.8
3505 -0.554054
3506 -0.743243
3507 -0.932432
3508 -0.5
3509 -0.485714
3510 -0.628571
3511 -0.771428
3512 -0.7
3513 -0.571429
3514 -0.714282
3515 -0.857143
3516 -0.9
3517 -0.657143
3518 -0.799999
3519 -0.942857
3520 -1
3521 -0.5
3522 -0.714286
3523 -0.928571
3524 -0.4
3525 -0.430233
3526 -0.581395
3527 -0.732558
3528 -0.657143
3529 -0.523256
3530 -0.674419
3531 -0.82558
3532 -0.914286
3533 -0.616279
3534 -0.767442
3535 -0.918605
3536 -0.3
3537 -0.432432
3538 -0.621622
3539 -0.810811
3540 -0.3
3541 -0.4
3542 -0.542857
3543 -0.685714
3544 -0.5
3545 -0.485714
3546 -0.628571
3547 -0.771428
3548 -0.7
3549 -0.571429
3550 -0.714282
3551 -0.857143
3552 -0.6
3553 -0.486486
3554 -0.675676
3555 -0.864865
3556 -0.4
3557 -0.428571
3558 -0.571429
3559 -0.714282
3560 -0.6
3561 -0.514286
3562 -0.657143
3563 -0.799999
3564 -0.8
3565 -0.6
3566 -0.742854
3567 -0.885714
3568 -0.9
3569 -0.540541
3570 -0.72973
3571 -0.918919
3572 -0.5
3573 -0.457143
3574 -0.6
3575 -0.742854
3576 -0.7
3577 -0.542857
3578 -0.685714
3579 -0.828571
3580 -0.9
3581 -0.628571
3582 -0.771426
3583 -0.914286
3584 0
3585 -0.428571
3586 -0.642857
3587 -0.857143
3588 -0.269231
3589 -0.382349
3590 -0.529412
3591 -0.676471
3592 -0.538462
3593 -0.470588
3594 -0.617647
3595 -0.764706
3596 -0.807692
3597 -0.558824
3598 -0.705882
3599 -0.85294
3600 2.78185e-15
3601 -0.372881
3602 -0.559322
3603 -0.745763
3604 -0.2
3605 -0.360463
3606 -0.5
3607 -0.639535
3608 -0.4
3609 -0.44186
3610 -0.581395
3611 -0.72093
3612 -0.6
3613 -0.523256
3614 -0.662791
3615 -0.802325
3616 -0.357143
3617 -0.423729
3618 -0.610169
3619 -0.79661
3620 -0.3
3621 -0.383719
3622 -0.523256
3623 -0.662791
3624 -0.5
3625 -0.465116
3626 -0.604651
3627 -0.744186
3628 -0.7
3629 -0.546512
3630 -0.686046
3631 -0.825581
3632 -0.714286
3633 -0.474576
3634 -0.661017
3635 -0.847458
3636 -0.4
3637 -0.406975
3638 -0.546512
3639 -0.686046
3640 -0.6
3641 -0.488372
3642 -0.627907
3643 -0.767442
3644 -0.8
3645 -0.569767
3646 -0.709302
3647 -0.848837
3648 -9.14824e-14
3649 -0.428571
3650 -0.642857
3651 -0.857143
3652 -0.257143
3653 -0.395349
3654 -0.546512
3655 -0.697674
3656 -0.514286
3657 -0.488372
3658 -0.639535
3659 -0.790696
3660 -0.771429
3661 -0.581395
3662 -0.732558
3663 -0.883721
3664 -6.44623e-15
3665 -0.378378
3666 -0.567568
3667 -0.756757
3668 -0.2
3669 -0.371429
3670 -0.514286
3671 -0.657143
3672 -0.4
3673 -0.457143
3674 -0.6
3675 -0.742856
3676 -0.6
3677 -0.542857
3678 -0.685714
3679 -0.828571
3680 -0.3
3681 -0.432432
3682 -0.621622
3683 -0.810811
3684 -0.3
3685 -0.4
3686 -0.542857
3687 -0.685714
3688 -0.5
3689 -0.485714
3690 -0.628571
3691 -0.771428
3692 -0.7
3693 -0.571429
3694 -0.714282
3695 -0.857143
3696 -0.6
3697 -0.486486
3698 -0.675676
3699 -0.864865
3700 -0.4
3701 -0.428571
3702 -0.571429
3703 -0.714282
3704 -0.6
3705 -0.514286
3706 -0.657143
3707 -0.799999
3708 -0.8
3709 -0.6
3710 -0.742854
3711 -0.885714
3712 -0.5
3713 -0.428571
3714 -0.642857
3715 -0.857143
3716 -0.285714
3717 -0.372093
3718 -0.523256
3719 -0.674419
3720 -0.542857
3721 -0.465116
3722 -0.616279
3723 -0.767442
3724 -0.8
3725 -0.55814
3726 -0.709302
3727 -0.860464
3728 -0.1
3729 -0.364865
3730 -0.554054
3731 -0.743243
3732 -0.2
3733 -0.342857
3734 -0.485714
3735 -0.628571
3736 -0.4
3737 -0.428571
3738 -0.571429
3739 -0.714282
3740 -0.6
3741 -0.514286
3742 -0.657143
3743 -0.799999
3744 -0.4
3745 -0.418919
3746 -0.608108
3747 -0.797297
3748 -0.3
3749 -0.371429
3750 -0.514286
3751 -0.657143
3752 -0.5
3753 -0.457143
3754 -0.6
3755 -0.742854
3756 -0.7
3757 -0.542857
3758 -0.685714
3759 -0.828571
3760 -0.7
3761 -0.472973
3762 -0.662162
3763 -0.851351
3764 -0.4
3765 -0.4
3766 -0.542857
3767 -0.685714
3768 -0.6
3769 -0.485714
3770 -0.628571
3771 -0.771426
3772 -0.8
3773 -0.571429
3774 -0.714286
3775 -0.857142
3776 -1
3777 -0.428571
3778 -0.642857
3779 -0.857143
3780 -0.314286
3781 -0.348837
3782 -0.5
3783 -0.651163
3784 -0.571429
3785 -0.44186
3786 -0.593023
3787 -0.744186
3788 -0.828571
3789 -0.534884
3790 -0.686047
3791 -0.837209
3792 -0.2
3793 -0.351351
3794 -0.540541
3795 -0.72973
3796 -0.2
3797 -0.314286
3798 -0.457143
3799 -0.6
3800 -0.4
3801 -0.4
3802 -0.542857
3803 -0.685714
3804 -0.6
3805 -0.485714
3806 -0.628571
3807 -0.771426
3808 -0.5
3809 -0.405405
3810 -0.594595
3811 -0.783784
3812 -0.3
3813 -0.342857
3814 -0.485714
3815 -0.628571
3816 -0.5
3817 -0.428571
3818 -0.571429
3819 -0.714286
3820 -0.7
3821 -0.514286
3822 -0.657143
3823 -0.799997
3824 -0.8
3825 -0.459459
3826 -0.648649
3827 -0.837838
3828 -0.4
3829 -0.371429
3830 -0.514286
3831 -0.657143
3832 -0.6
3833 -0.457143
3834 -0.6
3835 -0.742857
3836 -0.8
3837 -0.542857
3838 -0.685714
3839 -0.828569
3840 0
3841 -0.357143
3842 -0.571429
3843 -0.785714
3844 -0.192308
3845 -0.294118
3846 -0.441174
3847 -0.588235
3848 -0.461538
3849 -0.382353
3850 -0.529411
3851 -0.676471
3852 -0.730769
3853 -0.470586
3854 -0.617647
3855 -0.764706
3856 0.0714286
3857 -0.288136
3858 -0.474576
3859 -0.661017
3860 -0.1
3861 -0.267442
3862 -0.406975
3863 -0.546512
3864 -0.3
3865 -0.348833
3866 -0.488372
3867 -0.627907
3868 -0.5
3869 -0.430231
3870 -0.569767
3871 -0.709302
3872 -0.285714
3873 -0.338983
3874 -0.525424
3875 -0.711864
3876 -0.2
3877 -0.290698
3878 -0.430231
3879 -0.569767
3880 -0.4
3881 -0.372089
3882 -0.511628
3883 -0.651163
3884 -0.6
3885 -0.453487
3886 -0.593023
3887 -0.732558
3888 -0.642857
3889 -0.38983
3890 -0.576271
3891 -0.762712
3892 -0.3
3893 -0.313953
3894 -0.453487
3895 -0.593023
3896 -0.5
3897 -0.395345
3898 -0.534884
3899 -0.674419
3900 -0.7
3901 -0.476743
3902 -0.616279
3903 -0.755814
3904 2.00506e-13
3905 -0.357143
3906 -0.571429
3907 -0.785714
3908 -0.171429
3909 -0.313953
3910 -0.465116
3911 -0.616279
3912 -0.428571
3913 -0.406977
3914 -0.55814
3915 -0.709302
3916 -0.685714
3917 -0.5
3918 -0.651163
3919 -0.802326
3920 0.1
3921 -0.297297
3922 -0.486486
3923 -0.675676
3924 -0.1
3925 -0.285714
3926 -0.428571
3927 -0.571429
3928 -0.3
3929 -0.371429
3930 -0.514286
3931 -0.657143
3932 -0.5
3933 -0.457143
3934 -0.6
3935 -0.742854
3936 -0.2
3937 -0.351351
3938 -0.540541
3939 -0.72973
3940 -0.2
3941 -0.314286
3942 -0.457143
3943 -0.6
3944 -0.4
3945 -0.4
3946 -0.542857
3947 -0.685714
3948 -0.6
3949 -0.485714
3950 -0.628571
3951 -0.771426
3952 -0.5
3953 -0.405405
3954 -0.594595
3955 -0.783784
3956 -0.3
3957 -0.342857
3958 -0.485714
3959 -0.628571
3960 -0.5
3961 -0.428571
3962 -0.571429
3963 -0.714286
3964 -0.7
3965 -0.514286
3966 -0.657143
3967 -0.799997
3968 -0.5
3969 -0.357143
3970 -0.571429
3971 -0.785714
3972 -0.2
3973 -0.290698
3974 -0.44186
3975 -0.593023
3976 -0.457143
3977 -0.383721
3978 -0.534884
3979 -0.686047
3980 -0.714286
3981 -0.476744
3982 -0.627907
3983 -0.77907
3984 6.10179e-13
3985 -0.283784
3986 -0.472973
3987 -0.662162
3988 -0.1
3989 -0.257143
3990 -0.4
3991 -0.542857
3992 -0.3
3993 -0.342857
3994 -0.485714
3995 -0.628571
3996 -0.5
3997 -0.428571
3998 -0.571429
3999 -0.714286
4000 -0.3
4001 -0.337838
4002 -0.527027
4003 -0.716216
4004 -0.2
4005 -0.285714
4006 -0.428571
4007 -0.571429
4008 -0.4
4009 -0.371429
4010 -0.514286
4011 -0.657143
4012 -0.6
4013 -0.457143
4014 -0.6
4015 -0.742857
4016 -0.6
4017 -0.391892
4018 -0.581081
4019 -0.77027
4020 -0.3
4021 -0.314286
4022 -0.457143
4023 -0.6
4024 -0.5
4025 -0.4
4026 -0.542857
4027 -0.685714
4028 -0.7
4029 -0.485714
4030 -0.628571
4031 -0.771429
4032 -1
4033 -0.357143
4034 -0.571429
4035 -0.785714
4036 -0.228571
4037 -0.267442
4038 -0.418605
4039 -0.569767
4040 -0.485714
4041 -0.360465
4042 -0.511628
4043 -0.662791
4044 -0.742857
4045 -0.453488
4046 -0.604651
4047 -0.755814
4048 -0.1
4049 -0.27027
4050 -0.459459
4051 -0.648649
4052 -0.1
4053 -0.228571
4054 -0.371429
4055 -0.514286
4056 -0.3
4057 -0.314286
4058 -0.457143
4059 -0.6
4060 -0.5
4061 -0.4
4062 -0.542857
4063 -0.685714
4064 -0.4
4065 -0.324324
4066 -0.513514
4067 -0.702703
4068 -0.2
4069 -0.257143
4070 -0.4
4071 -0.542857
4072 -0.4
4073 -0.342857
4074 -0.485714
4075 -0.628571
4076 -0.6
4077 -0.428571
4078 -0.571429
4079 -0.714286
4080 -0.7
4081 -0.378378
4082 -0.567568
4083 -0.756757
4084 -0.3
4085 -0.285714
4086 -0.428571
4087 -0.571429
4088 -0.5
4089 -0.371429
4090 -0.514286
4091 -0.657143
4092 -0.7
4093 -0.457143
4094 -0.6
4095 -0.742857
