#CSC Slope LUT
#Structure is comparator code (iCC) -> Stub slope
#iCC bits: 12
#<header> v1.0 12 32 </header>
0 0
1 0
2 0
3 0
4 0
5 0
6 0
7 0
8 0
9 0
10 0
11 0
12 0
13 0
14 0
15 0
16 0
17 0
18 0
19 0
20 0
21 -1.5
22 -2
23 -2.5
24 0
25 -1.5
26 -2
27 -2.5
28 0
29 -1.5
30 -2
31 -2.5
32 0
33 0
34 0
35 0
36 0
37 -1
38 -1.5
39 -2
40 0
41 -1
42 -1.5
43 -2
44 0
45 -1
46 -1.5
47 -2
48 0
49 0
50 0
51 0
52 0
53 -0.5
54 -1
55 -1.5
56 0
57 -0.5
58 -1
59 -1.5
60 0
61 -0.5
62 -1
63 -1.5
64 0
65 0
66 0
67 0
68 0
69 -1.71429
70 -2
71 -2.28571
72 0
73 -1.78571
74 -2.07143
75 -2.35714
76 0
77 -1.85714
78 -2.14286
79 -2.42857
80 0
81 -1.64286
82 -2
83 -2.35714
84 -2
85 -1.7
86 -2
87 -2.3
88 -2.5
89 -1.8
90 -2.1
91 -2.4
92 -3
93 -1.9
94 -2.2
95 -2.5
96 0
97 -1.57143
98 -1.92857
99 -2.28571
100 -2
101 -1.6
102 -1.9
103 -2.2
104 -2.5
105 -1.7
106 -2
107 -2.3
108 -3
109 -1.8
110 -2.1
111 -2.4
112 0
113 -1.5
114 -1.85714
115 -2.21429
116 -2
117 -1.5
118 -1.8
119 -2.1
120 -2.5
121 -1.6
122 -1.9
123 -2.2
124 -3
125 -1.7
126 -2
127 -2.3
128 0
129 0
130 0
131 0
132 0
133 -1.35714
134 -1.64286
135 -1.92857
136 0
137 -1.42857
138 -1.71429
139 -2
140 0
141 -1.5
142 -1.78571
143 -2.07143
144 0
145 -1.35714
146 -1.71429
147 -2.07143
148 -1.5
149 -1.4
150 -1.7
151 -2
152 -2
153 -1.5
154 -1.8
155 -2.1
156 -2.5
157 -1.6
158 -1.9
159 -2.2
160 0
161 -1.28571
162 -1.64286
163 -2
164 -1.5
165 -1.3
166 -1.6
167 -1.9
168 -2
169 -1.4
170 -1.7
171 -2
172 -2.5
173 -1.5
174 -1.8
175 -2.1
176 0
177 -1.21429
178 -1.57143
179 -1.92857
180 -1.5
181 -1.2
182 -1.5
183 -1.8
184 -2
185 -1.3
186 -1.6
187 -1.9
188 -2.5
189 -1.4
190 -1.7
191 -2
192 0
193 0
194 0
195 0
196 0
197 -1
198 -1.28571
199 -1.57143
200 0
201 -1.07143
202 -1.35714
203 -1.64286
204 0
205 -1.14286
206 -1.42857
207 -1.71429
208 0
209 -1.07143
210 -1.42857
211 -1.78571
212 -1
213 -1.1
214 -1.4
215 -1.7
216 -1.5
217 -1.2
218 -1.5
219 -1.8
220 -2
221 -1.3
222 -1.6
223 -1.9
224 0
225 -1
226 -1.35714
227 -1.71429
228 -1
229 -1
230 -1.3
231 -1.6
232 -1.5
233 -1.1
234 -1.4
235 -1.7
236 -2
237 -1.2
238 -1.5
239 -1.8
240 0
241 -0.928571
242 -1.28571
243 -1.64286
244 -1
245 -0.9
246 -1.2
247 -1.5
248 -1.5
249 -1
250 -1.3
251 -1.6
252 -2
253 -1.1
254 -1.4
255 -1.7
256 0
257 0
258 0
259 0
260 0
261 -1.80769
262 -2
263 -2.19231
264 0
265 -1.88462
266 -2.07692
267 -2.26923
268 0
269 -1.96154
270 -2.15385
271 -2.34615
272 0
273 -1.75
274 -2
275 -2.25
276 -2
277 -1.8
278 -2
279 -2.2
280 -2.28571
281 -1.88571
282 -2.08571
283 -2.28571
284 -2.57143
285 -1.97143
286 -2.17143
287 -2.37143
288 0
289 -1.75
290 -2
291 -2.25
292 -2.07143
293 -1.77143
294 -1.97143
295 -2.17143
296 -2.35714
297 -1.85714
298 -2.05714
299 -2.25714
300 -2.64286
301 -1.94286
302 -2.14286
303 -2.34286
304 0
305 -1.75
306 -2
307 -2.25
308 -2.14286
309 -1.74286
310 -1.94286
311 -2.14286
312 -2.42857
313 -1.82857
314 -2.02857
315 -2.22857
316 -2.71429
317 -1.91429
318 -2.11429
319 -2.31429
320 0
321 -1.73077
322 -2
323 -2.26923
324 -2
325 -1.8
326 -2
327 -2.2
328 -2.35714
329 -1.9
330 -2.1
331 -2.3
332 -2.71429
333 -2
334 -2.2
335 -2.4
336 -2
337 -1.74286
338 -2
339 -2.25714
340 -2
341 -1.8
342 -2
343 -2.2
344 -2.3
345 -1.9
346 -2.1
347 -2.3
348 -2.6
349 -2
350 -2.2
351 -2.4
352 -2.5
353 -1.77143
354 -2.02857
355 -2.28571
356 -2.1
357 -1.8
358 -2
359 -2.2
360 -2.4
361 -1.9
362 -2.1
363 -2.3
364 -2.7
365 -2
366 -2.2
367 -2.4
368 -3
369 -1.8
370 -2.05714
371 -2.31429
372 -2.2
373 -1.8
374 -2
375 -2.2
376 -2.5
377 -1.9
378 -2.1
379 -2.3
380 -2.8
381 -2
382 -2.2
383 -2.4
384 0
385 -1.65385
386 -1.92308
387 -2.19231
388 -1.92857
389 -1.7
390 -1.9
391 -2.1
392 -2.28571
393 -1.8
394 -2
395 -2.2
396 -2.64286
397 -1.9
398 -2.1
399 -2.3
400 -2
401 -1.65714
402 -1.91429
403 -2.17143
404 -1.9
405 -1.7
406 -1.9
407 -2.1
408 -2.2
409 -1.8
410 -2
411 -2.2
412 -2.5
413 -1.9
414 -2.1
415 -2.3
416 -2.5
417 -1.68571
418 -1.94286
419 -2.2
420 -2
421 -1.7
422 -1.9
423 -2.1
424 -2.3
425 -1.8
426 -2
427 -2.2
428 -2.6
429 -1.9
430 -2.1
431 -2.3
432 -3
433 -1.71429
434 -1.97143
435 -2.22857
436 -2.1
437 -1.7
438 -1.9
439 -2.1
440 -2.4
441 -1.8
442 -2
443 -2.2
444 -2.7
445 -1.9
446 -2.1
447 -2.3
448 0
449 -1.57692
450 -1.84615
451 -2.11538
452 -1.85714
453 -1.6
454 -1.8
455 -2
456 -2.21429
457 -1.7
458 -1.9
459 -2.1
460 -2.57143
461 -1.8
462 -2
463 -2.2
464 -2
465 -1.57143
466 -1.82857
467 -2.08571
468 -1.8
469 -1.6
470 -1.8
471 -2
472 -2.1
473 -1.7
474 -1.9
475 -2.1
476 -2.4
477 -1.8
478 -2
479 -2.2
480 -2.5
481 -1.6
482 -1.85714
483 -2.11429
484 -1.9
485 -1.6
486 -1.8
487 -2
488 -2.2
489 -1.7
490 -1.9
491 -2.1
492 -2.5
493 -1.8
494 -2
495 -2.2
496 -3
497 -1.62857
498 -1.88571
499 -2.14286
500 -2
501 -1.6
502 -1.8
503 -2
504 -2.3
505 -1.7
506 -1.9
507 -2.1
508 -2.6
509 -1.8
510 -2
511 -2.2
512 0
513 0
514 0
515 0
516 0
517 -1.53846
518 -1.73077
519 -1.92308
520 0
521 -1.61538
522 -1.80769
523 -2
524 0
525 -1.69231
526 -1.88462
527 -2.07692
528 0
529 -1.5
530 -1.75
531 -2
532 -1.64286
533 -1.54286
534 -1.74286
535 -1.94286
536 -1.92857
537 -1.62857
538 -1.82857
539 -2.02857
540 -2.21429
541 -1.71429
542 -1.91429
543 -2.11429
544 0
545 -1.5
546 -1.75
547 -2
548 -1.71429
549 -1.51429
550 -1.71429
551 -1.91429
552 -2
553 -1.6
554 -1.8
555 -2
556 -2.28571
557 -1.68571
558 -1.88571
559 -2.08571
560 0
561 -1.5
562 -1.75
563 -2
564 -1.78571
565 -1.48571
566 -1.68571
567 -1.88571
568 -2.07143
569 -1.57143
570 -1.77143
571 -1.97143
572 -2.35714
573 -1.65714
574 -1.85714
575 -2.05714
576 0
577 -1.53846
578 -1.80769
579 -2.07692
580 -1.71429
581 -1.6
582 -1.8
583 -2
584 -2.07143
585 -1.7
586 -1.9
587 -2.1
588 -2.42857
589 -1.8
590 -2
591 -2.2
592 -1.5
593 -1.54286
594 -1.8
595 -2.05714
596 -1.7
597 -1.6
598 -1.8
599 -2
600 -2
601 -1.7
602 -1.9
603 -2.1
604 -2.3
605 -1.8
606 -2
607 -2.2
608 -2
609 -1.57143
610 -1.82857
611 -2.08571
612 -1.8
613 -1.6
614 -1.8
615 -2
616 -2.1
617 -1.7
618 -1.9
619 -2.1
620 -2.4
621 -1.8
622 -2
623 -2.2
624 -2.5
625 -1.6
626 -1.85714
627 -2.11429
628 -1.9
629 -1.6
630 -1.8
631 -2
632 -2.2
633 -1.7
634 -1.9
635 -2.1
636 -2.5
637 -1.8
638 -2
639 -2.2
640 0
641 -1.46154
642 -1.73077
643 -2
644 -1.64286
645 -1.5
646 -1.7
647 -1.9
648 -2
649 -1.6
650 -1.8
651 -2
652 -2.35714
653 -1.7
654 -1.9
655 -2.1
656 -1.5
657 -1.45714
658 -1.71429
659 -1.97143
660 -1.6
661 -1.5
662 -1.7
663 -1.9
664 -1.9
665 -1.6
666 -1.8
667 -2
668 -2.2
669 -1.7
670 -1.9
671 -2.1
672 -2
673 -1.48571
674 -1.74286
675 -2
676 -1.7
677 -1.5
678 -1.7
679 -1.9
680 -2
681 -1.6
682 -1.8
683 -2
684 -2.3
685 -1.7
686 -1.9
687 -2.1
688 -2.5
689 -1.51429
690 -1.77143
691 -2.02857
692 -1.8
693 -1.5
694 -1.7
695 -1.9
696 -2.1
697 -1.6
698 -1.8
699 -2
700 -2.4
701 -1.7
702 -1.9
703 -2.1
704 0
705 -1.38462
706 -1.65385
707 -1.92308
708 -1.57143
709 -1.4
710 -1.6
711 -1.8
712 -1.92857
713 -1.5
714 -1.7
715 -1.9
716 -2.28571
717 -1.6
718 -1.8
719 -2
720 -1.5
721 -1.37143
722 -1.62857
723 -1.88571
724 -1.5
725 -1.4
726 -1.6
727 -1.8
728 -1.8
729 -1.5
730 -1.7
731 -1.9
732 -2.1
733 -1.6
734 -1.8
735 -2
736 -2
737 -1.4
738 -1.65714
739 -1.91429
740 -1.6
741 -1.4
742 -1.6
743 -1.8
744 -1.9
745 -1.5
746 -1.7
747 -1.9
748 -2.2
749 -1.6
750 -1.8
751 -2
752 -2.5
753 -1.42857
754 -1.68571
755 -1.94286
756 -1.7
757 -1.4
758 -1.6
759 -1.8
760 -2
761 -1.5
762 -1.7
763 -1.9
764 -2.3
765 -1.6
766 -1.8
767 -2
768 0
769 0
770 0
771 0
772 0
773 -1.26923
774 -1.46154
775 -1.65385
776 0
777 -1.34615
778 -1.53846
779 -1.73077
780 0
781 -1.42308
782 -1.61538
783 -1.80769
784 0
785 -1.25
786 -1.5
787 -1.75
788 -1.28571
789 -1.28571
790 -1.48571
791 -1.68571
792 -1.57143
793 -1.37143
794 -1.57143
795 -1.77143
796 -1.85714
797 -1.45714
798 -1.65714
799 -1.85714
800 0
801 -1.25
802 -1.5
803 -1.75
804 -1.35714
805 -1.25714
806 -1.45714
807 -1.65714
808 -1.64285
809 -1.34286
810 -1.54286
811 -1.74286
812 -1.92857
813 -1.42857
814 -1.62857
815 -1.82857
816 0
817 -1.25
818 -1.5
819 -1.75
820 -1.42857
821 -1.22857
822 -1.42857
823 -1.62857
824 -1.71428
825 -1.31429
826 -1.51429
827 -1.71429
828 -2
829 -1.4
830 -1.6
831 -1.8
832 0
833 -1.34615
834 -1.61538
835 -1.88462
836 -1.42857
837 -1.4
838 -1.6
839 -1.8
840 -1.78571
841 -1.5
842 -1.7
843 -1.9
844 -2.14286
845 -1.6
846 -1.8
847 -2
848 -1
849 -1.34286
850 -1.6
851 -1.85714
852 -1.4
853 -1.4
854 -1.6
855 -1.8
856 -1.7
857 -1.5
858 -1.7
859 -1.9
860 -2
861 -1.6
862 -1.8
863 -2
864 -1.5
865 -1.37143
866 -1.62857
867 -1.88571
868 -1.5
869 -1.4
870 -1.6
871 -1.8
872 -1.8
873 -1.5
874 -1.7
875 -1.9
876 -2.1
877 -1.6
878 -1.8
879 -2
880 -2
881 -1.4
882 -1.65714
883 -1.91429
884 -1.6
885 -1.4
886 -1.6
887 -1.8
888 -1.9
889 -1.5
890 -1.7
891 -1.9
892 -2.2
893 -1.6
894 -1.8
895 -2
896 0
897 -1.26923
898 -1.53846
899 -1.80769
900 -1.35714
901 -1.3
902 -1.5
903 -1.7
904 -1.71429
905 -1.4
906 -1.6
907 -1.8
908 -2.07143
909 -1.5
910 -1.7
911 -1.9
912 -1
913 -1.25714
914 -1.51429
915 -1.77143
916 -1.3
917 -1.3
918 -1.5
919 -1.7
920 -1.6
921 -1.4
922 -1.6
923 -1.8
924 -1.9
925 -1.5
926 -1.7
927 -1.9
928 -1.5
929 -1.28571
930 -1.54286
931 -1.8
932 -1.4
933 -1.3
934 -1.5
935 -1.7
936 -1.7
937 -1.4
938 -1.6
939 -1.8
940 -2
941 -1.5
942 -1.7
943 -1.9
944 -2
945 -1.31429
946 -1.57143
947 -1.82857
948 -1.5
949 -1.3
950 -1.5
951 -1.7
952 -1.8
953 -1.4
954 -1.6
955 -1.8
956 -2.1
957 -1.5
958 -1.7
959 -1.9
960 0
961 -1.19231
962 -1.46154
963 -1.73077
964 -1.28571
965 -1.2
966 -1.4
967 -1.6
968 -1.64286
969 -1.3
970 -1.5
971 -1.7
972 -2
973 -1.4
974 -1.6
975 -1.8
976 -1
977 -1.17143
978 -1.42857
979 -1.68571
980 -1.2
981 -1.2
982 -1.4
983 -1.6
984 -1.5
985 -1.3
986 -1.5
987 -1.7
988 -1.8
989 -1.4
990 -1.6
991 -1.8
992 -1.5
993 -1.2
994 -1.45714
995 -1.71429
996 -1.3
997 -1.2
998 -1.4
999 -1.6
1000 -1.6
1001 -1.3
1002 -1.5
1003 -1.7
1004 -1.9
1005 -1.4
1006 -1.6
1007 -1.8
1008 -2
1009 -1.22857
1010 -1.48571
1011 -1.74286
1012 -1.4
1013 -1.2
1014 -1.4
1015 -1.6
1016 -1.7
1017 -1.3
1018 -1.5
1019 -1.7
1020 -2
1021 -1.4
1022 -1.6
1023 -1.8
1024 0
1025 0
1026 0
1027 0
1028 0
1029 -1.64286
1030 -1.78571
1031 -1.92857
1032 0
1033 -1.71429
1034 -1.85714
1035 -2
1036 0
1037 -1.78571
1038 -1.92857
1039 -2.07143
1040 0
1041 -1.60526
1042 -1.78947
1043 -1.97368
1044 -1.73077
1045 -1.64286
1046 -1.78571
1047 -1.92857
1048 -1.92308
1049 -1.71429
1050 -1.85714
1051 -2
1052 -2.11538
1053 -1.78571
1054 -1.92857
1055 -2.07143
1056 0
1057 -1.63158
1058 -1.81579
1059 -2
1060 -1.80769
1061 -1.64286
1062 -1.78571
1063 -1.92857
1064 -2
1065 -1.71429
1066 -1.85714
1067 -2
1068 -2.19231
1069 -1.78571
1070 -1.92857
1071 -2.07143
1072 0
1073 -1.65789
1074 -1.84211
1075 -2.02632
1076 -1.88462
1077 -1.64286
1078 -1.78571
1079 -1.92857
1080 -2.07692
1081 -1.71429
1082 -1.85714
1083 -2
1084 -2.26923
1085 -1.78571
1086 -1.92857
1087 -2.07143
1088 0
1089 -1.60526
1090 -1.81579
1091 -2.02632
1092 -1.75
1093 -1.66102
1094 -1.81356
1095 -1.9661
1096 -2
1097 -1.74576
1098 -1.89831
1099 -2.05085
1100 -2.25
1101 -1.83051
1102 -1.98305
1103 -2.13559
1104 -1.64286
1105 -1.61538
1106 -1.80769
1107 -2
1108 -1.74286
1109 -1.66216
1110 -1.81081
1111 -1.95946
1112 -1.94286
1113 -1.74324
1114 -1.89189
1115 -2.04054
1116 -2.14286
1117 -1.82432
1118 -1.97297
1119 -2.12162
1120 -1.92857
1121 -1.65385
1122 -1.84615
1123 -2.03846
1124 -1.82857
1125 -1.67568
1126 -1.82432
1127 -1.97297
1128 -2.02857
1129 -1.75676
1130 -1.90541
1131 -2.05405
1132 -2.22857
1133 -1.83784
1134 -1.98649
1135 -2.13514
1136 -2.21429
1137 -1.69231
1138 -1.88462
1139 -2.07692
1140 -1.91429
1141 -1.68919
1142 -1.83784
1143 -1.98649
1144 -2.11429
1145 -1.77027
1146 -1.91892
1147 -2.06757
1148 -2.31429
1149 -1.85135
1150 -2
1151 -2.14865
1152 0
1153 -1.57895
1154 -1.78947
1155 -2
1156 -1.75
1157 -1.61017
1158 -1.76271
1159 -1.91525
1160 -2
1161 -1.69492
1162 -1.84746
1163 -2
1164 -2.25
1165 -1.77966
1166 -1.9322
1167 -2.08475
1168 -1.71429
1169 -1.57692
1170 -1.76923
1171 -1.96154
1172 -1.71429
1173 -1.60811
1174 -1.75676
1175 -1.90541
1176 -1.91429
1177 -1.68919
1178 -1.83784
1179 -1.98649
1180 -2.11429
1181 -1.77027
1182 -1.91892
1183 -2.06757
1184 -2
1185 -1.61538
1186 -1.80769
1187 -2
1188 -1.8
1189 -1.62162
1190 -1.77027
1191 -1.91892
1192 -2
1193 -1.7027
1194 -1.85135
1195 -2
1196 -2.2
1197 -1.78378
1198 -1.93243
1199 -2.08108
1200 -2.28571
1201 -1.65385
1202 -1.84615
1203 -2.03846
1204 -1.88571
1205 -1.63514
1206 -1.78378
1207 -1.93243
1208 -2.08571
1209 -1.71622
1210 -1.86486
1211 -2.01351
1212 -2.28571
1213 -1.7973
1214 -1.94595
1215 -2.09459
1216 0
1217 -1.55263
1218 -1.76316
1219 -1.97368
1220 -1.75
1221 -1.55932
1222 -1.71186
1223 -1.86441
1224 -2
1225 -1.64407
1226 -1.79661
1227 -1.94915
1228 -2.25
1229 -1.72881
1230 -1.88136
1231 -2.0339
1232 -1.78571
1233 -1.53846
1234 -1.73077
1235 -1.92308
1236 -1.68571
1237 -1.55405
1238 -1.7027
1239 -1.85135
1240 -1.88571
1241 -1.63514
1242 -1.78378
1243 -1.93243
1244 -2.08571
1245 -1.71622
1246 -1.86486
1247 -2.01351
1248 -2.07143
1249 -1.57692
1250 -1.76923
1251 -1.96154
1252 -1.77143
1253 -1.56757
1254 -1.71622
1255 -1.86486
1256 -1.97143
1257 -1.64865
1258 -1.7973
1259 -1.94595
1260 -2.17143
1261 -1.72973
1262 -1.87838
1263 -2.02703
1264 -2.35714
1265 -1.61538
1266 -1.80769
1267 -2
1268 -1.85714
1269 -1.58108
1270 -1.72973
1271 -1.87838
1272 -2.05714
1273 -1.66216
1274 -1.81081
1275 -1.95946
1276 -2.25714
1277 -1.74324
1278 -1.89189
1279 -2.04054
1280 0
1281 -1.64286
1282 -1.85714
1283 -2.07143
1284 -1.80769
1285 -1.70588
1286 -1.85294
1287 -2
1288 -2.07692
1289 -1.79412
1290 -1.94118
1291 -2.08824
1292 -2.34615
1293 -1.88235
1294 -2.02941
1295 -2.17647
1296 -1.71429
1297 -1.66102
1298 -1.84746
1299 -2.0339
1300 -1.8
1301 -1.7093
1302 -1.84884
1303 -1.98837
1304 -2
1305 -1.7907
1306 -1.93023
1307 -2.06977
1308 -2.2
1309 -1.87209
1310 -2.01163
1311 -2.15116
1312 -2.07143
1313 -1.71186
1314 -1.89831
1315 -2.08475
1316 -1.9
1317 -1.73256
1318 -1.87209
1319 -2.01163
1320 -2.1
1321 -1.81395
1322 -1.95349
1323 -2.09302
1324 -2.3
1325 -1.89535
1326 -2.03488
1327 -2.17442
1328 -2.42857
1329 -1.76271
1330 -1.94915
1331 -2.13559
1332 -2
1333 -1.75581
1334 -1.89535
1335 -2.03488
1336 -2.2
1337 -1.83721
1338 -1.97674
1339 -2.11628
1340 -2.4
1341 -1.9186
1342 -2.05814
1343 -2.19767
1344 -1.5
1345 -1.64286
1346 -1.85714
1347 -2.07143
1348 -1.8
1349 -1.7093
1350 -1.86047
1351 -2.01163
1352 -2.05714
1353 -1.80233
1354 -1.95349
1355 -2.10465
1356 -2.31429
1357 -1.89535
1358 -2.04651
1359 -2.19767
1360 -1.7
1361 -1.66216
1362 -1.85135
1363 -2.04054
1364 -1.8
1365 -1.71429
1366 -1.85714
1367 -2
1368 -2
1369 -1.8
1370 -1.94286
1371 -2.08571
1372 -2.2
1373 -1.88571
1374 -2.02857
1375 -2.17143
1376 -2
1377 -1.71622
1378 -1.90541
1379 -2.09459
1380 -1.9
1381 -1.74286
1382 -1.88571
1383 -2.02857
1384 -2.1
1385 -1.82857
1386 -1.97143
1387 -2.11429
1388 -2.3
1389 -1.91429
1390 -2.05714
1391 -2.2
1392 -2.3
1393 -1.77027
1394 -1.95946
1395 -2.14865
1396 -2
1397 -1.77143
1398 -1.91429
1399 -2.05714
1400 -2.2
1401 -1.85714
1402 -2
1403 -2.14286
1404 -2.4
1405 -1.94286
1406 -2.08571
1407 -2.22857
1408 -2
1409 -1.64286
1410 -1.85714
1411 -2.07143
1412 -1.82857
1413 -1.68605
1414 -1.83721
1415 -1.98837
1416 -2.08571
1417 -1.77907
1418 -1.93023
1419 -2.0814
1420 -2.34286
1421 -1.87209
1422 -2.02326
1423 -2.17442
1424 -1.8
1425 -1.64865
1426 -1.83784
1427 -2.02703
1428 -1.8
1429 -1.68571
1430 -1.82857
1431 -1.97143
1432 -2
1433 -1.77143
1434 -1.91429
1435 -2.05714
1436 -2.2
1437 -1.85714
1438 -2
1439 -2.14286
1440 -2.1
1441 -1.7027
1442 -1.89189
1443 -2.08108
1444 -1.9
1445 -1.71429
1446 -1.85714
1447 -2
1448 -2.1
1449 -1.8
1450 -1.94286
1451 -2.08571
1452 -2.3
1453 -1.88571
1454 -2.02857
1455 -2.17143
1456 -2.4
1457 -1.75676
1458 -1.94595
1459 -2.13514
1460 -2
1461 -1.74286
1462 -1.88571
1463 -2.02857
1464 -2.2
1465 -1.82857
1466 -1.97143
1467 -2.11429
1468 -2.4
1469 -1.91429
1470 -2.05714
1471 -2.2
1472 -2.5
1473 -1.64286
1474 -1.85714
1475 -2.07143
1476 -1.85714
1477 -1.66279
1478 -1.81395
1479 -1.96512
1480 -2.11429
1481 -1.75581
1482 -1.90698
1483 -2.05814
1484 -2.37143
1485 -1.84884
1486 -2
1487 -2.15116
1488 -1.9
1489 -1.63514
1490 -1.82432
1491 -2.01351
1492 -1.8
1493 -1.65714
1494 -1.8
1495 -1.94286
1496 -2
1497 -1.74286
1498 -1.88571
1499 -2.02857
1500 -2.2
1501 -1.82857
1502 -1.97143
1503 -2.11429
1504 -2.2
1505 -1.68919
1506 -1.87838
1507 -2.06757
1508 -1.9
1509 -1.68571
1510 -1.82857
1511 -1.97143
1512 -2.1
1513 -1.77143
1514 -1.91429
1515 -2.05714
1516 -2.3
1517 -1.85714
1518 -2
1519 -2.14286
1520 -2.5
1521 -1.74324
1522 -1.93243
1523 -2.12162
1524 -2
1525 -1.71429
1526 -1.85714
1527 -2
1528 -2.2
1529 -1.8
1530 -1.94286
1531 -2.08571
1532 -2.4
1533 -1.88571
1534 -2.02857
1535 -2.17143
1536 0
1537 -1.57143
1538 -1.78571
1539 -2
1540 -1.73077
1541 -1.61765
1542 -1.76471
1543 -1.91176
1544 -2
1545 -1.70588
1546 -1.85294
1547 -2
1548 -2.26923
1549 -1.79412
1550 -1.94118
1551 -2.08824
1552 -1.64286
1553 -1.57627
1554 -1.76271
1555 -1.94915
1556 -1.7
1557 -1.61628
1558 -1.75581
1559 -1.89535
1560 -1.9
1561 -1.69767
1562 -1.83721
1563 -1.97674
1564 -2.1
1565 -1.77907
1566 -1.9186
1567 -2.05814
1568 -2
1569 -1.62712
1570 -1.81356
1571 -2
1572 -1.8
1573 -1.63953
1574 -1.77907
1575 -1.9186
1576 -2
1577 -1.72093
1578 -1.86047
1579 -2
1580 -2.2
1581 -1.80233
1582 -1.94186
1583 -2.0814
1584 -2.35714
1585 -1.67797
1586 -1.86441
1587 -2.05085
1588 -1.9
1589 -1.66279
1590 -1.80233
1591 -1.94186
1592 -2.1
1593 -1.74419
1594 -1.88372
1595 -2.02326
1596 -2.3
1597 -1.82558
1598 -1.96512
1599 -2.10465
1600 -1.5
1601 -1.57143
1602 -1.78571
1603 -2
1604 -1.71429
1605 -1.62791
1606 -1.77907
1607 -1.93023
1608 -1.97143
1609 -1.72093
1610 -1.87209
1611 -2.02326
1612 -2.22857
1613 -1.81395
1614 -1.96512
1615 -2.11628
1616 -1.6
1617 -1.58108
1618 -1.77027
1619 -1.95946
1620 -1.7
1621 -1.62857
1622 -1.77143
1623 -1.91429
1624 -1.9
1625 -1.71429
1626 -1.85714
1627 -2
1628 -2.1
1629 -1.8
1630 -1.94286
1631 -2.08571
1632 -1.9
1633 -1.63514
1634 -1.82432
1635 -2.01351
1636 -1.8
1637 -1.65714
1638 -1.8
1639 -1.94286
1640 -2
1641 -1.74286
1642 -1.88571
1643 -2.02857
1644 -2.2
1645 -1.82857
1646 -1.97143
1647 -2.11429
1648 -2.2
1649 -1.68919
1650 -1.87838
1651 -2.06757
1652 -1.9
1653 -1.68571
1654 -1.82857
1655 -1.97143
1656 -2.1
1657 -1.77143
1658 -1.91429
1659 -2.05714
1660 -2.3
1661 -1.85714
1662 -2
1663 -2.14286
1664 -2
1665 -1.57143
1666 -1.78571
1667 -2
1668 -1.74286
1669 -1.60465
1670 -1.75581
1671 -1.90698
1672 -2
1673 -1.69767
1674 -1.84884
1675 -2
1676 -2.25714
1677 -1.7907
1678 -1.94186
1679 -2.09302
1680 -1.7
1681 -1.56757
1682 -1.75676
1683 -1.94595
1684 -1.7
1685 -1.6
1686 -1.74286
1687 -1.88571
1688 -1.9
1689 -1.68571
1690 -1.82857
1691 -1.97143
1692 -2.1
1693 -1.77143
1694 -1.91429
1695 -2.05714
1696 -2
1697 -1.62162
1698 -1.81081
1699 -2
1700 -1.8
1701 -1.62857
1702 -1.77143
1703 -1.91429
1704 -2
1705 -1.71429
1706 -1.85714
1707 -2
1708 -2.2
1709 -1.8
1710 -1.94286
1711 -2.08571
1712 -2.3
1713 -1.67568
1714 -1.86486
1715 -2.05405
1716 -1.9
1717 -1.65714
1718 -1.8
1719 -1.94286
1720 -2.1
1721 -1.74286
1722 -1.88571
1723 -2.02857
1724 -2.3
1725 -1.82857
1726 -1.97143
1727 -2.11429
1728 -2.5
1729 -1.57143
1730 -1.78571
1731 -2
1732 -1.77143
1733 -1.5814
1734 -1.73256
1735 -1.88372
1736 -2.02857
1737 -1.67442
1738 -1.82558
1739 -1.97674
1740 -2.28571
1741 -1.76744
1742 -1.9186
1743 -2.06977
1744 -1.8
1745 -1.55405
1746 -1.74324
1747 -1.93243
1748 -1.7
1749 -1.57143
1750 -1.71429
1751 -1.85714
1752 -1.9
1753 -1.65714
1754 -1.8
1755 -1.94286
1756 -2.1
1757 -1.74286
1758 -1.88571
1759 -2.02857
1760 -2.1
1761 -1.60811
1762 -1.7973
1763 -1.98649
1764 -1.8
1765 -1.6
1766 -1.74286
1767 -1.88571
1768 -2
1769 -1.68571
1770 -1.82857
1771 -1.97143
1772 -2.2
1773 -1.77143
1774 -1.91429
1775 -2.05714
1776 -2.4
1777 -1.66216
1778 -1.85135
1779 -2.04054
1780 -1.9
1781 -1.62857
1782 -1.77143
1783 -1.91429
1784 -2.1
1785 -1.71429
1786 -1.85714
1787 -2
1788 -2.3
1789 -1.8
1790 -1.94286
1791 -2.08571
1792 0
1793 -1.5
1794 -1.71429
1795 -1.92857
1796 -1.65385
1797 -1.52941
1798 -1.67647
1799 -1.82353
1800 -1.92308
1801 -1.61765
1802 -1.76471
1803 -1.91176
1804 -2.19231
1805 -1.70588
1806 -1.85294
1807 -2
1808 -1.57143
1809 -1.49153
1810 -1.67797
1811 -1.86441
1812 -1.6
1813 -1.52326
1814 -1.66279
1815 -1.80233
1816 -1.8
1817 -1.60465
1818 -1.74419
1819 -1.88372
1820 -2
1821 -1.68605
1822 -1.82558
1823 -1.96512
1824 -1.92857
1825 -1.54237
1826 -1.72881
1827 -1.91525
1828 -1.7
1829 -1.54651
1830 -1.68605
1831 -1.82558
1832 -1.9
1833 -1.62791
1834 -1.76744
1835 -1.90698
1836 -2.1
1837 -1.7093
1838 -1.84884
1839 -1.98837
1840 -2.28571
1841 -1.59322
1842 -1.77966
1843 -1.9661
1844 -1.8
1845 -1.56977
1846 -1.7093
1847 -1.84884
1848 -2
1849 -1.65116
1850 -1.7907
1851 -1.93023
1852 -2.2
1853 -1.73256
1854 -1.87209
1855 -2.01163
1856 -1.5
1857 -1.5
1858 -1.71429
1859 -1.92857
1860 -1.62857
1861 -1.54651
1862 -1.69767
1863 -1.84884
1864 -1.88571
1865 -1.63953
1866 -1.7907
1867 -1.94186
1868 -2.14286
1869 -1.73256
1870 -1.88372
1871 -2.03488
1872 -1.5
1873 -1.5
1874 -1.68919
1875 -1.87838
1876 -1.6
1877 -1.54286
1878 -1.68571
1879 -1.82857
1880 -1.8
1881 -1.62857
1882 -1.77143
1883 -1.91429
1884 -2
1885 -1.71429
1886 -1.85714
1887 -2
1888 -1.8
1889 -1.55405
1890 -1.74324
1891 -1.93243
1892 -1.7
1893 -1.57143
1894 -1.71429
1895 -1.85714
1896 -1.9
1897 -1.65714
1898 -1.8
1899 -1.94286
1900 -2.1
1901 -1.74286
1902 -1.88571
1903 -2.02857
1904 -2.1
1905 -1.60811
1906 -1.7973
1907 -1.98649
1908 -1.8
1909 -1.6
1910 -1.74286
1911 -1.88571
1912 -2
1913 -1.68571
1914 -1.82857
1915 -1.97143
1916 -2.2
1917 -1.77143
1918 -1.91429
1919 -2.05714
1920 -2
1921 -1.5
1922 -1.71429
1923 -1.92857
1924 -1.65714
1925 -1.52326
1926 -1.67442
1927 -1.82558
1928 -1.91429
1929 -1.61628
1930 -1.76744
1931 -1.9186
1932 -2.17143
1933 -1.7093
1934 -1.86047
1935 -2.01163
1936 -1.6
1937 -1.48649
1938 -1.67568
1939 -1.86486
1940 -1.6
1941 -1.51429
1942 -1.65714
1943 -1.8
1944 -1.8
1945 -1.6
1946 -1.74286
1947 -1.88571
1948 -2
1949 -1.68571
1950 -1.82857
1951 -1.97143
1952 -1.9
1953 -1.54054
1954 -1.72973
1955 -1.91892
1956 -1.7
1957 -1.54286
1958 -1.68571
1959 -1.82857
1960 -1.9
1961 -1.62857
1962 -1.77143
1963 -1.91429
1964 -2.1
1965 -1.71429
1966 -1.85714
1967 -2
1968 -2.2
1969 -1.59459
1970 -1.78378
1971 -1.97297
1972 -1.8
1973 -1.57143
1974 -1.71429
1975 -1.85714
1976 -2
1977 -1.65714
1978 -1.8
1979 -1.94286
1980 -2.2
1981 -1.74286
1982 -1.88571
1983 -2.02857
1984 -2.5
1985 -1.5
1986 -1.71429
1987 -1.92857
1988 -1.68571
1989 -1.5
1990 -1.65116
1991 -1.80233
1992 -1.94286
1993 -1.59302
1994 -1.74419
1995 -1.89535
1996 -2.2
1997 -1.68605
1998 -1.83721
1999 -1.98837
2000 -1.7
2001 -1.47297
2002 -1.66216
2003 -1.85135
2004 -1.6
2005 -1.48571
2006 -1.62857
2007 -1.77143
2008 -1.8
2009 -1.57143
2010 -1.71429
2011 -1.85714
2012 -2
2013 -1.65714
2014 -1.8
2015 -1.94286
2016 -2
2017 -1.52703
2018 -1.71622
2019 -1.90541
2020 -1.7
2021 -1.51429
2022 -1.65714
2023 -1.8
2024 -1.9
2025 -1.6
2026 -1.74286
2027 -1.88571
2028 -2.1
2029 -1.68571
2030 -1.82857
2031 -1.97143
2032 -2.3
2033 -1.58108
2034 -1.77027
2035 -1.95946
2036 -1.8
2037 -1.54286
2038 -1.68571
2039 -1.82857
2040 -2
2041 -1.62857
2042 -1.77143
2043 -1.91429
2044 -2.2
2045 -1.71429
2046 -1.85714
2047 -2
2048 0
2049 0
2050 0
2051 0
2052 0
2053 -1.42857
2054 -1.57143
2055 -1.71429
2056 0
2057 -1.5
2058 -1.64286
2059 -1.78571
2060 0
2061 -1.57143
2062 -1.71429
2063 -1.85714
2064 0
2065 -1.39474
2066 -1.57895
2067 -1.76316
2068 -1.46154
2069 -1.42857
2070 -1.57143
2071 -1.71429
2072 -1.65385
2073 -1.5
2074 -1.64286
2075 -1.78571
2076 -1.84615
2077 -1.57143
2078 -1.71429
2079 -1.85714
2080 0
2081 -1.42105
2082 -1.60526
2083 -1.78947
2084 -1.53846
2085 -1.42857
2086 -1.57143
2087 -1.71429
2088 -1.73077
2089 -1.5
2090 -1.64286
2091 -1.78571
2092 -1.92308
2093 -1.57143
2094 -1.71429
2095 -1.85714
2096 0
2097 -1.44737
2098 -1.63158
2099 -1.81579
2100 -1.61538
2101 -1.42857
2102 -1.57143
2103 -1.71429
2104 -1.80769
2105 -1.5
2106 -1.64286
2107 -1.78571
2108 -2
2109 -1.57143
2110 -1.71429
2111 -1.85714
2112 0
2113 -1.42105
2114 -1.63158
2115 -1.84211
2116 -1.5
2117 -1.47458
2118 -1.62712
2119 -1.77966
2120 -1.75
2121 -1.55932
2122 -1.71186
2123 -1.86441
2124 -2
2125 -1.64407
2126 -1.79661
2127 -1.94915
2128 -1.28571
2129 -1.42308
2130 -1.61538
2131 -1.80769
2132 -1.48571
2133 -1.47297
2134 -1.62162
2135 -1.77027
2136 -1.68571
2137 -1.55405
2138 -1.7027
2139 -1.85135
2140 -1.88571
2141 -1.63514
2142 -1.78378
2143 -1.93243
2144 -1.57143
2145 -1.46154
2146 -1.65385
2147 -1.84615
2148 -1.57143
2149 -1.48649
2150 -1.63514
2151 -1.78378
2152 -1.77143
2153 -1.56757
2154 -1.71622
2155 -1.86486
2156 -1.97143
2157 -1.64865
2158 -1.7973
2159 -1.94595
2160 -1.85714
2161 -1.5
2162 -1.69231
2163 -1.88462
2164 -1.65714
2165 -1.5
2166 -1.64865
2167 -1.7973
2168 -1.85714
2169 -1.58108
2170 -1.72973
2171 -1.87838
2172 -2.05714
2173 -1.66216
2174 -1.81081
2175 -1.95946
2176 0
2177 -1.39474
2178 -1.60526
2179 -1.81579
2180 -1.5
2181 -1.42373
2182 -1.57627
2183 -1.72881
2184 -1.75
2185 -1.50847
2186 -1.66102
2187 -1.81356
2188 -2
2189 -1.59322
2190 -1.74576
2191 -1.89831
2192 -1.35714
2193 -1.38462
2194 -1.57692
2195 -1.76923
2196 -1.45714
2197 -1.41892
2198 -1.56757
2199 -1.71622
2200 -1.65714
2201 -1.5
2202 -1.64865
2203 -1.7973
2204 -1.85714
2205 -1.58108
2206 -1.72973
2207 -1.87838
2208 -1.64286
2209 -1.42308
2210 -1.61538
2211 -1.80769
2212 -1.54286
2213 -1.43243
2214 -1.58108
2215 -1.72973
2216 -1.74286
2217 -1.51351
2218 -1.66216
2219 -1.81081
2220 -1.94286
2221 -1.59459
2222 -1.74324
2223 -1.89189
2224 -1.92857
2225 -1.46154
2226 -1.65385
2227 -1.84615
2228 -1.62857
2229 -1.44595
2230 -1.59459
2231 -1.74324
2232 -1.82857
2233 -1.52703
2234 -1.67568
2235 -1.82432
2236 -2.02857
2237 -1.60811
2238 -1.75676
2239 -1.90541
2240 0
2241 -1.36842
2242 -1.57895
2243 -1.78947
2244 -1.5
2245 -1.37288
2246 -1.52542
2247 -1.67797
2248 -1.75
2249 -1.45763
2250 -1.61017
2251 -1.76271
2252 -2
2253 -1.54237
2254 -1.69492
2255 -1.84746
2256 -1.42857
2257 -1.34615
2258 -1.53846
2259 -1.73077
2260 -1.42857
2261 -1.36486
2262 -1.51351
2263 -1.66216
2264 -1.62857
2265 -1.44595
2266 -1.59459
2267 -1.74324
2268 -1.82857
2269 -1.52703
2270 -1.67568
2271 -1.82432
2272 -1.71429
2273 -1.38462
2274 -1.57692
2275 -1.76923
2276 -1.51429
2277 -1.37838
2278 -1.52703
2279 -1.67568
2280 -1.71429
2281 -1.45946
2282 -1.60811
2283 -1.75676
2284 -1.91429
2285 -1.54054
2286 -1.68919
2287 -1.83784
2288 -2
2289 -1.42308
2290 -1.61538
2291 -1.80769
2292 -1.6
2293 -1.39189
2294 -1.54054
2295 -1.68919
2296 -1.8
2297 -1.47297
2298 -1.62162
2299 -1.77027
2300 -2
2301 -1.55405
2302 -1.7027
2303 -1.85135
2304 0
2305 -1.5
2306 -1.71429
2307 -1.92857
2308 -1.61538
2309 -1.55882
2310 -1.70588
2311 -1.85294
2312 -1.88462
2313 -1.64706
2314 -1.79412
2315 -1.94118
2316 -2.15385
2317 -1.73529
2318 -1.88235
2319 -2.02941
2320 -1.42857
2321 -1.50847
2322 -1.69492
2323 -1.88136
2324 -1.6
2325 -1.55814
2326 -1.69767
2327 -1.83721
2328 -1.8
2329 -1.63953
2330 -1.77907
2331 -1.9186
2332 -2
2333 -1.72093
2334 -1.86047
2335 -2
2336 -1.78571
2337 -1.55932
2338 -1.74576
2339 -1.9322
2340 -1.7
2341 -1.5814
2342 -1.72093
2343 -1.86047
2344 -1.9
2345 -1.66279
2346 -1.80233
2347 -1.94186
2348 -2.1
2349 -1.74419
2350 -1.88372
2351 -2.02326
2352 -2.14286
2353 -1.61017
2354 -1.79661
2355 -1.98305
2356 -1.8
2357 -1.60465
2358 -1.74419
2359 -1.88372
2360 -2
2361 -1.68605
2362 -1.82558
2363 -1.96512
2364 -2.2
2365 -1.76744
2366 -1.90698
2367 -2.04651
2368 -1
2369 -1.5
2370 -1.71429
2371 -1.92857
2372 -1.6
2373 -1.56977
2374 -1.72093
2375 -1.87209
2376 -1.85714
2377 -1.66279
2378 -1.81395
2379 -1.96512
2380 -2.11429
2381 -1.75581
2382 -1.90698
2383 -2.05814
2384 -1.4
2385 -1.51351
2386 -1.7027
2387 -1.89189
2388 -1.6
2389 -1.57143
2390 -1.71429
2391 -1.85714
2392 -1.8
2393 -1.65714
2394 -1.8
2395 -1.94286
2396 -2
2397 -1.74286
2398 -1.88571
2399 -2.02857
2400 -1.7
2401 -1.56757
2402 -1.75676
2403 -1.94595
2404 -1.7
2405 -1.6
2406 -1.74286
2407 -1.88571
2408 -1.9
2409 -1.68571
2410 -1.82857
2411 -1.97143
2412 -2.1
2413 -1.77143
2414 -1.91429
2415 -2.05714
2416 -2
2417 -1.62162
2418 -1.81081
2419 -2
2420 -1.8
2421 -1.62857
2422 -1.77143
2423 -1.91429
2424 -2
2425 -1.71429
2426 -1.85714
2427 -2
2428 -2.2
2429 -1.8
2430 -1.94286
2431 -2.08571
2432 -1.5
2433 -1.5
2434 -1.71429
2435 -1.92857
2436 -1.62857
2437 -1.54651
2438 -1.69767
2439 -1.84884
2440 -1.88571
2441 -1.63953
2442 -1.7907
2443 -1.94186
2444 -2.14286
2445 -1.73256
2446 -1.88372
2447 -2.03488
2448 -1.5
2449 -1.5
2450 -1.68919
2451 -1.87838
2452 -1.6
2453 -1.54286
2454 -1.68571
2455 -1.82857
2456 -1.8
2457 -1.62857
2458 -1.77143
2459 -1.91429
2460 -2
2461 -1.71429
2462 -1.85714
2463 -2
2464 -1.8
2465 -1.55405
2466 -1.74324
2467 -1.93243
2468 -1.7
2469 -1.57143
2470 -1.71429
2471 -1.85714
2472 -1.9
2473 -1.65714
2474 -1.8
2475 -1.94286
2476 -2.1
2477 -1.74286
2478 -1.88571
2479 -2.02857
2480 -2.1
2481 -1.60811
2482 -1.7973
2483 -1.98649
2484 -1.8
2485 -1.6
2486 -1.74286
2487 -1.88571
2488 -2
2489 -1.68571
2490 -1.82857
2491 -1.97143
2492 -2.2
2493 -1.77143
2494 -1.91429
2495 -2.05714
2496 -2
2497 -1.5
2498 -1.71429
2499 -1.92857
2500 -1.65714
2501 -1.52326
2502 -1.67442
2503 -1.82558
2504 -1.91429
2505 -1.61628
2506 -1.76744
2507 -1.9186
2508 -2.17143
2509 -1.7093
2510 -1.86047
2511 -2.01163
2512 -1.6
2513 -1.48649
2514 -1.67568
2515 -1.86486
2516 -1.6
2517 -1.51429
2518 -1.65714
2519 -1.8
2520 -1.8
2521 -1.6
2522 -1.74286
2523 -1.88571
2524 -2
2525 -1.68571
2526 -1.82857
2527 -1.97143
2528 -1.9
2529 -1.54054
2530 -1.72973
2531 -1.91892
2532 -1.7
2533 -1.54286
2534 -1.68571
2535 -1.82857
2536 -1.9
2537 -1.62857
2538 -1.77143
2539 -1.91429
2540 -2.1
2541 -1.71429
2542 -1.85714
2543 -2
2544 -2.2
2545 -1.59459
2546 -1.78378
2547 -1.97297
2548 -1.8
2549 -1.57143
2550 -1.71429
2551 -1.85714
2552 -2
2553 -1.65714
2554 -1.8
2555 -1.94286
2556 -2.2
2557 -1.74286
2558 -1.88571
2559 -2.02857
2560 0
2561 -1.42857
2562 -1.64286
2563 -1.85714
2564 -1.53846
2565 -1.47059
2566 -1.61765
2567 -1.76471
2568 -1.80769
2569 -1.55882
2570 -1.70588
2571 -1.85294
2572 -2.07692
2573 -1.64706
2574 -1.79412
2575 -1.94118
2576 -1.35714
2577 -1.42373
2578 -1.61017
2579 -1.79661
2580 -1.5
2581 -1.46512
2582 -1.60465
2583 -1.74419
2584 -1.7
2585 -1.54651
2586 -1.68605
2587 -1.82558
2588 -1.9
2589 -1.62791
2590 -1.76744
2591 -1.90698
2592 -1.71429
2593 -1.47458
2594 -1.66102
2595 -1.84746
2596 -1.6
2597 -1.48837
2598 -1.62791
2599 -1.76744
2600 -1.8
2601 -1.56977
2602 -1.7093
2603 -1.84884
2604 -2
2605 -1.65116
2606 -1.7907
2607 -1.93023
2608 -2.07143
2609 -1.52542
2610 -1.71186
2611 -1.89831
2612 -1.7
2613 -1.51163
2614 -1.65116
2615 -1.7907
2616 -1.9
2617 -1.59302
2618 -1.73256
2619 -1.87209
2620 -2.1
2621 -1.67442
2622 -1.81395
2623 -1.95349
2624 -1
2625 -1.42857
2626 -1.64286
2627 -1.85714
2628 -1.51429
2629 -1.48837
2630 -1.63953
2631 -1.7907
2632 -1.77143
2633 -1.5814
2634 -1.73256
2635 -1.88372
2636 -2.02857
2637 -1.67442
2638 -1.82558
2639 -1.97674
2640 -1.3
2641 -1.43243
2642 -1.62162
2643 -1.81081
2644 -1.5
2645 -1.48571
2646 -1.62857
2647 -1.77143
2648 -1.7
2649 -1.57143
2650 -1.71429
2651 -1.85714
2652 -1.9
2653 -1.65714
2654 -1.8
2655 -1.94286
2656 -1.6
2657 -1.48649
2658 -1.67568
2659 -1.86486
2660 -1.6
2661 -1.51429
2662 -1.65714
2663 -1.8
2664 -1.8
2665 -1.6
2666 -1.74286
2667 -1.88571
2668 -2
2669 -1.68571
2670 -1.82857
2671 -1.97143
2672 -1.9
2673 -1.54054
2674 -1.72973
2675 -1.91892
2676 -1.7
2677 -1.54286
2678 -1.68571
2679 -1.82857
2680 -1.9
2681 -1.62857
2682 -1.77143
2683 -1.91429
2684 -2.1
2685 -1.71429
2686 -1.85714
2687 -2
2688 -1.5
2689 -1.42857
2690 -1.64286
2691 -1.85714
2692 -1.54286
2693 -1.46512
2694 -1.61628
2695 -1.76744
2696 -1.8
2697 -1.55814
2698 -1.7093
2699 -1.86047
2700 -2.05714
2701 -1.65116
2702 -1.80233
2703 -1.95349
2704 -1.4
2705 -1.41892
2706 -1.60811
2707 -1.7973
2708 -1.5
2709 -1.45714
2710 -1.6
2711 -1.74286
2712 -1.7
2713 -1.54286
2714 -1.68571
2715 -1.82857
2716 -1.9
2717 -1.62857
2718 -1.77143
2719 -1.91429
2720 -1.7
2721 -1.47297
2722 -1.66216
2723 -1.85135
2724 -1.6
2725 -1.48571
2726 -1.62857
2727 -1.77143
2728 -1.8
2729 -1.57143
2730 -1.71429
2731 -1.85714
2732 -2
2733 -1.65714
2734 -1.8
2735 -1.94286
2736 -2
2737 -1.52703
2738 -1.71622
2739 -1.90541
2740 -1.7
2741 -1.51429
2742 -1.65714
2743 -1.8
2744 -1.9
2745 -1.6
2746 -1.74286
2747 -1.88571
2748 -2.1
2749 -1.68571
2750 -1.82857
2751 -1.97143
2752 -2
2753 -1.42857
2754 -1.64286
2755 -1.85714
2756 -1.57143
2757 -1.44186
2758 -1.59302
2759 -1.74419
2760 -1.82857
2761 -1.53488
2762 -1.68605
2763 -1.83721
2764 -2.08571
2765 -1.62791
2766 -1.77907
2767 -1.93023
2768 -1.5
2769 -1.40541
2770 -1.59459
2771 -1.78378
2772 -1.5
2773 -1.42857
2774 -1.57143
2775 -1.71429
2776 -1.7
2777 -1.51429
2778 -1.65714
2779 -1.8
2780 -1.9
2781 -1.6
2782 -1.74286
2783 -1.88571
2784 -1.8
2785 -1.45946
2786 -1.64865
2787 -1.83784
2788 -1.6
2789 -1.45714
2790 -1.6
2791 -1.74286
2792 -1.8
2793 -1.54286
2794 -1.68571
2795 -1.82857
2796 -2
2797 -1.62857
2798 -1.77143
2799 -1.91429
2800 -2.1
2801 -1.51351
2802 -1.7027
2803 -1.89189
2804 -1.7
2805 -1.48571
2806 -1.62857
2807 -1.77143
2808 -1.9
2809 -1.57143
2810 -1.71429
2811 -1.85714
2812 -2.1
2813 -1.65714
2814 -1.8
2815 -1.94286
2816 0
2817 -1.35714
2818 -1.57143
2819 -1.78571
2820 -1.46154
2821 -1.38235
2822 -1.52941
2823 -1.67647
2824 -1.73077
2825 -1.47059
2826 -1.61765
2827 -1.76471
2828 -2
2829 -1.55882
2830 -1.70588
2831 -1.85294
2832 -1.28571
2833 -1.33898
2834 -1.52542
2835 -1.71186
2836 -1.4
2837 -1.37209
2838 -1.51163
2839 -1.65116
2840 -1.6
2841 -1.45349
2842 -1.59302
2843 -1.73256
2844 -1.8
2845 -1.53488
2846 -1.67442
2847 -1.81395
2848 -1.64286
2849 -1.38983
2850 -1.57627
2851 -1.76271
2852 -1.5
2853 -1.39535
2854 -1.53488
2855 -1.67442
2856 -1.7
2857 -1.47674
2858 -1.61628
2859 -1.75581
2860 -1.9
2861 -1.55814
2862 -1.69767
2863 -1.83721
2864 -2
2865 -1.44068
2866 -1.62712
2867 -1.81356
2868 -1.6
2869 -1.4186
2870 -1.55814
2871 -1.69767
2872 -1.8
2873 -1.5
2874 -1.63953
2875 -1.77907
2876 -2
2877 -1.5814
2878 -1.72093
2879 -1.86047
2880 -1
2881 -1.35714
2882 -1.57143
2883 -1.78571
2884 -1.42857
2885 -1.40698
2886 -1.55814
2887 -1.7093
2888 -1.68571
2889 -1.5
2890 -1.65116
2891 -1.80233
2892 -1.94286
2893 -1.59302
2894 -1.74419
2895 -1.89535
2896 -1.2
2897 -1.35135
2898 -1.54054
2899 -1.72973
2900 -1.4
2901 -1.4
2902 -1.54286
2903 -1.68571
2904 -1.6
2905 -1.48571
2906 -1.62857
2907 -1.77143
2908 -1.8
2909 -1.57143
2910 -1.71429
2911 -1.85714
2912 -1.5
2913 -1.40541
2914 -1.59459
2915 -1.78378
2916 -1.5
2917 -1.42857
2918 -1.57143
2919 -1.71429
2920 -1.7
2921 -1.51429
2922 -1.65714
2923 -1.8
2924 -1.9
2925 -1.6
2926 -1.74286
2927 -1.88571
2928 -1.8
2929 -1.45946
2930 -1.64865
2931 -1.83784
2932 -1.6
2933 -1.45714
2934 -1.6
2935 -1.74286
2936 -1.8
2937 -1.54286
2938 -1.68571
2939 -1.82857
2940 -2
2941 -1.62857
2942 -1.77143
2943 -1.91429
2944 -1.5
2945 -1.35714
2946 -1.57143
2947 -1.78571
2948 -1.45714
2949 -1.38372
2950 -1.53488
2951 -1.68605
2952 -1.71429
2953 -1.47674
2954 -1.62791
2955 -1.77907
2956 -1.97143
2957 -1.56977
2958 -1.72093
2959 -1.87209
2960 -1.3
2961 -1.33784
2962 -1.52703
2963 -1.71622
2964 -1.4
2965 -1.37143
2966 -1.51429
2967 -1.65714
2968 -1.6
2969 -1.45714
2970 -1.6
2971 -1.74286
2972 -1.8
2973 -1.54286
2974 -1.68571
2975 -1.82857
2976 -1.6
2977 -1.39189
2978 -1.58108
2979 -1.77027
2980 -1.5
2981 -1.4
2982 -1.54286
2983 -1.68571
2984 -1.7
2985 -1.48571
2986 -1.62857
2987 -1.77143
2988 -1.9
2989 -1.57143
2990 -1.71429
2991 -1.85714
2992 -1.9
2993 -1.44595
2994 -1.63514
2995 -1.82432
2996 -1.6
2997 -1.42857
2998 -1.57143
2999 -1.71429
3000 -1.8
3001 -1.51429
3002 -1.65714
3003 -1.8
3004 -2
3005 -1.6
3006 -1.74286
3007 -1.88571
3008 -2
3009 -1.35714
3010 -1.57143
3011 -1.78571
3012 -1.48571
3013 -1.36047
3014 -1.51163
3015 -1.66279
3016 -1.74286
3017 -1.45349
3018 -1.60465
3019 -1.75581
3020 -2
3021 -1.54651
3022 -1.69767
3023 -1.84884
3024 -1.4
3025 -1.32432
3026 -1.51351
3027 -1.7027
3028 -1.4
3029 -1.34286
3030 -1.48571
3031 -1.62857
3032 -1.6
3033 -1.42857
3034 -1.57143
3035 -1.71429
3036 -1.8
3037 -1.51429
3038 -1.65714
3039 -1.8
3040 -1.7
3041 -1.37838
3042 -1.56757
3043 -1.75676
3044 -1.5
3045 -1.37143
3046 -1.51429
3047 -1.65714
3048 -1.7
3049 -1.45714
3050 -1.6
3051 -1.74286
3052 -1.9
3053 -1.54286
3054 -1.68571
3055 -1.82857
3056 -2
3057 -1.43243
3058 -1.62162
3059 -1.81081
3060 -1.6
3061 -1.4
3062 -1.54286
3063 -1.68571
3064 -1.8
3065 -1.48571
3066 -1.62857
3067 -1.77143
3068 -2
3069 -1.57143
3070 -1.71429
3071 -1.85714
3072 0
3073 0
3074 0
3075 0
3076 0
3077 -1.21429
3078 -1.35714
3079 -1.5
3080 0
3081 -1.28571
3082 -1.42857
3083 -1.57143
3084 0
3085 -1.35714
3086 -1.5
3087 -1.64286
3088 0
3089 -1.18421
3090 -1.36842
3091 -1.55263
3092 -1.19231
3093 -1.21429
3094 -1.35714
3095 -1.5
3096 -1.38462
3097 -1.28571
3098 -1.42857
3099 -1.57143
3100 -1.57692
3101 -1.35714
3102 -1.5
3103 -1.64286
3104 0
3105 -1.21053
3106 -1.39474
3107 -1.57895
3108 -1.26923
3109 -1.21429
3110 -1.35714
3111 -1.5
3112 -1.46154
3113 -1.28571
3114 -1.42857
3115 -1.57143
3116 -1.65385
3117 -1.35714
3118 -1.5
3119 -1.64286
3120 0
3121 -1.23684
3122 -1.42105
3123 -1.60526
3124 -1.34615
3125 -1.21429
3126 -1.35714
3127 -1.5
3128 -1.53846
3129 -1.28571
3130 -1.42857
3131 -1.57143
3132 -1.73077
3133 -1.35714
3134 -1.5
3135 -1.64286
3136 0
3137 -1.23684
3138 -1.44737
3139 -1.65789
3140 -1.25
3141 -1.28814
3142 -1.44068
3143 -1.59322
3144 -1.5
3145 -1.37288
3146 -1.52542
3147 -1.67797
3148 -1.75
3149 -1.45763
3150 -1.61017
3151 -1.76271
3152 -0.928571
3153 -1.23077
3154 -1.42308
3155 -1.61538
3156 -1.22857
3157 -1.28378
3158 -1.43243
3159 -1.58108
3160 -1.42857
3161 -1.36486
3162 -1.51351
3163 -1.66216
3164 -1.62857
3165 -1.44595
3166 -1.59459
3167 -1.74324
3168 -1.21429
3169 -1.26923
3170 -1.46154
3171 -1.65385
3172 -1.31429
3173 -1.2973
3174 -1.44595
3175 -1.59459
3176 -1.51429
3177 -1.37838
3178 -1.52703
3179 -1.67568
3180 -1.71429
3181 -1.45946
3182 -1.60811
3183 -1.75676
3184 -1.5
3185 -1.30769
3186 -1.5
3187 -1.69231
3188 -1.4
3189 -1.31081
3190 -1.45946
3191 -1.60811
3192 -1.6
3193 -1.39189
3194 -1.54054
3195 -1.68919
3196 -1.8
3197 -1.47297
3198 -1.62162
3199 -1.77027
3200 0
3201 -1.21053
3202 -1.42105
3203 -1.63158
3204 -1.25
3205 -1.23729
3206 -1.38983
3207 -1.54237
3208 -1.5
3209 -1.32203
3210 -1.47458
3211 -1.62712
3212 -1.75
3213 -1.40678
3214 -1.55932
3215 -1.71186
3216 -1
3217 -1.19231
3218 -1.38462
3219 -1.57692
3220 -1.2
3221 -1.22973
3222 -1.37838
3223 -1.52703
3224 -1.4
3225 -1.31081
3226 -1.45946
3227 -1.60811
3228 -1.6
3229 -1.39189
3230 -1.54054
3231 -1.68919
3232 -1.28571
3233 -1.23077
3234 -1.42308
3235 -1.61538
3236 -1.28571
3237 -1.24324
3238 -1.39189
3239 -1.54054
3240 -1.48571
3241 -1.32432
3242 -1.47297
3243 -1.62162
3244 -1.68571
3245 -1.40541
3246 -1.55405
3247 -1.7027
3248 -1.57143
3249 -1.26923
3250 -1.46154
3251 -1.65385
3252 -1.37143
3253 -1.25676
3254 -1.40541
3255 -1.55405
3256 -1.57143
3257 -1.33784
3258 -1.48649
3259 -1.63514
3260 -1.77143
3261 -1.41892
3262 -1.56757
3263 -1.71622
3264 0
3265 -1.18421
3266 -1.39474
3267 -1.60526
3268 -1.25
3269 -1.18644
3270 -1.33898
3271 -1.49153
3272 -1.5
3273 -1.27119
3274 -1.42373
3275 -1.57627
3276 -1.75
3277 -1.35593
3278 -1.50847
3279 -1.66102
3280 -1.07143
3281 -1.15385
3282 -1.34615
3283 -1.53846
3284 -1.17143
3285 -1.17568
3286 -1.32432
3287 -1.47297
3288 -1.37143
3289 -1.25676
3290 -1.40541
3291 -1.55405
3292 -1.57143
3293 -1.33784
3294 -1.48649
3295 -1.63514
3296 -1.35714
3297 -1.19231
3298 -1.38462
3299 -1.57692
3300 -1.25714
3301 -1.18919
3302 -1.33784
3303 -1.48649
3304 -1.45714
3305 -1.27027
3306 -1.41892
3307 -1.56757
3308 -1.65714
3309 -1.35135
3310 -1.5
3311 -1.64865
3312 -1.64286
3313 -1.23077
3314 -1.42308
3315 -1.61538
3316 -1.34286
3317 -1.2027
3318 -1.35135
3319 -1.5
3320 -1.54286
3321 -1.28378
3322 -1.43243
3323 -1.58108
3324 -1.74286
3325 -1.36486
3326 -1.51351
3327 -1.66216
3328 0
3329 -1.35714
3330 -1.57143
3331 -1.78571
3332 -1.42308
3333 -1.41176
3334 -1.55882
3335 -1.70588
3336 -1.69231
3337 -1.5
3338 -1.64706
3339 -1.79412
3340 -1.96154
3341 -1.58824
3342 -1.73529
3343 -1.88235
3344 -1.14286
3345 -1.35593
3346 -1.54237
3347 -1.72881
3348 -1.4
3349 -1.40698
3350 -1.54651
3351 -1.68605
3352 -1.6
3353 -1.48837
3354 -1.62791
3355 -1.76744
3356 -1.8
3357 -1.56977
3358 -1.7093
3359 -1.84884
3360 -1.5
3361 -1.40678
3362 -1.59322
3363 -1.77966
3364 -1.5
3365 -1.43023
3366 -1.56977
3367 -1.7093
3368 -1.7
3369 -1.51163
3370 -1.65116
3371 -1.7907
3372 -1.9
3373 -1.59302
3374 -1.73256
3375 -1.87209
3376 -1.85714
3377 -1.45763
3378 -1.64407
3379 -1.83051
3380 -1.6
3381 -1.45349
3382 -1.59302
3383 -1.73256
3384 -1.8
3385 -1.53488
3386 -1.67442
3387 -1.81395
3388 -2
3389 -1.61628
3390 -1.75581
3391 -1.89535
3392 -0.5
3393 -1.35714
3394 -1.57143
3395 -1.78571
3396 -1.4
3397 -1.43023
3398 -1.5814
3399 -1.73256
3400 -1.65714
3401 -1.52326
3402 -1.67442
3403 -1.82558
3404 -1.91429
3405 -1.61628
3406 -1.76744
3407 -1.9186
3408 -1.1
3409 -1.36486
3410 -1.55405
3411 -1.74324
3412 -1.4
3413 -1.42857
3414 -1.57143
3415 -1.71429
3416 -1.6
3417 -1.51429
3418 -1.65714
3419 -1.8
3420 -1.8
3421 -1.6
3422 -1.74286
3423 -1.88571
3424 -1.4
3425 -1.41892
3426 -1.60811
3427 -1.7973
3428 -1.5
3429 -1.45714
3430 -1.6
3431 -1.74286
3432 -1.7
3433 -1.54286
3434 -1.68571
3435 -1.82857
3436 -1.9
3437 -1.62857
3438 -1.77143
3439 -1.91429
3440 -1.7
3441 -1.47297
3442 -1.66216
3443 -1.85135
3444 -1.6
3445 -1.48571
3446 -1.62857
3447 -1.77143
3448 -1.8
3449 -1.57143
3450 -1.71429
3451 -1.85714
3452 -2
3453 -1.65714
3454 -1.8
3455 -1.94286
3456 -1
3457 -1.35714
3458 -1.57143
3459 -1.78571
3460 -1.42857
3461 -1.40698
3462 -1.55814
3463 -1.7093
3464 -1.68571
3465 -1.5
3466 -1.65116
3467 -1.80233
3468 -1.94286
3469 -1.59302
3470 -1.74419
3471 -1.89535
3472 -1.2
3473 -1.35135
3474 -1.54054
3475 -1.72973
3476 -1.4
3477 -1.4
3478 -1.54286
3479 -1.68571
3480 -1.6
3481 -1.48571
3482 -1.62857
3483 -1.77143
3484 -1.8
3485 -1.57143
3486 -1.71429
3487 -1.85714
3488 -1.5
3489 -1.40541
3490 -1.59459
3491 -1.78378
3492 -1.5
3493 -1.42857
3494 -1.57143
3495 -1.71429
3496 -1.7
3497 -1.51429
3498 -1.65714
3499 -1.8
3500 -1.9
3501 -1.6
3502 -1.74286
3503 -1.88571
3504 -1.8
3505 -1.45946
3506 -1.64865
3507 -1.83784
3508 -1.6
3509 -1.45714
3510 -1.6
3511 -1.74286
3512 -1.8
3513 -1.54286
3514 -1.68571
3515 -1.82857
3516 -2
3517 -1.62857
3518 -1.77143
3519 -1.91429
3520 -1.5
3521 -1.35714
3522 -1.57143
3523 -1.78571
3524 -1.45714
3525 -1.38372
3526 -1.53488
3527 -1.68605
3528 -1.71429
3529 -1.47674
3530 -1.62791
3531 -1.77907
3532 -1.97143
3533 -1.56977
3534 -1.72093
3535 -1.87209
3536 -1.3
3537 -1.33784
3538 -1.52703
3539 -1.71622
3540 -1.4
3541 -1.37143
3542 -1.51429
3543 -1.65714
3544 -1.6
3545 -1.45714
3546 -1.6
3547 -1.74286
3548 -1.8
3549 -1.54286
3550 -1.68571
3551 -1.82857
3552 -1.6
3553 -1.39189
3554 -1.58108
3555 -1.77027
3556 -1.5
3557 -1.4
3558 -1.54286
3559 -1.68571
3560 -1.7
3561 -1.48571
3562 -1.62857
3563 -1.77143
3564 -1.9
3565 -1.57143
3566 -1.71429
3567 -1.85714
3568 -1.9
3569 -1.44595
3570 -1.63514
3571 -1.82432
3572 -1.6
3573 -1.42857
3574 -1.57143
3575 -1.71429
3576 -1.8
3577 -1.51429
3578 -1.65714
3579 -1.8
3580 -2
3581 -1.6
3582 -1.74286
3583 -1.88571
3584 0
3585 -1.28571
3586 -1.5
3587 -1.71429
3588 -1.34615
3589 -1.32353
3590 -1.47059
3591 -1.61765
3592 -1.61538
3593 -1.41176
3594 -1.55882
3595 -1.70588
3596 -1.88462
3597 -1.5
3598 -1.64706
3599 -1.79412
3600 -1.07143
3601 -1.27119
3602 -1.45763
3603 -1.64407
3604 -1.3
3605 -1.31395
3606 -1.45349
3607 -1.59302
3608 -1.5
3609 -1.39535
3610 -1.53488
3611 -1.67442
3612 -1.7
3613 -1.47674
3614 -1.61628
3615 -1.75581
3616 -1.42857
3617 -1.32203
3618 -1.50847
3619 -1.69492
3620 -1.4
3621 -1.33721
3622 -1.47674
3623 -1.61628
3624 -1.6
3625 -1.4186
3626 -1.55814
3627 -1.69767
3628 -1.8
3629 -1.5
3630 -1.63953
3631 -1.77907
3632 -1.78571
3633 -1.37288
3634 -1.55932
3635 -1.74576
3636 -1.5
3637 -1.36047
3638 -1.5
3639 -1.63953
3640 -1.7
3641 -1.44186
3642 -1.5814
3643 -1.72093
3644 -1.9
3645 -1.52326
3646 -1.66279
3647 -1.80233
3648 -0.5
3649 -1.28571
3650 -1.5
3651 -1.71429
3652 -1.31429
3653 -1.34884
3654 -1.5
3655 -1.65116
3656 -1.57143
3657 -1.44186
3658 -1.59302
3659 -1.74419
3660 -1.82857
3661 -1.53488
3662 -1.68605
3663 -1.83721
3664 -1
3665 -1.28378
3666 -1.47297
3667 -1.66216
3668 -1.3
3669 -1.34286
3670 -1.48571
3671 -1.62857
3672 -1.5
3673 -1.42857
3674 -1.57143
3675 -1.71429
3676 -1.7
3677 -1.51429
3678 -1.65714
3679 -1.8
3680 -1.3
3681 -1.33784
3682 -1.52703
3683 -1.71622
3684 -1.4
3685 -1.37143
3686 -1.51429
3687 -1.65714
3688 -1.6
3689 -1.45714
3690 -1.6
3691 -1.74286
3692 -1.8
3693 -1.54286
3694 -1.68571
3695 -1.82857
3696 -1.6
3697 -1.39189
3698 -1.58108
3699 -1.77027
3700 -1.5
3701 -1.4
3702 -1.54286
3703 -1.68571
3704 -1.7
3705 -1.48571
3706 -1.62857
3707 -1.77143
3708 -1.9
3709 -1.57143
3710 -1.71429
3711 -1.85714
3712 -1
3713 -1.28571
3714 -1.5
3715 -1.71429
3716 -1.34286
3717 -1.32558
3718 -1.47674
3719 -1.62791
3720 -1.6
3721 -1.4186
3722 -1.56977
3723 -1.72093
3724 -1.85714
3725 -1.51163
3726 -1.66279
3727 -1.81395
3728 -1.1
3729 -1.27027
3730 -1.45946
3731 -1.64865
3732 -1.3
3733 -1.31429
3734 -1.45714
3735 -1.6
3736 -1.5
3737 -1.4
3738 -1.54286
3739 -1.68571
3740 -1.7
3741 -1.48571
3742 -1.62857
3743 -1.77143
3744 -1.4
3745 -1.32432
3746 -1.51351
3747 -1.7027
3748 -1.4
3749 -1.34286
3750 -1.48571
3751 -1.62857
3752 -1.6
3753 -1.42857
3754 -1.57143
3755 -1.71429
3756 -1.8
3757 -1.51429
3758 -1.65714
3759 -1.8
3760 -1.7
3761 -1.37838
3762 -1.56757
3763 -1.75676
3764 -1.5
3765 -1.37143
3766 -1.51429
3767 -1.65714
3768 -1.7
3769 -1.45714
3770 -1.6
3771 -1.74286
3772 -1.9
3773 -1.54286
3774 -1.68571
3775 -1.82857
3776 -1.5
3777 -1.28571
3778 -1.5
3779 -1.71429
3780 -1.37143
3781 -1.30233
3782 -1.45349
3783 -1.60465
3784 -1.62857
3785 -1.39535
3786 -1.54651
3787 -1.69767
3788 -1.88571
3789 -1.48837
3790 -1.63953
3791 -1.7907
3792 -1.2
3793 -1.25676
3794 -1.44595
3795 -1.63514
3796 -1.3
3797 -1.28571
3798 -1.42857
3799 -1.57143
3800 -1.5
3801 -1.37143
3802 -1.51429
3803 -1.65714
3804 -1.7
3805 -1.45714
3806 -1.6
3807 -1.74286
3808 -1.5
3809 -1.31081
3810 -1.5
3811 -1.68919
3812 -1.4
3813 -1.31429
3814 -1.45714
3815 -1.6
3816 -1.6
3817 -1.4
3818 -1.54286
3819 -1.68571
3820 -1.8
3821 -1.48571
3822 -1.62857
3823 -1.77143
3824 -1.8
3825 -1.36486
3826 -1.55405
3827 -1.74324
3828 -1.5
3829 -1.34286
3830 -1.48571
3831 -1.62857
3832 -1.7
3833 -1.42857
3834 -1.57143
3835 -1.71429
3836 -1.9
3837 -1.51429
3838 -1.65714
3839 -1.8
3840 0
3841 -1.21429
3842 -1.42857
3843 -1.64286
3844 -1.26923
3845 -1.23529
3846 -1.38235
3847 -1.52941
3848 -1.53846
3849 -1.32353
3850 -1.47059
3851 -1.61765
3852 -1.80769
3853 -1.41176
3854 -1.55882
3855 -1.70588
3856 -1
3857 -1.18644
3858 -1.37288
3859 -1.55932
3860 -1.2
3861 -1.22093
3862 -1.36047
3863 -1.5
3864 -1.4
3865 -1.30233
3866 -1.44186
3867 -1.5814
3868 -1.6
3869 -1.38372
3870 -1.52326
3871 -1.66279
3872 -1.35714
3873 -1.23729
3874 -1.42373
3875 -1.61017
3876 -1.3
3877 -1.24419
3878 -1.38372
3879 -1.52326
3880 -1.5
3881 -1.32558
3882 -1.46512
3883 -1.60465
3884 -1.7
3885 -1.40698
3886 -1.54651
3887 -1.68605
3888 -1.71429
3889 -1.28814
3890 -1.47458
3891 -1.66102
3892 -1.4
3893 -1.26744
3894 -1.40698
3895 -1.54651
3896 -1.6
3897 -1.34884
3898 -1.48837
3899 -1.62791
3900 -1.8
3901 -1.43023
3902 -1.56977
3903 -1.7093
3904 -0.5
3905 -1.21429
3906 -1.42857
3907 -1.64286
3908 -1.22857
3909 -1.26744
3910 -1.4186
3911 -1.56977
3912 -1.48571
3913 -1.36047
3914 -1.51163
3915 -1.66279
3916 -1.74286
3917 -1.45349
3918 -1.60465
3919 -1.75581
3920 -0.9
3921 -1.2027
3922 -1.39189
3923 -1.58108
3924 -1.2
3925 -1.25714
3926 -1.4
3927 -1.54286
3928 -1.4
3929 -1.34286
3930 -1.48571
3931 -1.62857
3932 -1.6
3933 -1.42857
3934 -1.57143
3935 -1.71429
3936 -1.2
3937 -1.25676
3938 -1.44595
3939 -1.63514
3940 -1.3
3941 -1.28571
3942 -1.42857
3943 -1.57143
3944 -1.5
3945 -1.37143
3946 -1.51429
3947 -1.65714
3948 -1.7
3949 -1.45714
3950 -1.6
3951 -1.74286
3952 -1.5
3953 -1.31081
3954 -1.5
3955 -1.68919
3956 -1.4
3957 -1.31429
3958 -1.45714
3959 -1.6
3960 -1.6
3961 -1.4
3962 -1.54286
3963 -1.68571
3964 -1.8
3965 -1.48571
3966 -1.62857
3967 -1.77143
3968 -1
3969 -1.21429
3970 -1.42857
3971 -1.64286
3972 -1.25714
3973 -1.24419
3974 -1.39535
3975 -1.54651
3976 -1.51429
3977 -1.33721
3978 -1.48837
3979 -1.63953
3980 -1.77143
3981 -1.43023
3982 -1.5814
3983 -1.73256
3984 -1
3985 -1.18919
3986 -1.37838
3987 -1.56757
3988 -1.2
3989 -1.22857
3990 -1.37143
3991 -1.51429
3992 -1.4
3993 -1.31429
3994 -1.45714
3995 -1.6
3996 -1.6
3997 -1.4
3998 -1.54286
3999 -1.68571
4000 -1.3
4001 -1.24324
4002 -1.43243
4003 -1.62162
4004 -1.3
4005 -1.25714
4006 -1.4
4007 -1.54286
4008 -1.5
4009 -1.34286
4010 -1.48571
4011 -1.62857
4012 -1.7
4013 -1.42857
4014 -1.57143
4015 -1.71429
4016 -1.6
4017 -1.2973
4018 -1.48649
4019 -1.67568
4020 -1.4
4021 -1.28571
4022 -1.42857
4023 -1.57143
4024 -1.6
4025 -1.37143
4026 -1.51429
4027 -1.65714
4028 -1.8
4029 -1.45714
4030 -1.6
4031 -1.74286
4032 -1.5
4033 -1.21429
4034 -1.42857
4035 -1.64286
4036 -1.28571
4037 -1.22093
4038 -1.37209
4039 -1.52326
4040 -1.54286
4041 -1.31395
4042 -1.46512
4043 -1.61628
4044 -1.8
4045 -1.40698
4046 -1.55814
4047 -1.7093
4048 -1.1
4049 -1.17567
4050 -1.36486
4051 -1.55405
4052 -1.2
4053 -1.2
4054 -1.34286
4055 -1.48571
4056 -1.4
4057 -1.28571
4058 -1.42857
4059 -1.57143
4060 -1.6
4061 -1.37143
4062 -1.51429
4063 -1.65714
4064 -1.4
4065 -1.22973
4066 -1.41892
4067 -1.60811
4068 -1.3
4069 -1.22857
4070 -1.37143
4071 -1.51429
4072 -1.5
4073 -1.31429
4074 -1.45714
4075 -1.6
4076 -1.7
4077 -1.4
4078 -1.54286
4079 -1.68571
4080 -1.7
4081 -1.28378
4082 -1.47297
4083 -1.66216
4084 -1.4
4085 -1.25714
4086 -1.4
4087 -1.54286
4088 -1.6
4089 -1.34286
4090 -1.48571
4091 -1.62857
4092 -1.8
4093 -1.42857
4094 -1.57143
4095 -1.71429
