#CSC Position Offset LUT
#Structure is comparator code (iCC) -> Stub position offset
#iCC bits: 12
#<header> v1.0 12 32 </header>
0 8
1 8
2 8
3 8
4 8
5 8
6 8
7 8
8 8
9 8
10 8
11 8
12 8
13 8
14 8
15 8
16 8
17 8
18 8
19 8
20 8
21 4
22 3
23 2
24 8
25 5
26 4
27 4
28 8
29 7
30 6
31 5
32 8
33 8
34 8
35 8
36 8
37 7
38 7
39 6
40 8
41 9
42 8
43 7
44 8
45 10
46 9
47 9
48 8
49 8
50 8
51 8
52 8
53 11
54 10
55 9
56 8
57 12
58 12
59 11
60 8
61 14
62 13
63 12
64 8
65 8
66 8
67 8
68 8
69 1
70 2
71 2
72 8
73 2
74 3
75 4
76 8
77 4
78 4
79 5
80 8
81 2
82 3
83 4
84 2
85 2
86 2
87 3
88 4
89 3
90 3
91 4
92 5
93 4
94 4
95 5
96 8
97 3
98 4
99 5
100 4
101 3
102 4
103 4
104 5
105 4
106 5
107 5
108 7
109 5
110 5
111 6
112 8
113 5
114 6
115 7
116 5
117 5
118 5
119 5
120 7
121 5
122 6
123 6
124 8
125 6
126 7
127 7
128 8
129 8
130 8
131 8
132 8
133 4
134 4
135 5
136 8
137 5
138 6
139 6
140 8
141 6
142 7
143 7
144 8
145 4
146 5
147 6
148 4
149 4
150 4
151 5
152 5
153 5
154 5
155 5
156 7
157 5
158 6
159 6
160 8
161 5
162 6
163 7
164 5
165 5
166 5
167 6
168 7
169 6
170 6
171 7
172 8
173 7
174 7
175 8
176 8
177 7
178 8
179 9
180 7
181 6
182 7
183 7
184 8
185 7
186 8
187 8
188 9
189 8
190 8
191 9
192 8
193 8
194 8
195 8
196 8
197 6
198 7
199 7
200 8
201 7
202 8
203 9
204 8
205 9
206 9
207 10
208 8
209 6
210 6
211 7
212 5
213 5
214 6
215 6
216 7
217 6
218 7
219 7
220 8
221 7
222 8
223 8
224 8
225 7
226 8
227 9
228 7
229 7
230 7
231 8
232 8
233 8
234 8
235 8
236 9
237 8
238 9
239 9
240 8
241 9
242 9
243 10
244 8
245 8
246 8
247 9
248 9
249 9
250 9
251 10
252 11
253 10
254 10
255 11
256 8
257 8
258 8
259 8
260 8
261 2
262 3
263 4
264 8
265 3
266 4
267 6
268 8
269 5
270 6
271 7
272 8
273 2
274 4
275 5
276 3
277 2
278 3
279 4
280 5
281 3
282 4
283 5
284 6
285 4
286 5
287 6
288 8
289 4
290 5
291 7
292 4
293 3
294 4
295 5
296 6
297 4
298 5
299 6
300 8
301 5
302 6
303 7
304 8
305 5
306 7
307 8
308 6
309 5
310 5
311 6
312 8
313 6
314 6
315 7
316 9
317 7
318 7
319 8
320 8
321 1
322 3
323 5
324 2
325 2
326 3
327 4
328 4
329 3
330 4
331 5
332 7
333 4
334 5
335 6
336 3
337 2
338 3
339 5
340 2
341 2
342 3
343 4
344 4
345 3
346 4
347 5
348 6
349 4
350 5
351 5
352 7
353 3
354 4
355 6
356 4
357 3
358 4
359 5
360 5
361 4
362 5
363 5
364 7
365 5
366 5
367 6
368 10
369 4
370 5
371 7
372 5
373 4
374 5
375 5
376 7
377 5
378 5
379 6
380 8
381 5
382 6
383 7
384 8
385 3
386 4
387 6
388 3
389 3
390 4
391 5
392 6
393 4
394 5
395 6
396 8
397 5
398 6
399 7
400 4
401 3
402 4
403 6
404 3
405 3
406 4
407 5
408 5
409 4
410 5
411 5
412 7
413 5
414 5
415 6
416 8
417 4
418 5
419 7
420 5
421 4
422 5
423 5
424 6
425 5
426 5
427 6
428 8
429 5
430 6
431 7
432 12
433 5
434 6
435 8
436 6
437 5
438 5
439 6
440 8
441 5
442 6
443 7
444 9
445 6
446 7
447 8
448 8
449 4
450 6
451 7
452 4
453 4
454 5
455 6
456 7
457 5
458 6
459 7
460 9
461 6
462 7
463 8
464 6
465 4
466 5
467 7
468 4
469 4
470 5
471 5
472 6
473 5
474 5
475 6
476 8
477 5
478 6
479 7
480 9
481 5
482 6
483 8
484 5
485 5
486 5
487 6
488 7
489 5
490 6
491 7
492 9
493 6
494 7
495 8
496 13
497 6
498 7
499 9
500 7
501 5
502 6
503 7
504 8
505 6
506 7
507 8
508 10
509 7
510 8
511 9
512 8
513 8
514 8
515 8
516 8
517 4
518 5
519 6
520 8
521 5
522 6
523 7
524 8
525 6
526 7
527 9
528 8
529 4
530 5
531 7
532 4
533 4
534 5
535 5
536 6
537 5
538 6
539 6
540 7
541 6
542 7
543 7
544 8
545 5
546 7
547 8
548 5
549 5
550 6
551 7
552 7
553 6
554 7
555 7
556 9
557 7
558 8
559 8
560 8
561 7
562 8
563 9
564 7
565 6
566 7
567 8
568 9
569 7
570 8
571 9
572 10
573 8
574 9
575 10
576 8
577 2
578 4
579 6
580 2
581 3
582 4
583 5
584 5
585 4
586 5
587 6
588 7
589 5
590 6
591 7
592 2
593 3
594 4
595 5
596 3
597 3
598 4
599 5
600 5
601 4
602 5
603 5
604 6
605 5
606 5
607 6
608 6
609 4
610 5
611 7
612 4
613 4
614 5
615 5
616 6
617 5
618 5
619 6
620 8
621 5
622 6
623 7
624 9
625 5
626 6
627 8
628 5
629 5
630 5
631 6
632 7
633 5
634 6
635 7
636 9
637 6
638 7
639 8
640 8
641 4
642 6
643 7
644 4
645 4
646 5
647 6
648 6
649 5
650 6
651 7
652 9
653 6
654 7
655 8
656 4
657 4
658 5
659 6
660 4
661 4
662 5
663 5
664 5
665 5
666 5
667 6
668 7
669 5
670 6
671 7
672 7
673 5
674 6
675 7
676 5
677 5
678 5
679 6
680 7
681 5
682 6
683 7
684 8
685 6
686 7
687 8
688 11
689 6
690 7
691 9
692 6
693 5
694 6
695 7
696 8
697 6
698 7
699 8
700 10
701 7
702 8
703 9
704 8
705 5
706 7
707 9
708 5
709 5
710 6
711 7
712 7
713 6
714 7
715 8
716 10
717 7
718 8
719 9
720 5
721 5
722 6
723 7
724 5
725 5
726 5
727 6
728 6
729 5
730 6
731 7
732 8
733 6
734 7
735 8
736 9
737 6
738 7
739 8
740 6
741 5
742 6
743 7
744 8
745 6
746 7
747 8
748 9
749 7
750 8
751 9
752 12
753 7
754 8
755 10
756 7
757 6
758 7
759 8
760 9
761 7
762 8
763 9
764 11
765 8
766 9
767 10
768 8
769 8
770 8
771 8
772 8
773 6
774 7
775 8
776 8
777 7
778 8
779 9
780 8
781 8
782 9
783 10
784 8
785 5
786 7
787 8
788 5
789 5
790 6
791 7
792 6
793 6
794 7
795 8
796 8
797 7
798 8
799 9
800 8
801 7
802 8
803 9
804 6
805 6
806 7
807 8
808 8
809 7
810 8
811 9
812 10
813 8
814 9
815 10
816 8
817 8
818 9
819 11
820 8
821 7
822 8
823 9
824 9
825 8
826 9
827 10
828 11
829 9
830 10
831 11
832 8
833 4
834 5
835 7
836 3
837 4
838 5
839 6
840 6
841 5
842 6
843 7
844 8
845 6
846 7
847 8
848 2
849 4
850 5
851 6
852 3
853 4
854 5
855 5
856 5
857 5
858 5
859 6
860 7
861 5
862 6
863 7
864 5
865 5
866 6
867 7
868 5
869 5
870 5
871 6
872 6
873 5
874 6
875 7
876 8
877 6
878 7
879 8
880 9
881 6
882 7
883 8
884 6
885 5
886 6
887 7
888 8
889 6
890 7
891 8
892 9
893 7
894 8
895 9
896 8
897 5
898 7
899 8
900 4
901 5
902 6
903 7
904 7
905 6
906 7
907 8
908 9
909 7
910 8
911 9
912 3
913 5
914 6
915 7
916 4
917 5
918 5
919 6
920 6
921 5
922 6
923 7
924 8
925 6
926 7
927 8
928 7
929 6
930 7
931 8
932 5
933 5
934 6
935 7
936 7
937 6
938 7
939 8
940 9
941 7
942 8
943 9
944 10
945 7
946 8
947 9
948 7
949 6
950 7
951 8
952 8
953 7
954 8
955 9
956 10
957 8
958 9
959 10
960 8
961 6
962 8
963 10
964 6
965 6
966 7
967 8
968 8
969 7
970 8
971 9
972 10
973 8
974 9
975 10
976 4
977 6
978 7
979 8
980 5
981 5
982 6
983 7
984 7
985 6
986 7
987 8
988 8
989 7
990 8
991 9
992 8
993 7
994 8
995 9
996 6
997 6
998 7
999 8
1000 8
1001 7
1002 8
1003 9
1004 10
1005 8
1006 9
1007 10
1008 12
1009 8
1010 9
1011 10
1012 8
1013 7
1014 8
1015 9
1016 9
1017 8
1018 9
1019 10
1020 11
1021 9
1022 10
1023 11
1024 8
1025 8
1026 8
1027 8
1028 8
1029 2
1030 4
1031 5
1032 8
1033 4
1034 5
1035 7
1036 8
1037 5
1038 7
1039 8
1040 8
1041 3
1042 4
1043 6
1044 3
1045 3
1046 4
1047 5
1048 5
1049 4
1050 5
1051 6
1052 7
1053 5
1054 6
1055 7
1056 8
1057 4
1058 6
1059 7
1060 5
1061 4
1062 5
1063 6
1064 7
1065 5
1066 6
1067 7
1068 9
1069 6
1070 7
1071 8
1072 8
1073 5
1074 7
1075 9
1076 6
1077 5
1078 6
1079 7
1080 8
1081 6
1082 7
1083 8
1084 10
1085 7
1086 8
1087 9
1088 8
1089 1
1090 3
1091 5
1092 2
1093 2
1094 3
1095 4
1096 4
1097 3
1098 4
1099 5
1100 7
1101 4
1102 5
1103 7
1104 2
1105 2
1106 4
1107 5
1108 2
1109 2
1110 3
1111 4
1112 4
1113 3
1114 4
1115 5
1116 6
1117 4
1118 5
1119 6
1120 6
1121 3
1122 5
1123 6
1124 4
1125 3
1126 4
1127 5
1128 6
1129 4
1130 5
1131 6
1132 7
1133 5
1134 6
1135 7
1136 9
1137 4
1138 6
1139 7
1140 5
1141 4
1142 5
1143 6
1144 7
1145 5
1146 6
1147 7
1148 9
1149 6
1150 7
1151 8
1152 8
1153 3
1154 5
1155 7
1156 3
1157 3
1158 4
1159 5
1160 6
1161 4
1162 5
1163 6
1164 8
1165 5
1166 6
1167 8
1168 4
1169 3
1170 5
1171 6
1172 3
1173 3
1174 4
1175 5
1176 5
1177 4
1178 5
1179 6
1180 7
1181 5
1182 6
1183 7
1184 7
1185 4
1186 6
1187 7
1188 5
1189 4
1190 5
1191 6
1192 7
1193 5
1194 6
1195 7
1196 8
1197 6
1198 7
1199 8
1200 10
1201 5
1202 7
1203 8
1204 6
1205 5
1206 6
1207 7
1208 8
1209 6
1210 7
1211 8
1212 10
1213 7
1214 8
1215 9
1216 8
1217 4
1218 6
1219 8
1220 5
1221 4
1222 5
1223 6
1224 7
1225 5
1226 6
1227 7
1228 10
1229 6
1230 7
1231 9
1232 6
1233 4
1234 6
1235 7
1236 4
1237 4
1238 5
1239 6
1240 6
1241 5
1242 6
1243 7
1244 8
1245 6
1246 7
1247 8
1248 9
1249 5
1250 7
1251 8
1252 6
1253 5
1254 6
1255 7
1256 7
1257 6
1258 7
1259 8
1260 9
1261 7
1262 8
1263 8
1264 12
1265 6
1266 8
1267 9
1268 7
1269 6
1270 7
1271 8
1272 9
1273 6
1274 7
1275 8
1276 11
1277 7
1278 8
1279 9
1280 8
1281 2
1282 4
1283 6
1284 2
1285 2
1286 3
1287 5
1288 5
1289 3
1290 5
1291 6
1292 8
1293 5
1294 6
1295 7
1296 3
1297 2
1298 4
1299 6
1300 3
1301 2
1302 4
1303 5
1304 5
1305 3
1306 4
1307 6
1308 7
1309 4
1310 5
1311 7
1312 7
1313 4
1314 5
1315 7
1316 4
1317 3
1318 4
1319 5
1320 6
1321 4
1322 5
1323 6
1324 8
1325 5
1326 6
1327 7
1328 11
1329 5
1330 6
1331 8
1332 6
1333 4
1334 5
1335 6
1336 8
1337 5
1338 6
1339 7
1340 10
1341 6
1342 7
1343 8
1344 0
1345 1
1346 3
1347 5
1348 2
1349 2
1350 3
1351 4
1352 4
1353 3
1354 4
1355 5
1356 7
1357 4
1358 5
1359 6
1360 2
1361 2
1362 3
1363 5
1364 2
1365 2
1366 3
1367 4
1368 4
1369 3
1370 4
1371 5
1372 6
1373 4
1374 5
1375 6
1376 5
1377 3
1378 5
1379 6
1380 4
1381 3
1382 4
1383 5
1384 5
1385 4
1386 5
1387 6
1388 7
1389 5
1390 6
1391 7
1392 8
1393 4
1394 6
1395 7
1396 5
1397 4
1398 5
1399 6
1400 7
1401 5
1402 6
1403 7
1404 8
1405 5
1406 6
1407 7
1408 5
1409 2
1410 4
1411 6
1412 3
1413 3
1414 4
1415 5
1416 6
1417 4
1418 5
1419 6
1420 8
1421 5
1422 6
1423 7
1424 4
1425 3
1426 4
1427 6
1428 3
1429 3
1430 4
1431 5
1432 5
1433 4
1434 5
1435 6
1436 7
1437 5
1438 6
1439 7
1440 7
1441 4
1442 5
1443 7
1444 5
1445 4
1446 5
1447 6
1448 6
1449 4
1450 5
1451 6
1452 8
1453 5
1454 6
1455 7
1456 10
1457 5
1458 6
1459 8
1460 6
1461 4
1462 5
1463 6
1464 8
1465 5
1466 6
1467 7
1468 9
1469 6
1470 7
1471 8
1472 11
1473 4
1474 6
1475 8
1476 4
1477 3
1478 5
1479 6
1480 7
1481 4
1482 6
1483 7
1484 9
1485 6
1486 7
1487 8
1488 6
1489 4
1490 5
1491 7
1492 4
1493 3
1494 4
1495 5
1496 6
1497 4
1498 5
1499 6
1500 8
1501 5
1502 6
1503 7
1504 9
1505 5
1506 6
1507 8
1508 5
1509 4
1510 5
1511 6
1512 7
1513 5
1514 6
1515 7
1516 9
1517 6
1518 7
1519 8
1520 12
1521 6
1522 7
1523 9
1524 7
1525 5
1526 6
1527 7
1528 8
1529 6
1530 7
1531 8
1532 10
1533 7
1534 8
1535 9
1536 8
1537 3
1538 5
1539 8
1540 3
1541 3
1542 4
1543 6
1544 6
1545 4
1546 6
1547 7
1548 9
1549 5
1550 7
1551 8
1552 4
1553 3
1554 5
1555 6
1556 3
1557 3
1558 4
1559 5
1560 5
1561 4
1562 5
1563 6
1564 7
1565 5
1566 6
1567 7
1568 8
1569 4
1570 6
1571 8
1572 5
1573 4
1574 5
1575 6
1576 7
1577 5
1578 6
1579 7
1580 9
1581 6
1582 7
1583 8
1584 12
1585 6
1586 7
1587 9
1588 6
1589 5
1590 6
1591 7
1592 8
1593 6
1594 7
1595 8
1596 10
1597 7
1598 8
1599 9
1600 1
1601 2
1602 4
1603 6
1604 2
1605 2
1606 4
1607 5
1608 5
1609 4
1610 5
1611 6
1612 7
1613 5
1614 6
1615 7
1616 3
1617 3
1618 4
1619 6
1620 3
1621 3
1622 4
1623 5
1624 5
1625 4
1626 5
1627 6
1628 6
1629 4
1630 5
1631 6
1632 6
1633 4
1634 5
1635 7
1636 4
1637 3
1638 4
1639 5
1640 6
1641 4
1642 5
1643 6
1644 8
1645 5
1646 6
1647 7
1648 9
1649 5
1650 6
1651 8
1652 5
1653 4
1654 5
1655 6
1656 7
1657 5
1658 6
1659 7
1660 9
1661 6
1662 7
1663 8
1664 7
1665 3
1666 5
1667 7
1668 4
1669 3
1670 4
1671 6
1672 6
1673 4
1674 6
1675 7
1676 9
1677 5
1678 7
1679 8
1680 5
1681 3
1682 5
1683 6
1684 4
1685 3
1686 4
1687 5
1688 5
1689 4
1690 5
1691 6
1692 7
1693 5
1694 6
1695 7
1696 8
1697 4
1698 6
1699 7
1700 5
1701 4
1702 5
1703 6
1704 7
1705 5
1706 6
1707 7
1708 8
1709 6
1710 7
1711 8
1712 11
1713 5
1714 7
1715 8
1716 6
1717 5
1718 6
1719 7
1720 8
1721 6
1722 7
1723 8
1724 10
1725 7
1726 8
1727 9
1728 12
1729 4
1730 6
1731 8
1732 5
1733 4
1734 5
1735 6
1736 7
1737 5
1738 6
1739 8
1740 10
1741 6
1742 7
1743 9
1744 6
1745 4
1746 6
1747 7
1748 5
1749 4
1750 5
1751 6
1752 6
1753 5
1754 6
1755 7
1756 8
1757 6
1758 7
1759 8
1760 9
1761 5
1762 7
1763 8
1764 6
1765 5
1766 6
1767 7
1768 8
1769 6
1770 7
1771 8
1772 9
1773 7
1774 8
1775 9
1776 12
1777 6
1778 8
1779 9
1780 7
1781 5
1782 7
1783 8
1784 9
1785 6
1786 7
1787 8
1788 11
1789 7
1790 8
1791 9
1792 8
1793 4
1794 6
1795 9
1796 4
1797 4
1798 5
1799 7
1800 7
1801 5
1802 6
1803 8
1804 10
1805 6
1806 8
1807 9
1808 5
1809 4
1810 6
1811 7
1812 4
1813 4
1814 5
1815 6
1816 6
1817 5
1818 6
1819 7
1820 8
1821 6
1822 7
1823 8
1824 9
1825 5
1826 7
1827 8
1828 6
1829 5
1830 6
1831 7
1832 8
1833 6
1834 7
1835 8
1836 9
1837 7
1838 8
1839 9
1840 13
1841 6
1842 8
1843 10
1844 7
1845 6
1846 7
1847 8
1848 9
1849 7
1850 8
1851 9
1852 11
1853 8
1854 9
1855 10
1856 2
1857 3
1858 5
1859 7
1860 3
1861 3
1862 4
1863 6
1864 6
1865 4
1866 5
1867 7
1868 8
1869 5
1870 6
1871 8
1872 3
1873 3
1874 5
1875 6
1876 3
1877 3
1878 4
1879 5
1880 5
1881 4
1882 5
1883 6
1884 7
1885 5
1886 6
1887 7
1888 6
1889 4
1890 6
1891 7
1892 5
1893 4
1894 5
1895 6
1896 6
1897 5
1898 6
1899 7
1900 8
1901 6
1902 7
1903 8
1904 9
1905 5
1906 7
1907 8
1908 6
1909 5
1910 6
1911 7
1912 8
1913 6
1914 7
1915 8
1916 9
1917 7
1918 8
1919 9
1920 8
1921 4
1922 6
1923 8
1924 4
1925 4
1926 5
1927 6
1928 7
1929 5
1930 6
1931 7
1932 9
1933 6
1934 7
1935 9
1936 5
1937 4
1938 5
1939 7
1940 4
1941 4
1942 5
1943 6
1944 6
1945 5
1946 6
1947 7
1948 8
1949 6
1950 7
1951 8
1952 8
1953 5
1954 6
1955 8
1956 5
1957 5
1958 6
1959 7
1960 7
1961 5
1962 7
1963 8
1964 9
1965 6
1966 7
1967 8
1968 11
1969 6
1970 8
1971 9
1972 7
1973 5
1974 6
1975 7
1976 8
1977 6
1978 7
1979 8
1980 10
1981 7
1982 8
1983 9
1984 14
1985 5
1986 7
1987 9
1988 6
1989 5
1990 6
1991 7
1992 8
1993 6
1994 7
1995 8
1996 10
1997 7
1998 8
1999 9
2000 7
2001 5
2002 6
2003 8
2004 5
2005 4
2006 5
2007 7
2008 7
2009 5
2010 6
2011 7
2012 8
2013 6
2014 7
2015 8
2016 10
2017 6
2018 7
2019 9
2020 6
2021 5
2022 6
2023 7
2024 8
2025 6
2026 7
2027 8
2028 10
2029 7
2030 8
2031 9
2032 13
2033 7
2034 8
2035 10
2036 8
2037 6
2038 7
2039 8
2040 9
2041 7
2042 8
2043 9
2044 11
2045 8
2046 9
2047 10
2048 8
2049 8
2050 8
2051 8
2052 8
2053 4
2054 5
2055 7
2056 8
2057 5
2058 7
2059 8
2060 8
2061 7
2062 8
2063 9
2064 8
2065 4
2066 5
2067 7
2068 4
2069 4
2070 5
2071 6
2072 6
2073 5
2074 6
2075 7
2076 8
2077 6
2078 7
2079 8
2080 8
2081 5
2082 7
2083 9
2084 5
2085 5
2086 6
2087 7
2088 7
2089 6
2090 7
2091 8
2092 9
2093 7
2094 8
2095 9
2096 8
2097 7
2098 8
2099 10
2100 7
2101 6
2102 7
2103 8
2104 9
2105 7
2106 8
2107 9
2108 11
2109 8
2110 9
2111 10
2112 8
2113 2
2114 4
2115 6
2116 2
2117 3
2118 4
2119 5
2120 5
2121 4
2122 5
2123 6
2124 7
2125 5
2126 6
2127 7
2128 2
2129 3
2130 4
2131 6
2132 3
2133 3
2134 4
2135 5
2136 4
2137 4
2138 5
2139 6
2140 6
2141 5
2142 6
2143 7
2144 5
2145 4
2146 5
2147 7
2148 4
2149 4
2150 5
2151 6
2152 6
2153 5
2154 6
2155 7
2156 7
2157 6
2158 7
2159 8
2160 8
2161 5
2162 6
2163 8
2164 5
2165 5
2166 6
2167 7
2168 7
2169 6
2170 7
2171 8
2172 9
2173 6
2174 7
2175 8
2176 8
2177 4
2178 6
2179 8
2180 4
2181 4
2182 5
2183 6
2184 6
2185 5
2186 6
2187 7
2188 9
2189 6
2190 7
2191 8
2192 4
2193 4
2194 5
2195 7
2196 4
2197 4
2198 5
2199 6
2200 5
2201 5
2202 6
2203 7
2204 7
2205 6
2206 7
2207 8
2208 7
2209 5
2210 6
2211 8
2212 5
2213 5
2214 6
2215 7
2216 7
2217 5
2218 6
2219 7
2220 8
2221 6
2222 7
2223 8
2224 10
2225 6
2226 7
2227 9
2228 6
2229 5
2230 6
2231 7
2232 8
2233 6
2234 7
2235 8
2236 10
2237 7
2238 8
2239 9
2240 8
2241 5
2242 7
2243 9
2244 5
2245 5
2246 6
2247 7
2248 8
2249 6
2250 7
2251 8
2252 10
2253 7
2254 8
2255 9
2256 6
2257 5
2258 6
2259 8
2260 5
2261 5
2262 5
2263 6
2264 6
2265 5
2266 6
2267 7
2268 8
2269 6
2270 7
2271 8
2272 9
2273 6
2274 7
2275 9
2276 6
2277 5
2278 6
2279 7
2280 8
2281 6
2282 7
2283 8
2284 9
2285 7
2286 8
2287 9
2288 12
2289 7
2290 8
2291 10
2292 7
2293 6
2294 7
2295 8
2296 9
2297 7
2298 8
2299 9
2300 11
2301 8
2302 9
2303 10
2304 8
2305 3
2306 5
2307 7
2308 3
2309 3
2310 4
2311 6
2312 6
2313 4
2314 5
2315 7
2316 9
2317 5
2318 7
2319 8
2320 3
2321 3
2322 5
2323 6
2324 3
2325 3
2326 4
2327 5
2328 5
2329 4
2330 5
2331 6
2332 7
2333 5
2334 6
2335 7
2336 7
2337 4
2338 6
2339 7
2340 5
2341 4
2342 5
2343 6
2344 6
2345 5
2346 6
2347 7
2348 8
2349 6
2350 7
2351 8
2352 11
2353 5
2354 7
2355 9
2356 6
2357 5
2358 6
2359 7
2360 8
2361 6
2362 7
2363 8
2364 10
2365 7
2366 8
2367 9
2368 0
2369 2
2370 4
2371 6
2372 2
2373 2
2374 4
2375 5
2376 4
2377 3
2378 5
2379 6
2380 7
2381 4
2382 6
2383 7
2384 2
2385 2
2386 4
2387 5
2388 2
2389 3
2390 4
2391 5
2392 4
2393 3
2394 4
2395 5
2396 6
2397 4
2398 5
2399 6
2400 5
2401 3
2402 5
2403 6
2404 4
2405 3
2406 4
2407 5
2408 5
2409 4
2410 5
2411 6
2412 7
2413 5
2414 6
2415 7
2416 8
2417 4
2418 6
2419 7
2420 5
2421 4
2422 5
2423 6
2424 7
2425 5
2426 6
2427 7
2428 8
2429 6
2430 7
2431 8
2432 2
2433 3
2434 5
2435 7
2436 3
2437 3
2438 4
2439 6
2440 6
2441 4
2442 5
2443 7
2444 8
2445 5
2446 6
2447 8
2448 3
2449 3
2450 5
2451 6
2452 3
2453 3
2454 4
2455 5
2456 5
2457 4
2458 5
2459 6
2460 7
2461 5
2462 6
2463 7
2464 6
2465 4
2466 6
2467 7
2468 5
2469 4
2470 5
2471 6
2472 6
2473 5
2474 6
2475 7
2476 8
2477 6
2478 7
2479 8
2480 9
2481 5
2482 7
2483 8
2484 6
2485 5
2486 6
2487 7
2488 8
2489 6
2490 7
2491 8
2492 9
2493 7
2494 8
2495 9
2496 8
2497 4
2498 6
2499 8
2500 4
2501 4
2502 5
2503 6
2504 7
2505 5
2506 6
2507 7
2508 9
2509 6
2510 7
2511 9
2512 5
2513 4
2514 5
2515 7
2516 4
2517 4
2518 5
2519 6
2520 6
2521 5
2522 6
2523 7
2524 8
2525 6
2526 7
2527 8
2528 8
2529 5
2530 6
2531 8
2532 5
2533 5
2534 6
2535 7
2536 7
2537 5
2538 7
2539 8
2540 9
2541 6
2542 7
2543 8
2544 11
2545 6
2546 8
2547 9
2548 7
2549 5
2550 6
2551 7
2552 8
2553 6
2554 7
2555 8
2556 10
2557 7
2558 8
2559 9
2560 8
2561 4
2562 6
2563 8
2564 4
2565 4
2566 5
2567 6
2568 7
2569 5
2570 6
2571 8
2572 10
2573 6
2574 8
2575 9
2576 4
2577 4
2578 5
2579 7
2580 4
2581 4
2582 5
2583 6
2584 6
2585 5
2586 6
2587 7
2588 8
2589 6
2590 7
2591 8
2592 8
2593 5
2594 7
2595 8
2596 5
2597 5
2598 6
2599 7
2600 7
2601 6
2602 7
2603 8
2604 9
2605 7
2606 8
2607 9
2608 12
2609 6
2610 8
2611 9
2612 7
2613 5
2614 7
2615 8
2616 9
2617 6
2618 8
2619 9
2620 11
2621 7
2622 9
2623 10
2624 0
2625 3
2626 5
2627 7
2628 2
2629 3
2630 4
2631 5
2632 5
2633 4
2634 5
2635 6
2636 7
2637 5
2638 6
2639 8
2640 2
2641 3
2642 4
2643 6
2644 3
2645 3
2646 4
2647 5
2648 5
2649 4
2650 5
2651 6
2652 6
2653 5
2654 6
2655 7
2656 5
2657 4
2658 5
2659 7
2660 4
2661 4
2662 5
2663 6
2664 6
2665 5
2666 6
2667 7
2668 8
2669 6
2670 7
2671 8
2672 8
2673 5
2674 6
2675 8
2676 5
2677 5
2678 6
2679 7
2680 7
2681 5
2682 7
2683 8
2684 9
2685 6
2686 7
2687 8
2688 4
2689 4
2690 6
2691 8
2692 4
2693 4
2694 5
2695 6
2696 6
2697 5
2698 6
2699 7
2700 9
2701 6
2702 7
2703 8
2704 4
2705 4
2706 5
2707 7
2708 4
2709 4
2710 5
2711 6
2712 5
2713 5
2714 6
2715 7
2716 7
2717 5
2718 7
2719 8
2720 7
2721 5
2722 6
2723 8
2724 5
2725 4
2726 5
2727 7
2728 7
2729 5
2730 6
2731 7
2732 8
2733 6
2734 7
2735 8
2736 10
2737 6
2738 7
2739 9
2740 6
2741 5
2742 6
2743 7
2744 8
2745 6
2746 7
2747 8
2748 10
2749 7
2750 8
2751 9
2752 9
2753 5
2754 7
2755 9
2756 5
2757 4
2758 6
2759 7
2760 7
2761 6
2762 7
2763 8
2764 10
2765 7
2766 8
2767 9
2768 5
2769 5
2770 6
2771 8
2772 5
2773 4
2774 5
2775 6
2776 6
2777 5
2778 6
2779 7
2780 8
2781 6
2782 7
2783 8
2784 8
2785 6
2786 7
2787 9
2788 6
2789 5
2790 6
2791 7
2792 8
2793 6
2794 7
2795 8
2796 9
2797 7
2798 8
2799 9
2800 11
2801 7
2802 8
2803 10
2804 7
2805 6
2806 7
2807 8
2808 9
2809 7
2810 8
2811 9
2812 11
2813 8
2814 9
2815 10
2816 8
2817 5
2818 7
2819 9
2820 5
2821 5
2822 6
2823 7
2824 8
2825 6
2826 7
2827 9
2828 11
2829 7
2830 8
2831 10
2832 5
2833 4
2834 6
2835 8
2836 4
2837 4
2838 5
2839 7
2840 6
2841 5
2842 6
2843 8
2844 8
2845 6
2846 7
2847 9
2848 9
2849 6
2850 7
2851 9
2852 6
2853 5
2854 6
2855 7
2856 8
2857 6
2858 7
2859 8
2860 10
2861 7
2862 8
2863 9
2864 13
2865 7
2866 9
2867 10
2868 7
2869 6
2870 7
2871 8
2872 9
2873 7
2874 8
2875 9
2876 11
2877 8
2878 9
2879 10
2880 0
2881 3
2882 5
2883 7
2884 3
2885 4
2886 5
2887 6
2888 6
2889 5
2890 6
2891 7
2892 8
2893 6
2894 7
2895 8
2896 2
2897 3
2898 5
2899 6
2900 3
2901 4
2902 5
2903 6
2904 5
2905 4
2906 5
2907 7
2908 7
2909 5
2910 6
2911 7
2912 5
2913 5
2914 6
2915 8
2916 5
2917 4
2918 5
2919 6
2920 6
2921 5
2922 6
2923 7
2924 8
2925 6
2926 7
2927 8
2928 8
2929 6
2930 7
2931 9
2932 6
2933 5
2934 6
2935 7
2936 8
2937 6
2938 7
2939 8
2940 9
2941 7
2942 8
2943 9
2944 5
2945 4
2946 6
2947 8
2948 4
2949 4
2950 6
2951 7
2952 7
2953 5
2954 7
2955 8
2956 9
2957 7
2958 8
2959 9
2960 4
2961 4
2962 6
2963 7
2964 4
2965 4
2966 5
2967 6
2968 6
2969 5
2970 6
2971 7
2972 8
2973 6
2974 7
2975 8
2976 7
2977 5
2978 7
2979 8
2980 5
2981 5
2982 6
2983 7
2984 7
2985 6
2986 7
2987 8
2988 9
2989 7
2990 8
2991 9
2992 10
2993 6
2994 8
2995 9
2996 7
2997 6
2998 7
2999 8
3000 8
3001 7
3002 8
3003 9
3004 10
3005 8
3006 9
3007 10
3008 11
3009 6
3010 8
3011 9
3012 6
3013 5
3014 6
3015 8
3016 8
3017 6
3018 7
3019 9
3020 10
3021 7
3022 9
3023 10
3024 6
3025 5
3026 7
3027 8
3028 5
3029 5
3030 6
3031 7
3032 7
3033 6
3034 7
3035 8
3036 8
3037 7
3038 8
3039 9
3040 9
3041 6
3042 8
3043 9
3044 6
3045 6
3046 7
3047 8
3048 8
3049 7
3050 8
3051 9
3052 10
3053 7
3054 8
3055 9
3056 12
3057 7
3058 9
3059 10
3060 8
3061 6
3062 7
3063 8
3064 9
3065 7
3066 8
3067 9
3068 11
3069 8
3070 9
3071 10
3072 8
3073 8
3074 8
3075 8
3076 8
3077 5
3078 7
3079 8
3080 8
3081 7
3082 8
3083 9
3084 8
3085 8
3086 9
3087 11
3088 8
3089 5
3090 7
3091 8
3092 4
3093 5
3094 6
3095 7
3096 6
3097 6
3098 7
3099 8
3100 8
3101 7
3102 8
3103 9
3104 8
3105 6
3106 8
3107 10
3108 6
3109 6
3110 7
3111 8
3112 8
3113 7
3114 8
3115 9
3116 10
3117 8
3118 9
3119 10
3120 8
3121 8
3122 9
3123 11
3124 8
3125 7
3126 8
3127 9
3128 10
3129 8
3130 9
3131 10
3132 12
3133 9
3134 10
3135 11
3136 8
3137 3
3138 5
3139 7
3140 3
3141 4
3142 5
3143 6
3144 5
3145 5
3146 6
3147 7
3148 8
3149 6
3150 7
3151 8
3152 1
3153 3
3154 5
3155 6
3156 3
3157 4
3158 5
3159 6
3160 5
3161 5
3162 5
3163 6
3164 6
3165 5
3166 6
3167 7
3168 4
3169 5
3170 6
3171 7
3172 4
3173 4
3174 5
3175 6
3176 6
3177 5
3178 6
3179 7
3180 8
3181 6
3182 7
3183 8
3184 7
3185 6
3186 7
3187 9
3188 6
3189 5
3190 6
3191 7
3192 7
3193 6
3194 7
3195 8
3196 9
3197 7
3198 8
3199 9
3200 8
3201 5
3202 7
3203 9
3204 4
3205 5
3206 6
3207 7
3208 7
3209 6
3210 7
3211 8
3212 9
3213 7
3214 8
3215 9
3216 3
3217 4
3218 6
3219 7
3220 4
3221 4
3222 5
3223 6
3224 6
3225 5
3226 6
3227 7
3228 7
3229 6
3230 7
3231 8
3232 6
3233 6
3234 7
3235 8
3236 5
3237 5
3238 6
3239 7
3240 7
3241 6
3242 7
3243 8
3244 9
3245 7
3246 8
3247 9
3248 9
3249 7
3250 8
3251 10
3252 7
3253 6
3254 7
3255 8
3256 8
3257 7
3258 8
3259 9
3260 10
3261 8
3262 9
3263 10
3264 8
3265 6
3266 8
3267 10
3268 5
3269 6
3270 7
3271 8
3272 8
3273 7
3274 8
3275 9
3276 10
3277 8
3278 9
3279 10
3280 5
3281 5
3282 7
3283 8
3284 5
3285 5
3286 6
3287 7
3288 7
3289 6
3290 7
3291 8
3292 8
3293 7
3294 8
3295 9
3296 8
3297 6
3298 8
3299 9
3300 6
3301 6
3302 7
3303 8
3304 8
3305 7
3306 8
3307 9
3308 10
3309 8
3310 9
3311 10
3312 11
3313 8
3314 9
3315 11
3316 8
3317 7
3318 8
3319 9
3320 9
3321 8
3322 9
3323 10
3324 11
3325 9
3326 10
3327 11
3328 8
3329 3
3330 6
3331 8
3332 3
3333 4
3334 5
3335 6
3336 6
3337 5
3338 6
3339 8
3340 9
3341 6
3342 7
3343 9
3344 2
3345 3
3346 5
3347 7
3348 3
3349 4
3350 5
3351 6
3352 5
3353 5
3354 6
3355 7
3356 7
3357 6
3358 7
3359 8
3360 6
3361 5
3362 6
3363 8
3364 5
3365 4
3366 6
3367 7
3368 7
3369 5
3370 7
3371 8
3372 9
3373 6
3374 8
3375 9
3376 10
3377 6
3378 8
3379 9
3380 6
3381 5
3382 6
3383 8
3384 8
3385 6
3386 7
3387 9
3388 10
3389 7
3390 8
3391 10
3392 0
3393 2
3394 4
3395 6
3396 2
3397 3
3398 4
3399 5
3400 4
3401 4
3402 5
3403 6
3404 7
3405 5
3406 6
3407 7
3408 1
3409 3
3410 4
3411 6
3412 2
3413 3
3414 4
3415 5
3416 4
3417 4
3418 5
3419 6
3420 6
3421 5
3422 6
3423 7
3424 4
3425 4
3426 5
3427 7
3428 4
3429 4
3430 5
3431 6
3432 5
3433 5
3434 6
3435 7
3436 7
3437 5
3438 7
3439 8
3440 7
3441 5
3442 6
3443 8
3444 5
3445 4
3446 5
3447 7
3448 7
3449 5
3450 6
3451 7
3452 8
3453 6
3454 7
3455 8
3456 0
3457 3
3458 5
3459 7
3460 3
3461 4
3462 5
3463 6
3464 6
3465 5
3466 6
3467 7
3468 8
3469 6
3470 7
3471 8
3472 2
3473 3
3474 5
3475 6
3476 3
3477 4
3478 5
3479 6
3480 5
3481 4
3482 5
3483 7
3484 7
3485 5
3486 6
3487 7
3488 5
3489 5
3490 6
3491 8
3492 5
3493 4
3494 5
3495 6
3496 6
3497 5
3498 6
3499 7
3500 8
3501 6
3502 7
3503 8
3504 8
3505 6
3506 7
3507 9
3508 6
3509 5
3510 6
3511 7
3512 8
3513 6
3514 7
3515 8
3516 9
3517 7
3518 8
3519 9
3520 5
3521 4
3522 6
3523 8
3524 4
3525 4
3526 6
3527 7
3528 7
3529 5
3530 7
3531 8
3532 9
3533 7
3534 8
3535 9
3536 4
3537 4
3538 6
3539 7
3540 4
3541 4
3542 5
3543 6
3544 6
3545 5
3546 6
3547 7
3548 8
3549 6
3550 7
3551 8
3552 7
3553 5
3554 7
3555 8
3556 5
3557 5
3558 6
3559 7
3560 7
3561 6
3562 7
3563 8
3564 9
3565 7
3566 8
3567 9
3568 10
3569 6
3570 8
3571 9
3572 7
3573 6
3574 7
3575 8
3576 8
3577 7
3578 8
3579 9
3580 10
3581 8
3582 9
3583 10
3584 8
3585 5
3586 7
3587 9
3588 4
3589 4
3590 6
3591 7
3592 7
3593 6
3594 7
3595 8
3596 10
3597 7
3598 8
3599 10
3600 3
3601 4
3602 6
3603 8
3604 4
3605 4
3606 5
3607 6
3608 6
3609 5
3610 6
3611 7
3612 8
3613 6
3614 7
3615 8
3616 7
3617 6
3618 7
3619 9
3620 5
3621 5
3622 6
3623 7
3624 7
3625 6
3626 7
3627 8
3628 9
3629 7
3630 8
3631 9
3632 11
3633 7
3634 8
3635 10
3636 7
3637 6
3638 7
3639 8
3640 9
3641 7
3642 8
3643 9
3644 11
3645 8
3646 9
3647 10
3648 0
3649 3
3650 5
3651 7
3652 2
3653 3
3654 5
3655 6
3656 5
3657 4
3658 6
3659 7
3660 7
3661 6
3662 7
3663 8
3664 1
3665 3
3666 5
3667 6
3668 3
3669 3
3670 4
3671 5
3672 5
3673 4
3674 5
3675 6
3676 6
3677 5
3678 6
3679 7
3680 4
3681 4
3682 6
3683 7
3684 4
3685 4
3686 5
3687 6
3688 6
3689 5
3690 6
3691 7
3692 8
3693 6
3694 7
3695 8
3696 7
3697 5
3698 7
3699 8
3700 5
3701 5
3702 6
3703 7
3704 7
3705 6
3706 7
3707 8
3708 9
3709 7
3710 8
3711 9
3712 1
3713 4
3714 6
3715 8
3716 4
3717 4
3718 5
3719 7
3720 6
3721 5
3722 7
3723 8
3724 9
3725 6
3726 8
3727 9
3728 3
3729 4
3730 6
3731 7
3732 4
3733 4
3734 5
3735 6
3736 5
3737 5
3738 6
3739 7
3740 7
3741 6
3742 7
3743 8
3744 6
3745 5
3746 7
3747 8
3748 5
3749 5
3750 6
3751 7
3752 7
3753 6
3754 7
3755 8
3756 8
3757 7
3758 8
3759 9
3760 9
3761 6
3762 8
3763 9
3764 6
3765 6
3766 7
3767 8
3768 8
3769 7
3770 8
3771 9
3772 10
3773 7
3774 8
3775 9
3776 7
3777 5
3778 7
3779 9
3780 5
3781 5
3782 6
3783 7
3784 7
3785 6
3786 7
3787 9
3788 10
3789 7
3790 8
3791 10
3792 5
3793 5
3794 6
3795 8
3796 5
3797 5
3798 6
3799 7
3800 6
3801 6
3802 7
3803 8
3804 8
3805 7
3806 8
3807 9
3808 8
3809 6
3810 7
3811 9
3812 6
3813 6
3814 7
3815 8
3816 8
3817 6
3818 7
3819 8
3820 9
3821 7
3822 8
3823 9
3824 11
3825 7
3826 8
3827 10
3828 7
3829 6
3830 7
3831 8
3832 9
3833 7
3834 8
3835 9
3836 11
3837 8
3838 9
3839 10
3840 8
3841 6
3842 8
3843 10
3844 5
3845 5
3846 7
3847 8
3848 8
3849 7
3850 8
3851 9
3852 11
3853 8
3854 9
3855 11
3856 4
3857 5
3858 7
3859 8
3860 5
3861 5
3862 6
3863 7
3864 6
3865 6
3866 7
3867 8
3868 8
3869 7
3870 8
3871 9
3872 8
3873 6
3874 8
3875 10
3876 6
3877 6
3878 7
3879 8
3880 8
3881 7
3882 8
3883 9
3884 10
3885 8
3886 9
3887 10
3888 12
3889 8
3890 9
3891 11
3892 8
3893 7
3894 8
3895 9
3896 9
3897 8
3898 9
3899 10
3900 11
3901 9
3902 10
3903 11
3904 0
3905 4
3906 6
3907 8
3908 3
3909 4
3910 5
3911 7
3912 6
3913 5
3914 6
3915 8
3916 8
3917 6
3918 7
3919 9
3920 2
3921 4
3922 5
3923 7
3924 3
3925 4
3926 5
3927 6
3928 5
3929 5
3930 6
3931 7
3932 7
3933 6
3934 7
3935 8
3936 5
3937 5
3938 6
3939 8
3940 5
3941 5
3942 6
3943 7
3944 6
3945 6
3946 7
3947 8
3948 8
3949 7
3950 8
3951 9
3952 8
3953 6
3954 7
3955 9
3956 6
3957 6
3958 7
3959 8
3960 8
3961 6
3962 7
3963 8
3964 9
3965 7
3966 8
3967 9
3968 2
3969 5
3970 7
3971 9
3972 4
3973 5
3974 6
3975 7
3976 7
3977 6
3978 7
3979 8
3980 9
3981 7
3982 8
3983 10
3984 3
3985 5
3986 6
3987 8
3988 4
3989 5
3990 6
3991 7
3992 6
3993 6
3994 7
3995 8
3996 8
3997 6
3998 7
3999 8
4000 6
4001 6
4002 7
4003 9
4004 5
4005 5
4006 6
4007 7
4008 7
4009 6
4010 7
4011 8
4012 9
4013 7
4014 8
4015 9
4016 9
4017 7
4018 8
4019 10
4020 7
4021 6
4022 7
4023 8
4024 8
4025 7
4026 8
4027 9
4028 10
4029 8
4030 9
4031 10
4032 8
4033 6
4034 8
4035 10
4036 6
4037 6
4038 7
4039 8
4040 8
4041 7
4042 8
4043 9
4044 10
4045 8
4046 9
4047 10
4048 5
4049 5
4050 7
4051 8
4052 5
4053 5
4054 6
4055 7
4056 7
4057 6
4058 7
4059 8
4060 8
4061 7
4062 8
4063 9
4064 8
4065 6
4066 8
4067 9
4068 6
4069 6
4070 7
4071 8
4072 8
4073 7
4074 8
4075 9
4076 10
4077 8
4078 9
4079 10
4080 11
4081 8
4082 9
4083 11
4084 8
4085 7
4086 8
4087 9
4088 9
4089 8
4090 9
4091 10
4092 11
4093 9
4094 10
4095 11
