#CSC Slope LUT
#Structure is comparator code (iCC) -> Stub slope
#iCC bits: 12
#<header> v1.0 12 32 </header>
0 0
1 0
2 0
3 0
4 0
5 0
6 0
7 0
8 0
9 0
10 0
11 0
12 0
13 0
14 0
15 0
16 0
17 0
18 0
19 0
20 0
21 1.5
22 1
23 0.5
24 0
25 1.5
26 1
27 0.5
28 0
29 1.5
30 1
31 0.5
32 0
33 0
34 0
35 0
36 0
37 2
38 1.5
39 1
40 0
41 2
42 1.5
43 1
44 0
45 2
46 1.5
47 1
48 0
49 0
50 0
51 0
52 0
53 2.5
54 2
55 1.5
56 0
57 2.5
58 2
59 1.5
60 0
61 2.5
62 2
63 1.5
64 0
65 0
66 0
67 0
68 0
69 1.71429
70 1.42857
71 1.14286
72 0
73 1.64286
74 1.35714
75 1.07143
76 0
77 1.57143
78 1.28571
79 1
80 0
81 1.64286
82 1.28571
83 0.928569
84 2
85 1.7
86 1.4
87 1.1
88 1.5
89 1.6
90 1.3
91 1
92 1
93 1.5
94 1.2
95 0.9
96 0
97 1.71429
98 1.35714
99 0.999998
100 2
101 1.8
102 1.5
103 1.2
104 1.5
105 1.7
106 1.4
107 1.1
108 1
109 1.6
110 1.3
111 1
112 0
113 1.78571
114 1.42857
115 1.07143
116 2
117 1.9
118 1.6
119 1.3
120 1.5
121 1.8
122 1.5
123 1.2
124 1
125 1.7
126 1.4
127 1.1
128 0
129 0
130 0
131 0
132 0
133 2.07143
134 1.78571
135 1.5
136 0
137 2
138 1.71429
139 1.42857
140 0
141 1.92857
142 1.64286
143 1.35714
144 0
145 1.92857
146 1.57143
147 1.21429
148 2.5
149 2
150 1.7
151 1.4
152 2
153 1.9
154 1.6
155 1.3
156 1.5
157 1.8
158 1.5
159 1.2
160 0
161 2
162 1.64286
163 1.28571
164 2.5
165 2.1
166 1.8
167 1.5
168 2
169 2
170 1.7
171 1.4
172 1.5
173 1.9
174 1.6
175 1.3
176 0
177 2.07143
178 1.71429
179 1.35714
180 2.5
181 2.2
182 1.9
183 1.6
184 2
185 2.1
186 1.8
187 1.5
188 1.5
189 2
190 1.7
191 1.4
192 0
193 0
194 0
195 0
196 0
197 2.42857
198 2.14286
199 1.85714
200 0
201 2.35714
202 2.07143
203 1.78571
204 0
205 2.28571
206 2
207 1.71429
208 0
209 2.21429
210 1.85714
211 1.5
212 3
213 2.3
214 2
215 1.7
216 2.5
217 2.2
218 1.9
219 1.6
220 2
221 2.1
222 1.8
223 1.5
224 0
225 2.28571
226 1.92857
227 1.57143
228 3
229 2.4
230 2.1
231 1.8
232 2.5
233 2.3
234 2
235 1.7
236 2
237 2.2
238 1.9
239 1.6
240 0
241 2.35714
242 2
243 1.64286
244 3
245 2.5
246 2.2
247 1.9
248 2.5
249 2.4
250 2.1
251 1.8
252 2
253 2.3
254 2
255 1.7
256 0
257 0
258 0
259 0
260 0
261 1.80769
262 1.61538
263 1.42308
264 0
265 1.73077
266 1.53846
267 1.34615
268 0
269 1.65385
270 1.46154
271 1.26923
272 0
273 1.75
274 1.5
275 1.25
276 2
277 1.8
278 1.6
279 1.4
280 1.71429
281 1.71429
282 1.51429
283 1.31429
284 1.42857
285 1.62857
286 1.42857
287 1.22857
288 0
289 1.75
290 1.5
291 1.25
292 1.92857
293 1.82857
294 1.62857
295 1.42857
296 1.64286
297 1.74286
298 1.54286
299 1.34286
300 1.35714
301 1.65714
302 1.45714
303 1.25714
304 0
305 1.75
306 1.5
307 1.25
308 1.85714
309 1.85714
310 1.65714
311 1.45714
312 1.57143
313 1.77143
314 1.57143
315 1.37143
316 1.28571
317 1.68571
318 1.48571
319 1.28571
320 0
321 1.73077
322 1.46154
323 1.19231
324 2
325 1.8
326 1.6
327 1.4
328 1.64286
329 1.7
330 1.5
331 1.3
332 1.28571
333 1.6
334 1.4
335 1.2
336 2
337 1.74286
338 1.48571
339 1.22857
340 2
341 1.8
342 1.6
343 1.4
344 1.7
345 1.7
346 1.5
347 1.3
348 1.4
349 1.6
350 1.4
351 1.2
352 1.5
353 1.71429
354 1.45714
355 1.2
356 1.9
357 1.8
358 1.6
359 1.4
360 1.6
361 1.7
362 1.5
363 1.3
364 1.3
365 1.6
366 1.4
367 1.2
368 1
369 1.68571
370 1.42857
371 1.17143
372 1.8
373 1.8
374 1.6
375 1.4
376 1.5
377 1.7
378 1.5
379 1.3
380 1.2
381 1.6
382 1.4
383 1.2
384 0
385 1.80769
386 1.53846
387 1.26923
388 2.07143
389 1.9
390 1.7
391 1.5
392 1.71429
393 1.8
394 1.6
395 1.4
396 1.35714
397 1.7
398 1.5
399 1.3
400 2
401 1.82857
402 1.57143
403 1.31429
404 2.1
405 1.9
406 1.7
407 1.5
408 1.8
409 1.8
410 1.6
411 1.4
412 1.5
413 1.7
414 1.5
415 1.3
416 1.5
417 1.8
418 1.54286
419 1.28571
420 2
421 1.9
422 1.7
423 1.5
424 1.7
425 1.8
426 1.6
427 1.4
428 1.4
429 1.7
430 1.5
431 1.3
432 1
433 1.77143
434 1.51429
435 1.25714
436 1.9
437 1.9
438 1.7
439 1.5
440 1.6
441 1.8
442 1.6
443 1.4
444 1.3
445 1.7
446 1.5
447 1.3
448 0
449 1.88462
450 1.61538
451 1.34615
452 2.14286
453 2
454 1.8
455 1.6
456 1.78571
457 1.9
458 1.7
459 1.5
460 1.42857
461 1.8
462 1.6
463 1.4
464 2
465 1.91429
466 1.65714
467 1.4
468 2.2
469 2
470 1.8
471 1.6
472 1.9
473 1.9
474 1.7
475 1.5
476 1.6
477 1.8
478 1.6
479 1.4
480 1.5
481 1.88571
482 1.62857
483 1.37143
484 2.1
485 2
486 1.8
487 1.6
488 1.8
489 1.9
490 1.7
491 1.5
492 1.5
493 1.8
494 1.6
495 1.4
496 1
497 1.85714
498 1.6
499 1.34286
500 2
501 2
502 1.8
503 1.6
504 1.7
505 1.9
506 1.7
507 1.5
508 1.4
509 1.8
510 1.6
511 1.4
512 0
513 0
514 0
515 0
516 0
517 2.07692
518 1.88462
519 1.69231
520 0
521 2
522 1.80769
523 1.61538
524 0
525 1.92308
526 1.73077
527 1.53846
528 0
529 2
530 1.75
531 1.5
532 2.35714
533 2.05714
534 1.85714
535 1.65714
536 2.07143
537 1.97143
538 1.77143
539 1.57143
540 1.78571
541 1.88571
542 1.68571
543 1.48571
544 0
545 2
546 1.75
547 1.5
548 2.28571
549 2.08571
550 1.88571
551 1.68571
552 2
553 2
554 1.8
555 1.6
556 1.71429
557 1.91429
558 1.71429
559 1.51429
560 0
561 2
562 1.75
563 1.5
564 2.21429
565 2.11429
566 1.91429
567 1.71429
568 1.92857
569 2.02857
570 1.82857
571 1.62857
572 1.64286
573 1.94286
574 1.74286
575 1.54286
576 0
577 1.92308
578 1.65385
579 1.38462
580 2.28571
581 2
582 1.8
583 1.6
584 1.92857
585 1.9
586 1.7
587 1.5
588 1.57143
589 1.8
590 1.6
591 1.4
592 2.5
593 1.94286
594 1.68571
595 1.42857
596 2.3
597 2
598 1.8
599 1.6
600 2
601 1.9
602 1.7
603 1.5
604 1.7
605 1.8
606 1.6
607 1.4
608 2
609 1.91429
610 1.65714
611 1.4
612 2.2
613 2
614 1.8
615 1.6
616 1.9
617 1.9
618 1.7
619 1.5
620 1.6
621 1.8
622 1.6
623 1.4
624 1.5
625 1.88571
626 1.62857
627 1.37143
628 2.1
629 2
630 1.8
631 1.6
632 1.8
633 1.9
634 1.7
635 1.5
636 1.5
637 1.8
638 1.6
639 1.4
640 0
641 2
642 1.73077
643 1.46154
644 2.35714
645 2.1
646 1.9
647 1.7
648 2
649 2
650 1.8
651 1.6
652 1.64286
653 1.9
654 1.7
655 1.5
656 2.5
657 2.02857
658 1.77143
659 1.51429
660 2.4
661 2.1
662 1.9
663 1.7
664 2.1
665 2
666 1.8
667 1.6
668 1.8
669 1.9
670 1.7
671 1.5
672 2
673 2
674 1.74286
675 1.48571
676 2.3
677 2.1
678 1.9
679 1.7
680 2
681 2
682 1.8
683 1.6
684 1.7
685 1.9
686 1.7
687 1.5
688 1.5
689 1.97143
690 1.71429
691 1.45714
692 2.2
693 2.1
694 1.9
695 1.7
696 1.9
697 2
698 1.8
699 1.6
700 1.6
701 1.9
702 1.7
703 1.5
704 0
705 2.07692
706 1.80769
707 1.53846
708 2.42857
709 2.2
710 2
711 1.8
712 2.07143
713 2.1
714 1.9
715 1.7
716 1.71429
717 2
718 1.8
719 1.6
720 2.5
721 2.11429
722 1.85714
723 1.6
724 2.5
725 2.2
726 2
727 1.8
728 2.2
729 2.1
730 1.9
731 1.7
732 1.9
733 2
734 1.8
735 1.6
736 2
737 2.08571
738 1.82857
739 1.57143
740 2.4
741 2.2
742 2
743 1.8
744 2.1
745 2.1
746 1.9
747 1.7
748 1.8
749 2
750 1.8
751 1.6
752 1.5
753 2.05714
754 1.8
755 1.54286
756 2.3
757 2.2
758 2
759 1.8
760 2
761 2.1
762 1.9
763 1.7
764 1.7
765 2
766 1.8
767 1.6
768 0
769 0
770 0
771 0
772 0
773 2.34615
774 2.15385
775 1.96154
776 0
777 2.26923
778 2.07692
779 1.88462
780 0
781 2.19231
782 2
783 1.80769
784 0
785 2.25
786 2
787 1.75
788 2.71429
789 2.31429
790 2.11429
791 1.91429
792 2.42857
793 2.22857
794 2.02857
795 1.82857
796 2.14286
797 2.14286
798 1.94286
799 1.74286
800 0
801 2.25
802 2
803 1.75
804 2.64286
805 2.34286
806 2.14286
807 1.94286
808 2.35714
809 2.25714
810 2.05714
811 1.85714
812 2.07143
813 2.17143
814 1.97143
815 1.77143
816 0
817 2.25
818 2
819 1.75
820 2.57143
821 2.37143
822 2.17143
823 1.97143
824 2.28571
825 2.28571
826 2.08571
827 1.88571
828 2
829 2.2
830 2
831 1.8
832 0
833 2.11538
834 1.84615
835 1.57692
836 2.57143
837 2.2
838 2
839 1.8
840 2.21429
841 2.1
842 1.9
843 1.7
844 1.85714
845 2
846 1.8
847 1.6
848 3
849 2.14286
850 1.88571
851 1.62857
852 2.6
853 2.2
854 2
855 1.8
856 2.3
857 2.1
858 1.9
859 1.7
860 2
861 2
862 1.8
863 1.6
864 2.5
865 2.11429
866 1.85714
867 1.6
868 2.5
869 2.2
870 2
871 1.8
872 2.2
873 2.1
874 1.9
875 1.7
876 1.9
877 2
878 1.8
879 1.6
880 2
881 2.08571
882 1.82857
883 1.57143
884 2.4
885 2.2
886 2
887 1.8
888 2.1
889 2.1
890 1.9
891 1.7
892 1.8
893 2
894 1.8
895 1.6
896 0
897 2.19231
898 1.92308
899 1.65385
900 2.64286
901 2.3
902 2.1
903 1.9
904 2.28571
905 2.2
906 2
907 1.8
908 1.92857
909 2.1
910 1.9
911 1.7
912 3
913 2.22857
914 1.97143
915 1.71429
916 2.7
917 2.3
918 2.1
919 1.9
920 2.4
921 2.2
922 2
923 1.8
924 2.1
925 2.1
926 1.9
927 1.7
928 2.5
929 2.2
930 1.94286
931 1.68571
932 2.6
933 2.3
934 2.1
935 1.9
936 2.3
937 2.2
938 2
939 1.8
940 2
941 2.1
942 1.9
943 1.7
944 2
945 2.17143
946 1.91429
947 1.65714
948 2.5
949 2.3
950 2.1
951 1.9
952 2.2
953 2.2
954 2
955 1.8
956 1.9
957 2.1
958 1.9
959 1.7
960 0
961 2.26923
962 2
963 1.73077
964 2.71429
965 2.4
966 2.2
967 2
968 2.35714
969 2.3
970 2.1
971 1.9
972 2
973 2.2
974 2
975 1.8
976 3
977 2.31429
978 2.05714
979 1.8
980 2.8
981 2.4
982 2.2
983 2
984 2.5
985 2.3
986 2.1
987 1.9
988 2.2
989 2.2
990 2
991 1.8
992 2.5
993 2.28571
994 2.02857
995 1.77143
996 2.7
997 2.4
998 2.2
999 2
1000 2.4
1001 2.3
1002 2.1
1003 1.9
1004 2.1
1005 2.2
1006 2
1007 1.8
1008 2
1009 2.25714
1010 2
1011 1.74286
1012 2.6
1013 2.4
1014 2.2
1015 2
1016 2.3
1017 2.3
1018 2.1
1019 1.9
1020 2
1021 2.2
1022 2
1023 1.8
1024 0
1025 0
1026 0
1027 0
1028 0
1029 1.64286
1030 1.5
1031 1.35714
1032 0
1033 1.57143
1034 1.42857
1035 1.28571
1036 0
1037 1.5
1038 1.35714
1039 1.21429
1040 0
1041 1.60526
1042 1.42105
1043 1.23684
1044 1.73077
1045 1.64286
1046 1.5
1047 1.35714
1048 1.53846
1049 1.57143
1050 1.42857
1051 1.28571
1052 1.34615
1053 1.5
1054 1.35714
1055 1.21429
1056 0
1057 1.57895
1058 1.39474
1059 1.21053
1060 1.65385
1061 1.64286
1062 1.5
1063 1.35714
1064 1.46154
1065 1.57143
1066 1.42857
1067 1.28571
1068 1.26923
1069 1.5
1070 1.35714
1071 1.21429
1072 0
1073 1.55263
1074 1.36842
1075 1.18421
1076 1.57692
1077 1.64286
1078 1.5
1079 1.35714
1080 1.38462
1081 1.57143
1082 1.42857
1083 1.28571
1084 1.19231
1085 1.5
1086 1.35714
1087 1.21429
1088 0
1089 1.60526
1090 1.39474
1091 1.18421
1092 1.75
1093 1.66102
1094 1.50847
1095 1.35593
1096 1.5
1097 1.57627
1098 1.42373
1099 1.27119
1100 1.25
1101 1.49153
1102 1.33898
1103 1.18644
1104 1.64286
1105 1.61538
1106 1.42308
1107 1.23077
1108 1.74286
1109 1.66216
1110 1.51351
1111 1.36486
1112 1.54286
1113 1.58108
1114 1.43243
1115 1.28378
1116 1.34286
1117 1.5
1118 1.35135
1119 1.2027
1120 1.35714
1121 1.57692
1122 1.38462
1123 1.19231
1124 1.65714
1125 1.64865
1126 1.5
1127 1.35135
1128 1.45714
1129 1.56757
1130 1.41892
1131 1.27027
1132 1.25714
1133 1.48649
1134 1.33784
1135 1.18919
1136 1.07143
1137 1.53846
1138 1.34615
1139 1.15385
1140 1.57143
1141 1.63514
1142 1.48649
1143 1.33784
1144 1.37143
1145 1.55405
1146 1.40541
1147 1.25676
1148 1.17143
1149 1.47297
1150 1.32432
1151 1.17568
1152 0
1153 1.63158
1154 1.42105
1155 1.21053
1156 1.75
1157 1.71186
1158 1.55932
1159 1.40678
1160 1.5
1161 1.62712
1162 1.47458
1163 1.32203
1164 1.25
1165 1.54237
1166 1.38983
1167 1.23729
1168 1.57143
1169 1.65385
1170 1.46154
1171 1.26923
1172 1.77143
1173 1.71622
1174 1.56757
1175 1.41892
1176 1.57143
1177 1.63514
1178 1.48649
1179 1.33784
1180 1.37143
1181 1.55405
1182 1.40541
1183 1.25676
1184 1.28571
1185 1.61538
1186 1.42308
1187 1.23077
1188 1.68571
1189 1.7027
1190 1.55405
1191 1.40541
1192 1.48571
1193 1.62162
1194 1.47297
1195 1.32432
1196 1.28571
1197 1.54054
1198 1.39189
1199 1.24324
1200 1
1201 1.57692
1202 1.38462
1203 1.19231
1204 1.6
1205 1.68919
1206 1.54054
1207 1.39189
1208 1.4
1209 1.60811
1210 1.45946
1211 1.31081
1212 1.2
1213 1.52703
1214 1.37838
1215 1.22973
1216 0
1217 1.65789
1218 1.44737
1219 1.23684
1220 1.75
1221 1.76271
1222 1.61017
1223 1.45763
1224 1.5
1225 1.67797
1226 1.52542
1227 1.37288
1228 1.25
1229 1.59322
1230 1.44068
1231 1.28814
1232 1.5
1233 1.69231
1234 1.5
1235 1.30769
1236 1.8
1237 1.77027
1238 1.62162
1239 1.47297
1240 1.6
1241 1.68919
1242 1.54054
1243 1.39189
1244 1.4
1245 1.60811
1246 1.45946
1247 1.31081
1248 1.21429
1249 1.65385
1250 1.46154
1251 1.26923
1252 1.71429
1253 1.75676
1254 1.60811
1255 1.45946
1256 1.51429
1257 1.67568
1258 1.52703
1259 1.37838
1260 1.31429
1261 1.59459
1262 1.44595
1263 1.2973
1264 0.928571
1265 1.61538
1266 1.42308
1267 1.23077
1268 1.62857
1269 1.74324
1270 1.59459
1271 1.44595
1272 1.42857
1273 1.66216
1274 1.51351
1275 1.36486
1276 1.22857
1277 1.58108
1278 1.43243
1279 1.28378
1280 0
1281 1.64286
1282 1.42857
1283 1.21429
1284 1.80769
1285 1.70588
1286 1.55882
1287 1.41176
1288 1.53846
1289 1.61765
1290 1.47059
1291 1.32353
1292 1.26923
1293 1.52941
1294 1.38235
1295 1.23529
1296 1.71429
1297 1.66102
1298 1.47458
1299 1.28814
1300 1.8
1301 1.7093
1302 1.56977
1303 1.43023
1304 1.6
1305 1.62791
1306 1.48837
1307 1.34884
1308 1.4
1309 1.54651
1310 1.40698
1311 1.26744
1312 1.35714
1313 1.61017
1314 1.42373
1315 1.23729
1316 1.7
1317 1.68605
1318 1.54651
1319 1.40698
1320 1.5
1321 1.60465
1322 1.46512
1323 1.32558
1324 1.3
1325 1.52326
1326 1.38372
1327 1.24419
1328 1
1329 1.55932
1330 1.37288
1331 1.18644
1332 1.6
1333 1.66279
1334 1.52326
1335 1.38372
1336 1.4
1337 1.5814
1338 1.44186
1339 1.30233
1340 1.2
1341 1.5
1342 1.36047
1343 1.22093
1344 1.5
1345 1.64286
1346 1.42857
1347 1.21429
1348 1.8
1349 1.7093
1350 1.55814
1351 1.40698
1352 1.54286
1353 1.61628
1354 1.46512
1355 1.31395
1356 1.28571
1357 1.52326
1358 1.37209
1359 1.22093
1360 1.70004
1361 1.66216
1362 1.47297
1363 1.28378
1364 1.8
1365 1.71429
1366 1.57143
1367 1.42857
1368 1.6
1369 1.62857
1370 1.48571
1371 1.34286
1372 1.4
1373 1.54286
1374 1.4
1375 1.25714
1376 1.4
1377 1.60811
1378 1.41892
1379 1.22973
1380 1.7
1381 1.68571
1382 1.54286
1383 1.4
1384 1.5
1385 1.6
1386 1.45714
1387 1.31429
1388 1.3
1389 1.51429
1390 1.37143
1391 1.22857
1392 1.1
1393 1.55405
1394 1.36486
1395 1.17568
1396 1.6
1397 1.65714
1398 1.51429
1399 1.37143
1400 1.4
1401 1.57143
1402 1.42857
1403 1.28571
1404 1.2
1405 1.48571
1406 1.34286
1407 1.2
1408 1
1409 1.64286
1410 1.42857
1411 1.21429
1412 1.77143
1413 1.73256
1414 1.5814
1415 1.43023
1416 1.51429
1417 1.63953
1418 1.48837
1419 1.33721
1420 1.25714
1421 1.54651
1422 1.39535
1423 1.24419
1424 1.6
1425 1.67568
1426 1.48649
1427 1.2973
1428 1.8
1429 1.74286
1430 1.6
1431 1.45714
1432 1.6
1433 1.65714
1434 1.51429
1435 1.37143
1436 1.4
1437 1.57143
1438 1.42857
1439 1.28571
1440 1.3
1441 1.62162
1442 1.43243
1443 1.24324
1444 1.7
1445 1.71429
1446 1.57143
1447 1.42857
1448 1.5
1449 1.62857
1450 1.48571
1451 1.34286
1452 1.3
1453 1.54286
1454 1.4
1455 1.25714
1456 1
1457 1.56757
1458 1.37838
1459 1.18919
1460 1.6
1461 1.68571
1462 1.54286
1463 1.4
1464 1.4
1465 1.6
1466 1.45714
1467 1.31429
1468 1.2
1469 1.51429
1470 1.37143
1471 1.22857
1472 0.5
1473 1.64286
1474 1.42857
1475 1.21429
1476 1.74286
1477 1.75581
1478 1.60465
1479 1.45349
1480 1.48571
1481 1.66279
1482 1.51163
1483 1.36047
1484 1.22857
1485 1.56977
1486 1.4186
1487 1.26744
1488 1.5
1489 1.68919
1490 1.5
1491 1.31081
1492 1.8
1493 1.77143
1494 1.62857
1495 1.48571
1496 1.6
1497 1.68571
1498 1.54286
1499 1.4
1500 1.4
1501 1.6
1502 1.45714
1503 1.31429
1504 1.2
1505 1.63514
1506 1.44595
1507 1.25676
1508 1.7
1509 1.74286
1510 1.6
1511 1.45714
1512 1.5
1513 1.65714
1514 1.51429
1515 1.37143
1516 1.3
1517 1.57143
1518 1.42857
1519 1.28571
1520 0.9
1521 1.58108
1522 1.39189
1523 1.2027
1524 1.6
1525 1.71429
1526 1.57143
1527 1.42857
1528 1.4
1529 1.62857
1530 1.48571
1531 1.34286
1532 1.2
1533 1.54286
1534 1.4
1535 1.25714
1536 0
1537 1.71429
1538 1.5
1539 1.28571
1540 1.88462
1541 1.79412
1542 1.64706
1543 1.5
1544 1.61538
1545 1.70588
1546 1.55882
1547 1.41176
1548 1.34615
1549 1.61765
1550 1.47059
1551 1.32353
1552 1.78571
1553 1.74576
1554 1.55932
1555 1.37288
1556 1.9
1557 1.80233
1558 1.66279
1559 1.52326
1560 1.7
1561 1.72093
1562 1.5814
1563 1.44186
1564 1.5
1565 1.63953
1566 1.5
1567 1.36047
1568 1.42857
1569 1.69492
1570 1.50847
1571 1.32203
1572 1.8
1573 1.77907
1574 1.63953
1575 1.5
1576 1.6
1577 1.69767
1578 1.55814
1579 1.4186
1580 1.4
1581 1.61628
1582 1.47674
1583 1.33721
1584 1.07143
1585 1.64407
1586 1.45763
1587 1.27119
1588 1.7
1589 1.75581
1590 1.61628
1591 1.47674
1592 1.5
1593 1.67442
1594 1.53488
1595 1.39535
1596 1.3
1597 1.59302
1598 1.45349
1599 1.31395
1600 1.5
1601 1.71429
1602 1.5
1603 1.28571
1604 1.88571
1605 1.7907
1606 1.63953
1607 1.48837
1608 1.62857
1609 1.69767
1610 1.54651
1611 1.39535
1612 1.37143
1613 1.60465
1614 1.45349
1615 1.30233
1616 1.79986
1617 1.74324
1618 1.55405
1619 1.36486
1620 1.9
1621 1.8
1622 1.65714
1623 1.51429
1624 1.7
1625 1.71429
1626 1.57143
1627 1.42857
1628 1.5
1629 1.62857
1630 1.48571
1631 1.34286
1632 1.5
1633 1.68919
1634 1.5
1635 1.31081
1636 1.8
1637 1.77143
1638 1.62857
1639 1.48571
1640 1.6
1641 1.68571
1642 1.54286
1643 1.4
1644 1.4
1645 1.6
1646 1.45714
1647 1.31429
1648 1.2
1649 1.63514
1650 1.44595
1651 1.25676
1652 1.7
1653 1.74286
1654 1.6
1655 1.45714
1656 1.5
1657 1.65714
1658 1.51429
1659 1.37143
1660 1.3
1661 1.57143
1662 1.42857
1663 1.28571
1664 1
1665 1.71429
1666 1.5
1667 1.28571
1668 1.85714
1669 1.81395
1670 1.66279
1671 1.51163
1672 1.6
1673 1.72093
1674 1.56977
1675 1.4186
1676 1.34286
1677 1.62791
1678 1.47674
1679 1.32558
1680 1.7
1681 1.75676
1682 1.56757
1683 1.37838
1684 1.9
1685 1.82857
1686 1.68571
1687 1.54286
1688 1.7
1689 1.74286
1690 1.6
1691 1.45714
1692 1.5
1693 1.65714
1694 1.51429
1695 1.37143
1696 1.4
1697 1.7027
1698 1.51351
1699 1.32432
1700 1.8
1701 1.8
1702 1.65714
1703 1.51429
1704 1.6
1705 1.71429
1706 1.57143
1707 1.42857
1708 1.4
1709 1.62857
1710 1.48571
1711 1.34286
1712 1.1
1713 1.64865
1714 1.45946
1715 1.27027
1716 1.7
1717 1.77143
1718 1.62857
1719 1.48571
1720 1.5
1721 1.68571
1722 1.54286
1723 1.4
1724 1.3
1725 1.6
1726 1.45714
1727 1.31429
1728 0.5
1729 1.71429
1730 1.5
1731 1.28571
1732 1.82857
1733 1.83721
1734 1.68605
1735 1.53488
1736 1.57143
1737 1.74419
1738 1.59302
1739 1.44186
1740 1.31429
1741 1.65116
1742 1.5
1743 1.34884
1744 1.6
1745 1.77027
1746 1.58108
1747 1.39189
1748 1.9
1749 1.85714
1750 1.71429
1751 1.57143
1752 1.7
1753 1.77143
1754 1.62857
1755 1.48571
1756 1.5
1757 1.68571
1758 1.54286
1759 1.4
1760 1.3
1761 1.71622
1762 1.52703
1763 1.33784
1764 1.8
1765 1.82857
1766 1.68571
1767 1.54286
1768 1.6
1769 1.74286
1770 1.6
1771 1.45714
1772 1.4
1773 1.65714
1774 1.51429
1775 1.37143
1776 1
1777 1.66216
1778 1.47297
1779 1.28378
1780 1.7
1781 1.8
1782 1.65714
1783 1.51429
1784 1.5
1785 1.71429
1786 1.57143
1787 1.42857
1788 1.3
1789 1.62857
1790 1.48571
1791 1.34286
1792 0
1793 1.78571
1794 1.57143
1795 1.35714
1796 1.96154
1797 1.88235
1798 1.73529
1799 1.58824
1800 1.69231
1801 1.79412
1802 1.64706
1803 1.5
1804 1.42308
1805 1.70588
1806 1.55882
1807 1.41176
1808 1.85714
1809 1.83051
1810 1.64407
1811 1.45763
1812 2
1813 1.89535
1814 1.75581
1815 1.61628
1816 1.8
1817 1.81395
1818 1.67442
1819 1.53488
1820 1.6
1821 1.73256
1822 1.59302
1823 1.45349
1824 1.5
1825 1.77966
1826 1.59322
1827 1.40678
1828 1.9
1829 1.87209
1830 1.73256
1831 1.59302
1832 1.7
1833 1.7907
1834 1.65116
1835 1.51163
1836 1.5
1837 1.7093
1838 1.56977
1839 1.43023
1840 1.14286
1841 1.72881
1842 1.54237
1843 1.35593
1844 1.8
1845 1.84884
1846 1.7093
1847 1.56977
1848 1.6
1849 1.76744
1850 1.62791
1851 1.48837
1852 1.4
1853 1.68605
1854 1.54651
1855 1.40698
1856 1.5
1857 1.78571
1858 1.57143
1859 1.35714
1860 1.97143
1861 1.87209
1862 1.72093
1863 1.56977
1864 1.71429
1865 1.77907
1866 1.62791
1867 1.47674
1868 1.45714
1869 1.68605
1870 1.53488
1871 1.38372
1872 1.9
1873 1.82432
1874 1.63514
1875 1.44595
1876 2
1877 1.88571
1878 1.74286
1879 1.6
1880 1.8
1881 1.8
1882 1.65714
1883 1.51429
1884 1.6
1885 1.71429
1886 1.57143
1887 1.42857
1888 1.6
1889 1.77027
1890 1.58108
1891 1.39189
1892 1.9
1893 1.85714
1894 1.71429
1895 1.57143
1896 1.7
1897 1.77143
1898 1.62857
1899 1.48571
1900 1.5
1901 1.68571
1902 1.54286
1903 1.4
1904 1.3
1905 1.71622
1906 1.52703
1907 1.33784
1908 1.8
1909 1.82857
1910 1.68571
1911 1.54286
1912 1.6
1913 1.74286
1914 1.6
1915 1.45714
1916 1.4
1917 1.65714
1918 1.51429
1919 1.37143
1920 1
1921 1.78571
1922 1.57143
1923 1.35714
1924 1.94286
1925 1.89535
1926 1.74419
1927 1.59302
1928 1.68571
1929 1.80233
1930 1.65116
1931 1.5
1932 1.42857
1933 1.7093
1934 1.55814
1935 1.40698
1936 1.8
1937 1.83784
1938 1.64865
1939 1.45946
1940 2
1941 1.91429
1942 1.77143
1943 1.62857
1944 1.8
1945 1.82857
1946 1.68571
1947 1.54286
1948 1.6
1949 1.74286
1950 1.6
1951 1.45714
1952 1.5
1953 1.78378
1954 1.59459
1955 1.40541
1956 1.9
1957 1.88571
1958 1.74286
1959 1.6
1960 1.7
1961 1.8
1962 1.65714
1963 1.51429
1964 1.5
1965 1.71429
1966 1.57143
1967 1.42857
1968 1.2
1969 1.72973
1970 1.54054
1971 1.35135
1972 1.8
1973 1.85714
1974 1.71429
1975 1.57143
1976 1.6
1977 1.77143
1978 1.62857
1979 1.48571
1980 1.4
1981 1.68571
1982 1.54286
1983 1.4
1984 0.5
1985 1.78571
1986 1.57143
1987 1.35714
1988 1.91429
1989 1.9186
1990 1.76744
1991 1.61628
1992 1.65714
1993 1.82558
1994 1.67442
1995 1.52326
1996 1.4
1997 1.73256
1998 1.5814
1999 1.43023
2000 1.7
2001 1.85135
2002 1.66216
2003 1.47297
2004 2
2005 1.94286
2006 1.8
2007 1.65714
2008 1.8
2009 1.85714
2010 1.71429
2011 1.57143
2012 1.6
2013 1.77143
2014 1.62857
2015 1.48571
2016 1.4
2017 1.7973
2018 1.60811
2019 1.41892
2020 1.9
2021 1.91429
2022 1.77143
2023 1.62857
2024 1.7
2025 1.82857
2026 1.68571
2027 1.54286
2028 1.5
2029 1.74286
2030 1.6
2031 1.45714
2032 1.1
2033 1.74324
2034 1.55405
2035 1.36486
2036 1.8
2037 1.88571
2038 1.74286
2039 1.6
2040 1.6
2041 1.8
2042 1.65714
2043 1.51429
2044 1.4
2045 1.71429
2046 1.57143
2047 1.42857
2048 0
2049 0
2050 0
2051 0
2052 0
2053 1.85714
2054 1.71429
2055 1.57143
2056 0
2057 1.78571
2058 1.64286
2059 1.5
2060 0
2061 1.71429
2062 1.57143
2063 1.42857
2064 0
2065 1.81579
2066 1.63158
2067 1.44737
2068 2
2069 1.85714
2070 1.71429
2071 1.57143
2072 1.80769
2073 1.78571
2074 1.64286
2075 1.5
2076 1.61538
2077 1.71429
2078 1.57143
2079 1.42857
2080 0
2081 1.78947
2082 1.60526
2083 1.42105
2084 1.92308
2085 1.85714
2086 1.71429
2087 1.57143
2088 1.73077
2089 1.78571
2090 1.64286
2091 1.5
2092 1.53846
2093 1.71429
2094 1.57143
2095 1.42857
2096 0
2097 1.76316
2098 1.57895
2099 1.39474
2100 1.84615
2101 1.85714
2102 1.71429
2103 1.57143
2104 1.65385
2105 1.78571
2106 1.64286
2107 1.5
2108 1.46154
2109 1.71429
2110 1.57143
2111 1.42857
2112 0
2113 1.78947
2114 1.57895
2115 1.36842
2116 2
2117 1.84746
2118 1.69492
2119 1.54237
2120 1.75
2121 1.76271
2122 1.61017
2123 1.45763
2124 1.5
2125 1.67797
2126 1.52542
2127 1.37288
2128 2
2129 1.80769
2130 1.61538
2131 1.42308
2132 2
2133 1.85135
2134 1.7027
2135 1.55405
2136 1.8
2137 1.77027
2138 1.62162
2139 1.47297
2140 1.6
2141 1.68919
2142 1.54054
2143 1.39189
2144 1.71429
2145 1.76923
2146 1.57692
2147 1.38462
2148 1.91429
2149 1.83784
2150 1.68919
2151 1.54054
2152 1.71429
2153 1.75676
2154 1.60811
2155 1.45946
2156 1.51429
2157 1.67568
2158 1.52703
2159 1.37838
2160 1.42857
2161 1.73077
2162 1.53846
2163 1.34615
2164 1.82857
2165 1.82432
2166 1.67568
2167 1.52703
2168 1.62857
2169 1.74324
2170 1.59459
2171 1.44595
2172 1.42857
2173 1.66216
2174 1.51351
2175 1.36486
2176 0
2177 1.81579
2178 1.60526
2179 1.39474
2180 2
2181 1.89831
2182 1.74576
2183 1.59322
2184 1.75
2185 1.81356
2186 1.66102
2187 1.50847
2188 1.5
2189 1.72881
2190 1.57627
2191 1.42373
2192 1.92857
2193 1.84615
2194 1.65385
2195 1.46154
2196 2.02857
2197 1.90541
2198 1.75676
2199 1.60811
2200 1.82857
2201 1.82432
2202 1.67568
2203 1.52703
2204 1.62857
2205 1.74324
2206 1.59459
2207 1.44595
2208 1.64286
2209 1.80769
2210 1.61538
2211 1.42308
2212 1.94286
2213 1.89189
2214 1.74324
2215 1.59459
2216 1.74286
2217 1.81081
2218 1.66216
2219 1.51351
2220 1.54286
2221 1.72973
2222 1.58108
2223 1.43243
2224 1.35714
2225 1.76923
2226 1.57692
2227 1.38462
2228 1.85714
2229 1.87838
2230 1.72973
2231 1.58108
2232 1.65714
2233 1.7973
2234 1.64865
2235 1.5
2236 1.45714
2237 1.71622
2238 1.56757
2239 1.41892
2240 0
2241 1.84211
2242 1.63158
2243 1.42105
2244 2
2245 1.94915
2246 1.79661
2247 1.64407
2248 1.75
2249 1.86441
2250 1.71186
2251 1.55932
2252 1.5
2253 1.77966
2254 1.62712
2255 1.47458
2256 1.85714
2257 1.88462
2258 1.69231
2259 1.5
2260 2.05714
2261 1.95946
2262 1.81081
2263 1.66216
2264 1.85714
2265 1.87838
2266 1.72973
2267 1.58108
2268 1.65714
2269 1.7973
2270 1.64865
2271 1.5
2272 1.57143
2273 1.84615
2274 1.65385
2275 1.46154
2276 1.97143
2277 1.94595
2278 1.7973
2279 1.64865
2280 1.77143
2281 1.86486
2282 1.71622
2283 1.56757
2284 1.57143
2285 1.78378
2286 1.63514
2287 1.48649
2288 1.28571
2289 1.80769
2290 1.61538
2291 1.42308
2292 1.88571
2293 1.93243
2294 1.78378
2295 1.63514
2296 1.68571
2297 1.85135
2298 1.7027
2299 1.55405
2300 1.48571
2301 1.77027
2302 1.62162
2303 1.47297
2304 0
2305 1.78571
2306 1.57143
2307 1.35714
2308 2
2309 1.85294
2310 1.70588
2311 1.55882
2312 1.73077
2313 1.76471
2314 1.61765
2315 1.47059
2316 1.46154
2317 1.67647
2318 1.52941
2319 1.38235
2320 2
2321 1.81356
2322 1.62712
2323 1.44068
2324 2
2325 1.86047
2326 1.72093
2327 1.5814
2328 1.8
2329 1.77907
2330 1.63953
2331 1.5
2332 1.6
2333 1.69767
2334 1.55814
2335 1.4186
2336 1.64286
2337 1.76271
2338 1.57627
2339 1.38983
2340 1.9
2341 1.83721
2342 1.69767
2343 1.55814
2344 1.7
2345 1.75581
2346 1.61628
2347 1.47674
2348 1.5
2349 1.67442
2350 1.53488
2351 1.39535
2352 1.28571
2353 1.71186
2354 1.52542
2355 1.33898
2356 1.8
2357 1.81395
2358 1.67442
2359 1.53488
2360 1.6
2361 1.73256
2362 1.59302
2363 1.45349
2364 1.4
2365 1.65116
2366 1.51163
2367 1.37209
2368 2
2369 1.78571
2370 1.57143
2371 1.35714
2372 2
2373 1.84884
2374 1.69767
2375 1.54651
2376 1.74286
2377 1.75581
2378 1.60465
2379 1.45349
2380 1.48571
2381 1.66279
2382 1.51163
2383 1.36047
2384 2
2385 1.81081
2386 1.62162
2387 1.43243
2388 2
2389 1.85714
2390 1.71429
2391 1.57143
2392 1.8
2393 1.77143
2394 1.62857
2395 1.48571
2396 1.6
2397 1.68571
2398 1.54286
2399 1.4
2400 1.7
2401 1.75676
2402 1.56757
2403 1.37838
2404 1.9
2405 1.82857
2406 1.68571
2407 1.54286
2408 1.7
2409 1.74286
2410 1.6
2411 1.45714
2412 1.5
2413 1.65714
2414 1.51429
2415 1.37143
2416 1.4
2417 1.7027
2418 1.51351
2419 1.32432
2420 1.8
2421 1.8
2422 1.65714
2423 1.51429
2424 1.6
2425 1.71429
2426 1.57143
2427 1.42857
2428 1.4
2429 1.62857
2430 1.48571
2431 1.34286
2432 1.5
2433 1.78571
2434 1.57143
2435 1.35714
2436 1.97143
2437 1.87209
2438 1.72093
2439 1.56977
2440 1.71429
2441 1.77907
2442 1.62791
2443 1.47674
2444 1.45714
2445 1.68605
2446 1.53488
2447 1.38372
2448 1.9
2449 1.82432
2450 1.63514
2451 1.44595
2452 2
2453 1.88571
2454 1.74286
2455 1.6
2456 1.8
2457 1.8
2458 1.65714
2459 1.51429
2460 1.6
2461 1.71429
2462 1.57143
2463 1.42857
2464 1.6
2465 1.77027
2466 1.58108
2467 1.39189
2468 1.9
2469 1.85714
2470 1.71429
2471 1.57143
2472 1.7
2473 1.77143
2474 1.62857
2475 1.48571
2476 1.5
2477 1.68571
2478 1.54286
2479 1.4
2480 1.3
2481 1.71622
2482 1.52703
2483 1.33784
2484 1.8
2485 1.82857
2486 1.68571
2487 1.54286
2488 1.6
2489 1.74286
2490 1.6
2491 1.45714
2492 1.4
2493 1.65714
2494 1.51429
2495 1.37143
2496 1
2497 1.78571
2498 1.57143
2499 1.35714
2500 1.94286
2501 1.89535
2502 1.74419
2503 1.59302
2504 1.68571
2505 1.80233
2506 1.65116
2507 1.5
2508 1.42857
2509 1.7093
2510 1.55814
2511 1.40698
2512 1.8
2513 1.83784
2514 1.64865
2515 1.45946
2516 2
2517 1.91429
2518 1.77143
2519 1.62857
2520 1.8
2521 1.82857
2522 1.68571
2523 1.54286
2524 1.6
2525 1.74286
2526 1.6
2527 1.45714
2528 1.5
2529 1.78378
2530 1.59459
2531 1.40541
2532 1.9
2533 1.88571
2534 1.74286
2535 1.6
2536 1.7
2537 1.8
2538 1.65714
2539 1.51429
2540 1.5
2541 1.71429
2542 1.57143
2543 1.42857
2544 1.2
2545 1.72973
2546 1.54054
2547 1.35135
2548 1.8
2549 1.85714
2550 1.71429
2551 1.57143
2552 1.6
2553 1.77143
2554 1.62857
2555 1.48571
2556 1.4
2557 1.68571
2558 1.54286
2559 1.4
2560 0
2561 1.85714
2562 1.64286
2563 1.42857
2564 2.07692
2565 1.94118
2566 1.79412
2567 1.64706
2568 1.80769
2569 1.85294
2570 1.70588
2571 1.55882
2572 1.53846
2573 1.76471
2574 1.61765
2575 1.47059
2576 2.07143
2577 1.89831
2578 1.71186
2579 1.52542
2580 2.1
2581 1.95349
2582 1.81395
2583 1.67442
2584 1.9
2585 1.87209
2586 1.73256
2587 1.59302
2588 1.7
2589 1.7907
2590 1.65116
2591 1.51163
2592 1.71429
2593 1.84746
2594 1.66102
2595 1.47458
2596 2
2597 1.93023
2598 1.7907
2599 1.65116
2600 1.8
2601 1.84884
2602 1.7093
2603 1.56977
2604 1.6
2605 1.76744
2606 1.62791
2607 1.48837
2608 1.35714
2609 1.79661
2610 1.61017
2611 1.42373
2612 1.9
2613 1.90698
2614 1.76744
2615 1.62791
2616 1.7
2617 1.82558
2618 1.68605
2619 1.54651
2620 1.5
2621 1.74419
2622 1.60465
2623 1.46512
2624 2
2625 1.85714
2626 1.64286
2627 1.42857
2628 2.08571
2629 1.93023
2630 1.77907
2631 1.62791
2632 1.82857
2633 1.83721
2634 1.68605
2635 1.53488
2636 1.57143
2637 1.74419
2638 1.59302
2639 1.44186
2640 2.1
2641 1.89189
2642 1.7027
2643 1.51351
2644 2.1
2645 1.94286
2646 1.8
2647 1.65714
2648 1.9
2649 1.85714
2650 1.71429
2651 1.57143
2652 1.7
2653 1.77143
2654 1.62857
2655 1.48571
2656 1.8
2657 1.83784
2658 1.64865
2659 1.45946
2660 2
2661 1.91429
2662 1.77143
2663 1.62857
2664 1.8
2665 1.82857
2666 1.68571
2667 1.54286
2668 1.6
2669 1.74286
2670 1.6
2671 1.45714
2672 1.5
2673 1.78378
2674 1.59459
2675 1.40541
2676 1.9
2677 1.88571
2678 1.74286
2679 1.6
2680 1.7
2681 1.8
2682 1.65714
2683 1.51429
2684 1.5
2685 1.71429
2686 1.57143
2687 1.42857
2688 1.5
2689 1.85714
2690 1.64286
2691 1.42857
2692 2.05714
2693 1.95349
2694 1.80233
2695 1.65116
2696 1.8
2697 1.86047
2698 1.7093
2699 1.55814
2700 1.54286
2701 1.76744
2702 1.61628
2703 1.46512
2704 2
2705 1.90541
2706 1.71622
2707 1.52703
2708 2.1
2709 1.97143
2710 1.82857
2711 1.68571
2712 1.9
2713 1.88571
2714 1.74286
2715 1.6
2716 1.7
2717 1.8
2718 1.65714
2719 1.51429
2720 1.7
2721 1.85135
2722 1.66216
2723 1.47297
2724 2
2725 1.94286
2726 1.8
2727 1.65714
2728 1.8
2729 1.85714
2730 1.71429
2731 1.57143
2732 1.6
2733 1.77143
2734 1.62857
2735 1.48571
2736 1.4
2737 1.7973
2738 1.60811
2739 1.41892
2740 1.9
2741 1.91429
2742 1.77143
2743 1.62857
2744 1.7
2745 1.82857
2746 1.68571
2747 1.54286
2748 1.5
2749 1.74286
2750 1.6
2751 1.45714
2752 1
2753 1.85714
2754 1.64286
2755 1.42857
2756 2.02857
2757 1.97674
2758 1.82558
2759 1.67442
2760 1.77143
2761 1.88372
2762 1.73256
2763 1.5814
2764 1.51429
2765 1.7907
2766 1.63953
2767 1.48837
2768 1.9
2769 1.91892
2770 1.72973
2771 1.54054
2772 2.1
2773 2
2774 1.85714
2775 1.71429
2776 1.9
2777 1.91429
2778 1.77143
2779 1.62857
2780 1.7
2781 1.82857
2782 1.68571
2783 1.54286
2784 1.6
2785 1.86486
2786 1.67568
2787 1.48649
2788 2
2789 1.97143
2790 1.82857
2791 1.68571
2792 1.8
2793 1.88571
2794 1.74286
2795 1.6
2796 1.6
2797 1.8
2798 1.65714
2799 1.51429
2800 1.3
2801 1.81081
2802 1.62162
2803 1.43243
2804 1.9
2805 1.94286
2806 1.8
2807 1.65714
2808 1.7
2809 1.85714
2810 1.71429
2811 1.57143
2812 1.5
2813 1.77143
2814 1.62857
2815 1.48571
2816 0
2817 1.92857
2818 1.71429
2819 1.5
2820 2.15385
2821 2.02941
2822 1.88235
2823 1.73529
2824 1.88462
2825 1.94118
2826 1.79412
2827 1.64706
2828 1.61538
2829 1.85294
2830 1.70588
2831 1.55882
2832 2.14286
2833 1.98305
2834 1.79661
2835 1.61017
2836 2.2
2837 2.04651
2838 1.90698
2839 1.76744
2840 2
2841 1.96512
2842 1.82558
2843 1.68605
2844 1.8
2845 1.88372
2846 1.74419
2847 1.60465
2848 1.78571
2849 1.9322
2850 1.74576
2851 1.55932
2852 2.1
2853 2.02326
2854 1.88372
2855 1.74419
2856 1.9
2857 1.94186
2858 1.80233
2859 1.66279
2860 1.7
2861 1.86047
2862 1.72093
2863 1.5814
2864 1.42857
2865 1.88136
2866 1.69492
2867 1.50847
2868 2
2869 2
2870 1.86047
2871 1.72093
2872 1.8
2873 1.9186
2874 1.77907
2875 1.63953
2876 1.6
2877 1.83721
2878 1.69767
2879 1.55814
2880 2
2881 1.92857
2882 1.71429
2883 1.5
2884 2.17143
2885 2.01163
2886 1.86047
2887 1.7093
2888 1.91429
2889 1.9186
2890 1.76744
2891 1.61628
2892 1.65714
2893 1.82558
2894 1.67442
2895 1.52326
2896 2.2
2897 1.97297
2898 1.78378
2899 1.59459
2900 2.2
2901 2.02857
2902 1.88571
2903 1.74286
2904 2
2905 1.94286
2906 1.8
2907 1.65714
2908 1.8
2909 1.85714
2910 1.71429
2911 1.57143
2912 1.9
2913 1.91892
2914 1.72973
2915 1.54054
2916 2.1
2917 2
2918 1.85714
2919 1.71429
2920 1.9
2921 1.91429
2922 1.77143
2923 1.62857
2924 1.7
2925 1.82857
2926 1.68571
2927 1.54286
2928 1.6
2929 1.86486
2930 1.67568
2931 1.48649
2932 2
2933 1.97143
2934 1.82857
2935 1.68571
2936 1.8
2937 1.88571
2938 1.74286
2939 1.6
2940 1.6
2941 1.8
2942 1.65714
2943 1.51429
2944 1.5
2945 1.92857
2946 1.71429
2947 1.5
2948 2.14286
2949 2.03488
2950 1.88372
2951 1.73256
2952 1.88571
2953 1.94186
2954 1.7907
2955 1.63953
2956 1.62857
2957 1.84884
2958 1.69767
2959 1.54651
2960 2.1
2961 1.98649
2962 1.7973
2963 1.60811
2964 2.2
2965 2.05714
2966 1.91429
2967 1.77143
2968 2
2969 1.97143
2970 1.82857
2971 1.68571
2972 1.8
2973 1.88571
2974 1.74286
2975 1.6
2976 1.8
2977 1.93243
2978 1.74324
2979 1.55405
2980 2.1
2981 2.02857
2982 1.88571
2983 1.74286
2984 1.9
2985 1.94286
2986 1.8
2987 1.65714
2988 1.7
2989 1.85714
2990 1.71429
2991 1.57143
2992 1.5
2993 1.87838
2994 1.68919
2995 1.5
2996 2
2997 2
2998 1.85714
2999 1.71429
3000 1.8
3001 1.91429
3002 1.77143
3003 1.62857
3004 1.6
3005 1.82857
3006 1.68571
3007 1.54286
3008 1
3009 1.92857
3010 1.71429
3011 1.5
3012 2.11429
3013 2.05814
3014 1.90698
3015 1.75581
3016 1.85714
3017 1.96512
3018 1.81395
3019 1.66279
3020 1.6
3021 1.87209
3022 1.72093
3023 1.56977
3024 2
3025 2
3026 1.81081
3027 1.62162
3028 2.2
3029 2.08571
3030 1.94286
3031 1.8
3032 2
3033 2
3034 1.85714
3035 1.71429
3036 1.8
3037 1.91429
3038 1.77143
3039 1.62857
3040 1.7
3041 1.94595
3042 1.75676
3043 1.56757
3044 2.1
3045 2.05714
3046 1.91429
3047 1.77143
3048 1.9
3049 1.97143
3050 1.82857
3051 1.68571
3052 1.7
3053 1.88571
3054 1.74286
3055 1.6
3056 1.4
3057 1.89189
3058 1.7027
3059 1.51351
3060 2
3061 2.02857
3062 1.88571
3063 1.74286
3064 1.8
3065 1.94286
3066 1.8
3067 1.65714
3068 1.6
3069 1.85714
3070 1.71429
3071 1.57143
3072 0
3073 0
3074 0
3075 0
3076 0
3077 2.07143
3078 1.92857
3079 1.78571
3080 0
3081 2
3082 1.85714
3083 1.71429
3084 0
3085 1.92857
3086 1.78571
3087 1.64286
3088 0
3089 2.02632
3090 1.84211
3091 1.65789
3092 2.26923
3093 2.07143
3094 1.92857
3095 1.78571
3096 2.07692
3097 2
3098 1.85714
3099 1.71429
3100 1.88462
3101 1.92857
3102 1.78571
3103 1.64286
3104 0
3105 2
3106 1.81579
3107 1.63158
3108 2.19231
3109 2.07143
3110 1.92857
3111 1.78571
3112 2
3113 2
3114 1.85714
3115 1.71429
3116 1.80769
3117 1.92857
3118 1.78571
3119 1.64286
3120 0
3121 1.97368
3122 1.78947
3123 1.60526
3124 2.11538
3125 2.07143
3126 1.92857
3127 1.78571
3128 1.92308
3129 2
3130 1.85714
3131 1.71429
3132 1.73077
3133 1.92857
3134 1.78571
3135 1.64286
3136 0
3137 1.97368
3138 1.76316
3139 1.55263
3140 2.25
3141 2.0339
3142 1.88136
3143 1.72881
3144 2
3145 1.94915
3146 1.79661
3147 1.64407
3148 1.75
3149 1.86441
3150 1.71186
3151 1.55932
3152 2.35714
3153 2
3154 1.80769
3155 1.61538
3156 2.25714
3157 2.04054
3158 1.89189
3159 1.74324
3160 2.05714
3161 1.95946
3162 1.81081
3163 1.66216
3164 1.85714
3165 1.87838
3166 1.72973
3167 1.58108
3168 2.07143
3169 1.96154
3170 1.76923
3171 1.57692
3172 2.17143
3173 2.02703
3174 1.87838
3175 1.72973
3176 1.97143
3177 1.94595
3178 1.7973
3179 1.64865
3180 1.77143
3181 1.86486
3182 1.71622
3183 1.56757
3184 1.78571
3185 1.92308
3186 1.73077
3187 1.53846
3188 2.08571
3189 2.01351
3190 1.86486
3191 1.71622
3192 1.88571
3193 1.93243
3194 1.78378
3195 1.63514
3196 1.68571
3197 1.85135
3198 1.7027
3199 1.55405
3200 0
3201 2
3202 1.78947
3203 1.57895
3204 2.25
3205 2.08475
3206 1.9322
3207 1.77966
3208 2
3209 2
3210 1.84746
3211 1.69492
3212 1.75
3213 1.91525
3214 1.76271
3215 1.61017
3216 2.28571
3217 2.03846
3218 1.84615
3219 1.65385
3220 2.28571
3221 2.09459
3222 1.94595
3223 1.7973
3224 2.08571
3225 2.01351
3226 1.86486
3227 1.71622
3228 1.88571
3229 1.93243
3230 1.78378
3231 1.63514
3232 2
3233 2
3234 1.80769
3235 1.61538
3236 2.2
3237 2.08108
3238 1.93243
3239 1.78378
3240 2
3241 2
3242 1.85135
3243 1.7027
3244 1.8
3245 1.91892
3246 1.77027
3247 1.62162
3248 1.71429
3249 1.96154
3250 1.76923
3251 1.57692
3252 2.11429
3253 2.06757
3254 1.91892
3255 1.77027
3256 1.91429
3257 1.98649
3258 1.83784
3259 1.68919
3260 1.71429
3261 1.90541
3262 1.75676
3263 1.60811
3264 0
3265 2.02632
3266 1.81579
3267 1.60526
3268 2.25
3269 2.13559
3270 1.98305
3271 1.83051
3272 2
3273 2.05085
3274 1.89831
3275 1.74576
3276 1.75
3277 1.9661
3278 1.81356
3279 1.66102
3280 2.21429
3281 2.07692
3282 1.88462
3283 1.69231
3284 2.31429
3285 2.14865
3286 2
3287 1.85135
3288 2.11429
3289 2.06757
3290 1.91892
3291 1.77027
3292 1.91429
3293 1.98649
3294 1.83784
3295 1.68919
3296 1.92857
3297 2.03846
3298 1.84615
3299 1.65385
3300 2.22857
3301 2.13514
3302 1.98649
3303 1.83784
3304 2.02857
3305 2.05405
3306 1.90541
3307 1.75676
3308 1.82857
3309 1.97297
3310 1.82432
3311 1.67568
3312 1.64286
3313 2
3314 1.80769
3315 1.61538
3316 2.14286
3317 2.12162
3318 1.97297
3319 1.82432
3320 1.94286
3321 2.04054
3322 1.89189
3323 1.74324
3324 1.74286
3325 1.95946
3326 1.81081
3327 1.66216
3328 0
3329 1.92857
3330 1.71429
3331 1.5
3332 2.19231
3333 2
3334 1.85294
3335 1.70588
3336 1.92308
3337 1.91176
3338 1.76471
3339 1.61765
3340 1.65385
3341 1.82353
3342 1.67647
3343 1.52941
3344 2.28571
3345 1.9661
3346 1.77966
3347 1.59322
3348 2.2
3349 2.01163
3350 1.87209
3351 1.73256
3352 2
3353 1.93023
3354 1.7907
3355 1.65116
3356 1.8
3357 1.84884
3358 1.7093
3359 1.56977
3360 1.92841
3361 1.91525
3362 1.72881
3363 1.54237
3364 2.1
3365 1.98837
3366 1.84884
3367 1.7093
3368 1.9
3369 1.90698
3370 1.76744
3371 1.62791
3372 1.7
3373 1.82558
3374 1.68605
3375 1.54651
3376 1.57143
3377 1.86441
3378 1.67797
3379 1.49153
3380 2
3381 1.96512
3382 1.82558
3383 1.68605
3384 1.8
3385 1.88372
3386 1.74419
3387 1.60465
3388 1.6
3389 1.80233
3390 1.66279
3391 1.52326
3392 2.5
3393 1.92857
3394 1.71429
3395 1.5
3396 2.2
3397 1.98837
3398 1.83721
3399 1.68605
3400 1.94286
3401 1.89535
3402 1.74419
3403 1.59302
3404 1.68571
3405 1.80233
3406 1.65116
3407 1.5
3408 2.3
3409 1.95946
3410 1.77027
3411 1.58108
3412 2.2
3413 2
3414 1.85714
3415 1.71429
3416 2
3417 1.91429
3418 1.77143
3419 1.62857
3420 1.8
3421 1.82857
3422 1.68571
3423 1.54286
3424 2
3425 1.90541
3426 1.71622
3427 1.52703
3428 2.1
3429 1.97143
3430 1.82857
3431 1.68571
3432 1.9
3433 1.88571
3434 1.74286
3435 1.6
3436 1.7
3437 1.8
3438 1.65714
3439 1.51429
3440 1.7
3441 1.85135
3442 1.66216
3443 1.47297
3444 2
3445 1.94286
3446 1.8
3447 1.65714
3448 1.8
3449 1.85714
3450 1.71429
3451 1.57143
3452 1.6
3453 1.77143
3454 1.62857
3455 1.48571
3456 2
3457 1.92857
3458 1.71429
3459 1.5
3460 2.17143
3461 2.01163
3462 1.86047
3463 1.7093
3464 1.91429
3465 1.9186
3466 1.76744
3467 1.61628
3468 1.65714
3469 1.82558
3470 1.67442
3471 1.52326
3472 2.2
3473 1.97297
3474 1.78378
3475 1.59459
3476 2.2
3477 2.02857
3478 1.88571
3479 1.74286
3480 2
3481 1.94286
3482 1.8
3483 1.65714
3484 1.8
3485 1.85714
3486 1.71429
3487 1.57143
3488 1.9
3489 1.91892
3490 1.72973
3491 1.54054
3492 2.1
3493 2
3494 1.85714
3495 1.71429
3496 1.9
3497 1.91429
3498 1.77143
3499 1.62857
3500 1.7
3501 1.82857
3502 1.68571
3503 1.54286
3504 1.6
3505 1.86486
3506 1.67568
3507 1.48649
3508 2
3509 1.97143
3510 1.82857
3511 1.68571
3512 1.8
3513 1.88571
3514 1.74286
3515 1.6
3516 1.6
3517 1.8
3518 1.65714
3519 1.51429
3520 1.5
3521 1.92857
3522 1.71429
3523 1.5
3524 2.14286
3525 2.03488
3526 1.88372
3527 1.73256
3528 1.88571
3529 1.94186
3530 1.7907
3531 1.63953
3532 1.62857
3533 1.84884
3534 1.69767
3535 1.54651
3536 2.1
3537 1.98649
3538 1.7973
3539 1.60811
3540 2.2
3541 2.05714
3542 1.91429
3543 1.77143
3544 2
3545 1.97143
3546 1.82857
3547 1.68571
3548 1.8
3549 1.88571
3550 1.74286
3551 1.6
3552 1.8
3553 1.93243
3554 1.74324
3555 1.55405
3556 2.1
3557 2.02857
3558 1.88571
3559 1.74286
3560 1.9
3561 1.94286
3562 1.8
3563 1.65714
3564 1.7
3565 1.85714
3566 1.71429
3567 1.57143
3568 1.5
3569 1.87838
3570 1.68919
3571 1.5
3572 2
3573 2
3574 1.85714
3575 1.71429
3576 1.8
3577 1.91429
3578 1.77143
3579 1.62857
3580 1.6
3581 1.82857
3582 1.68571
3583 1.54286
3584 0
3585 2
3586 1.78571
3587 1.57143
3588 2.26923
3589 2.08824
3590 1.94118
3591 1.79412
3592 2
3593 2
3594 1.85294
3595 1.70588
3596 1.73077
3597 1.91176
3598 1.76471
3599 1.61765
3600 2.35714
3601 2.05085
3602 1.86441
3603 1.67797
3604 2.3
3605 2.10465
3606 1.96512
3607 1.82558
3608 2.1
3609 2.02326
3610 1.88372
3611 1.74419
3612 1.9
3613 1.94186
3614 1.80233
3615 1.66279
3616 1.99989
3617 2
3618 1.81356
3619 1.62712
3620 2.2
3621 2.0814
3622 1.94186
3623 1.80233
3624 2
3625 2
3626 1.86047
3627 1.72093
3628 1.8
3629 1.9186
3630 1.77907
3631 1.63953
3632 1.64286
3633 1.94915
3634 1.76271
3635 1.57627
3636 2.1
3637 2.05814
3638 1.9186
3639 1.77907
3640 1.9
3641 1.97674
3642 1.83721
3643 1.69767
3644 1.7
3645 1.89535
3646 1.75581
3647 1.61628
3648 2.5
3649 2
3650 1.78571
3651 1.57143
3652 2.28571
3653 2.06977
3654 1.9186
3655 1.76744
3656 2.02857
3657 1.97674
3658 1.82558
3659 1.67442
3660 1.77143
3661 1.88372
3662 1.73256
3663 1.5814
3664 2.4
3665 2.04054
3666 1.85135
3667 1.66216
3668 2.3
3669 2.08571
3670 1.94286
3671 1.8
3672 2.1
3673 2
3674 1.85714
3675 1.71429
3676 1.9
3677 1.91429
3678 1.77143
3679 1.62857
3680 2.1
3681 1.98649
3682 1.7973
3683 1.60811
3684 2.2
3685 2.05714
3686 1.91429
3687 1.77143
3688 2
3689 1.97143
3690 1.82857
3691 1.68571
3692 1.8
3693 1.88571
3694 1.74286
3695 1.6
3696 1.8
3697 1.93243
3698 1.74324
3699 1.55405
3700 2.1
3701 2.02857
3702 1.88571
3703 1.74286
3704 1.9
3705 1.94286
3706 1.8
3707 1.65714
3708 1.7
3709 1.85714
3710 1.71429
3711 1.57143
3712 2
3713 2
3714 1.78571
3715 1.57143
3716 2.25714
3717 2.09302
3718 1.94186
3719 1.7907
3720 2
3721 2
3722 1.84884
3723 1.69767
3724 1.74286
3725 1.90698
3726 1.75581
3727 1.60465
3728 2.3
3729 2.05405
3730 1.86486
3731 1.67568
3732 2.3
3733 2.11429
3734 1.97143
3735 1.82857
3736 2.1
3737 2.02857
3738 1.88571
3739 1.74286
3740 1.9
3741 1.94286
3742 1.8
3743 1.65714
3744 2
3745 2
3746 1.81081
3747 1.62162
3748 2.2
3749 2.08571
3750 1.94286
3751 1.8
3752 2
3753 2
3754 1.85714
3755 1.71429
3756 1.8
3757 1.91429
3758 1.77143
3759 1.62857
3760 1.7
3761 1.94595
3762 1.75676
3763 1.56757
3764 2.1
3765 2.05714
3766 1.91429
3767 1.77143
3768 1.9
3769 1.97143
3770 1.82857
3771 1.68571
3772 1.7
3773 1.88571
3774 1.74286
3775 1.6
3776 1.5
3777 2
3778 1.78571
3779 1.57143
3780 2.22857
3781 2.11628
3782 1.96512
3783 1.81395
3784 1.97143
3785 2.02326
3786 1.87209
3787 1.72093
3788 1.71429
3789 1.93023
3790 1.77907
3791 1.62791
3792 2.2
3793 2.06757
3794 1.87838
3795 1.68919
3796 2.3
3797 2.14286
3798 2
3799 1.85714
3800 2.1
3801 2.05714
3802 1.91429
3803 1.77143
3804 1.9
3805 1.97143
3806 1.82857
3807 1.68571
3808 1.9
3809 2.01351
3810 1.82432
3811 1.63514
3812 2.2
3813 2.11429
3814 1.97143
3815 1.82857
3816 2
3817 2.02857
3818 1.88571
3819 1.74286
3820 1.8
3821 1.94286
3822 1.8
3823 1.65714
3824 1.6
3825 1.95946
3826 1.77027
3827 1.58108
3828 2.1
3829 2.08571
3830 1.94286
3831 1.8
3832 1.9
3833 2
3834 1.85714
3835 1.71429
3836 1.7
3837 1.91429
3838 1.77143
3839 1.62857
3840 0
3841 2.07143
3842 1.85714
3843 1.64286
3844 2.34615
3845 2.17647
3846 2.02941
3847 1.88235
3848 2.07692
3849 2.08824
3850 1.94118
3851 1.79412
3852 1.80769
3853 2
3854 1.85294
3855 1.70588
3856 2.42857
3857 2.13559
3858 1.94915
3859 1.76271
3860 2.4
3861 2.19767
3862 2.05814
3863 1.9186
3864 2.2
3865 2.11628
3866 1.97674
3867 1.83721
3868 2
3869 2.03488
3870 1.89535
3871 1.75581
3872 2.07136
3873 2.08475
3874 1.89831
3875 1.71186
3876 2.3
3877 2.17442
3878 2.03488
3879 1.89535
3880 2.1
3881 2.09302
3882 1.95349
3883 1.81395
3884 1.9
3885 2.01163
3886 1.87209
3887 1.73256
3888 1.71429
3889 2.0339
3890 1.84746
3891 1.66102
3892 2.2
3893 2.15116
3894 2.01163
3895 1.87209
3896 2
3897 2.06977
3898 1.93023
3899 1.7907
3900 1.8
3901 1.98837
3902 1.84884
3903 1.7093
3904 2.5
3905 2.07143
3906 1.85714
3907 1.64286
3908 2.37143
3909 2.15116
3910 2
3911 1.84884
3912 2.11429
3913 2.05814
3914 1.90698
3915 1.75581
3916 1.85714
3917 1.96512
3918 1.81395
3919 1.66279
3920 2.5
3921 2.12162
3922 1.93243
3923 1.74324
3924 2.4
3925 2.17143
3926 2.02857
3927 1.88571
3928 2.2
3929 2.08571
3930 1.94286
3931 1.8
3932 2
3933 2
3934 1.85714
3935 1.71429
3936 2.2
3937 2.06757
3938 1.87838
3939 1.68919
3940 2.3
3941 2.14286
3942 2
3943 1.85714
3944 2.1
3945 2.05714
3946 1.91429
3947 1.77143
3948 1.9
3949 1.97143
3950 1.82857
3951 1.68571
3952 1.9
3953 2.01351
3954 1.82432
3955 1.63514
3956 2.2
3957 2.11429
3958 1.97143
3959 1.82857
3960 2
3961 2.02857
3962 1.88571
3963 1.74286
3964 1.8
3965 1.94286
3966 1.8
3967 1.65714
3968 2
3969 2.07143
3970 1.85714
3971 1.64286
3972 2.34286
3973 2.17442
3974 2.02326
3975 1.87209
3976 2.08571
3977 2.0814
3978 1.93023
3979 1.77907
3980 1.82857
3981 1.98837
3982 1.83721
3983 1.68605
3984 2.4
3985 2.13514
3986 1.94595
3987 1.75676
3988 2.4
3989 2.2
3990 2.05714
3991 1.91429
3992 2.2
3993 2.11429
3994 1.97143
3995 1.82857
3996 2
3997 2.02857
3998 1.88571
3999 1.74286
4000 2.1
4001 2.08108
4002 1.89189
4003 1.7027
4004 2.3
4005 2.17143
4006 2.02857
4007 1.88571
4008 2.1
4009 2.08571
4010 1.94286
4011 1.8
4012 1.9
4013 2
4014 1.85714
4015 1.71429
4016 1.8
4017 2.02703
4018 1.83784
4019 1.64865
4020 2.2
4021 2.14286
4022 2
4023 1.85714
4024 2
4025 2.05714
4026 1.91429
4027 1.77143
4028 1.8
4029 1.97143
4030 1.82857
4031 1.68571
4032 1.5
4033 2.07143
4034 1.85714
4035 1.64286
4036 2.31429
4037 2.19767
4038 2.04651
4039 1.89535
4040 2.05714
4041 2.10465
4042 1.95349
4043 1.80233
4044 1.8
4045 2.01163
4046 1.86047
4047 1.7093
4048 2.3
4049 2.14865
4050 1.95946
4051 1.77027
4052 2.4
4053 2.22857
4054 2.08571
4055 1.94286
4056 2.2
4057 2.14286
4058 2
4059 1.85714
4060 2
4061 2.05714
4062 1.91429
4063 1.77143
4064 2
4065 2.09459
4066 1.90541
4067 1.71622
4068 2.3
4069 2.2
4070 2.05714
4071 1.91429
4072 2.1
4073 2.11429
4074 1.97143
4075 1.82857
4076 1.9
4077 2.02857
4078 1.88571
4079 1.74286
4080 1.7
4081 2.04054
4082 1.85135
4083 1.66216
4084 2.2
4085 2.17143
4086 2.02857
4087 1.88571
4088 2
4089 2.08571
4090 1.94286
4091 1.8
4092 1.8
4093 2
4094 1.85714
4095 1.71429
